1 0.4453125 0.58125 0.059375 0.8097222222222222
1 0.725 0.8638888888888889 0.11666666666666667 0.25
1 0.6942708333333333 0.6152777777777778 0.103125 0.29444444444444445
1 0.6604166666666667 0.3715277777777778 0.10625 0.2986111111111111
0 0.49947916666666664 0.5930555555555556 0.06770833333333333 0.03888888888888889
0 0.4947916666666667 0.48541666666666666 0.07083333333333333 0.029166666666666667
0 0.3171875 0.2902777777777778 0.053125 0.04722222222222222
0 0.24479166666666666 0.16180555555555556 0.0875 0.08472222222222223
0 0.19895833333333332 0.6743055555555556 0.05 0.04583333333333333
0 0.35520833333333335 0.6125 0.029166666666666667 0.016666666666666666
0 0.4005208333333333 0.6868055555555556 0.046875 0.04027777777777778
0 0.7296875 0.37222222222222223 0.078125 0.06111111111111111
