1 0.5838541666666667 0.5180555555555556 0.059375 0.9527777777777777
1 0.4473958333333333 0.6756944444444445 0.030208333333333334 0.6402777777777777
0 0.28125 0.31666666666666665 0.03958333333333333 0.03333333333333333
0 0.2791666666666667 0.35555555555555557 0.0375 0.04722222222222222
0 0.525 0.21805555555555556 0.06666666666666667 0.030555555555555555
0 0.6692708333333334 0.28194444444444444 0.07395833333333333 0.044444444444444446
0 0.5036458333333333 0.7256944444444444 0.06145833333333333 0.029166666666666667
0 0.5526041666666667 0.4083333333333333 0.03229166666666667 0.025
1 0.33645833333333336 0.9048611111111111 0.025 0.18194444444444444
1 0.3411458333333333 0.7756944444444445 0.021875 0.10416666666666667
1 0.3489583333333333 0.68125 0.022916666666666665 0.12361111111111112
1 0.35520833333333335 0.5756944444444444 0.020833333333333332 0.12916666666666668
1 0.8479166666666667 0.8958333333333334 0.09166666666666666 0.19722222222222222
1 0.8145833333333333 0.7354166666666667 0.0875 0.18472222222222223
1 0.7875 0.5618055555555556 0.09166666666666666 0.20416666666666666
1 0.7510416666666667 0.39305555555555555 0.08125 0.18333333333333332
1 0.240625 0.9416666666666667 0.027083333333333334 0.11388888888888889
1 0.246875 0.8534722222222222 0.025 0.13472222222222222
1 0.2609375 0.7777777777777778 0.04895833333333333 0.17777777777777778
1 0.2755208333333333 0.6263888888888889 0.046875 0.21666666666666667
1 0.29583333333333334 0.4479166666666667 0.052083333333333336 0.23194444444444445
1 0.31666666666666665 0.2673611111111111 0.035416666666666666 0.21805555555555556
0 0.3229166666666667 0.45902777777777776 0.029166666666666667 0.02361111111111111
0 0.3375 0.41875 0.04583333333333333 0.05416666666666667
