1 0.4270833333333333 0.5180555555555556 0.05416666666666667 0.95
0 0.3541666666666667 0.3034722222222222 0.13333333333333333 0.04583333333333333
0 0.346875 0.1840277777777778 0.14166666666666666 0.0625
0 0.3927083333333333 0.13194444444444445 0.04375 0.03333333333333333
0 0.3703125 0.11944444444444445 0.08645833333333333 0.03611111111111111
0 0.5239583333333333 0.40902777777777777 0.13333333333333333 0.0625
0 0.51875 0.34097222222222223 0.12708333333333333 0.02638888888888889
1 0.6479166666666667 0.8958333333333334 0.0625 0.18888888888888888
1 0.6317708333333333 0.7354166666666667 0.057291666666666664 0.1625
1 0.6171875 0.5715277777777777 0.05520833333333333 0.20694444444444443
1 0.5984375 0.39444444444444443 0.051041666666666666 0.21388888888888888
1 0.5822916666666667 0.2152777777777778 0.04791666666666667 0.18055555555555555
0 0.6135416666666667 0.23333333333333334 0.0375 0.022222222222222223
0 0.5651041666666666 0.2534722222222222 0.026041666666666668 0.043055555555555555
