1 0.49322916666666666 0.5486111111111112 0.04895833333333333 0.8638888888888889
1 0.7015625 0.7548611111111111 0.084375 0.47638888888888886
0 0.5979166666666667 0.4326388888888889 0.14166666666666666 0.07916666666666666
0 0.5838541666666667 0.2763888888888889 0.10729166666666666 0.05
0 0.44166666666666665 0.17777777777777778 0.09583333333333334 0.05
0 0.4640625 0.07152777777777777 0.08229166666666667 0.034722222222222224
0 0.6104166666666667 0.09861111111111111 0.15833333333333333 0.08333333333333333
0 0.8489583333333334 0.2701388888888889 0.1125 0.02361111111111111
0 0.828125 0.14027777777777778 0.06458333333333334 0.05277777777777778
0 0.07395833333333333 0.08819444444444445 0.1125 0.04861111111111111
0 0.17239583333333333 0.6506944444444445 0.09479166666666666 0.059722222222222225
0 0.37864583333333335 0.7277777777777777 0.065625 0.03611111111111111
