1 0.48802083333333335 0.5180555555555556 0.06145833333333333 0.875
1 0.4744791666666667 0.7854166666666667 0.057291666666666664 0.40694444444444444
0 0.4140625 0.18541666666666667 0.07604166666666666 0.0375
0 0.5432291666666667 0.2881944444444444 0.065625 0.029166666666666667
0 0.5734375 0.43819444444444444 0.12395833333333334 0.05694444444444444
0 0.6359375 0.08194444444444444 0.103125 0.06388888888888888
0 0.5822916666666667 0.10416666666666667 0.10416666666666667 0.08055555555555556
0 0.8182291666666667 0.5194444444444445 0.04895833333333333 0.05277777777777778
0 0.7901041666666667 0.2798611111111111 0.051041666666666666 0.059722222222222225
1 0.7989583333333333 0.775 0.1 0.42777777777777776
1 0.7677083333333333 0.47708333333333336 0.08333333333333333 0.28194444444444444
1 0.7458333333333333 0.26180555555555557 0.08125 0.24861111111111112
0 0.053125 0.08888888888888889 0.07291666666666667 0.041666666666666664
0 0.071875 0.22361111111111112 0.05625 0.016666666666666666
