0 0.5739583333333333 0.5770833333333333 0.08125 0.04583333333333333
0 0.5734375 0.4986111111111111 0.071875 0.030555555555555555
0 0.6671875 0.53125 0.04895833333333333 0.03194444444444444
0 0.3572916666666667 0.4270833333333333 0.05416666666666667 0.03194444444444444
0 0.3453125 0.46458333333333335 0.034375 0.02638888888888889
0 0.2296875 0.5388888888888889 0.12395833333333334 0.05
0 0.18229166666666666 0.6875 0.07083333333333333 0.05555555555555555
0 0.08177083333333333 0.7118055555555556 0.057291666666666664 0.03194444444444444
0 0.10520833333333333 0.6145833333333334 0.04791666666666667 0.04583333333333333
1 0.7364583333333333 0.6694444444444444 0.1 0.5833333333333334
1 0.6348958333333333 0.6576388888888889 0.10729166666666666 0.5736111111111111
1 0.2921875 0.6493055555555556 0.115625 0.6097222222222223
1 0.13697916666666668 0.6645833333333333 0.06354166666666666 0.16527777777777777
1 0.030729166666666665 0.8305555555555556 0.059375 0.1361111111111111
0 0.3640625 0.26319444444444445 0.036458333333333336 0.043055555555555555
0 0.27447916666666666 0.36875 0.065625 0.020833333333333332
0 0.30885416666666665 0.8 0.03229166666666667 0.03611111111111111
0 0.19375 0.5840277777777778 0.075 0.0625
0 0.5755208333333334 0.4013888888888889 0.053125 0.06111111111111111
