1 0.8958333333333334 0.9069444444444444 0.05416666666666667 0.175
1 0.8760416666666667 0.7472222222222222 0.04375 0.17777777777777778
1 0.8546875 0.5583333333333333 0.053125 0.23333333333333334
1 0.8354166666666667 0.34791666666666665 0.052083333333333336 0.24583333333333332
1 0.8130208333333333 0.16041666666666668 0.051041666666666666 0.21805555555555556
1 0.3067708333333333 0.8951388888888889 0.06354166666666666 0.1875
1 0.3255208333333333 0.7354166666666667 0.08020833333333334 0.1736111111111111
1 0.3453125 0.5861111111111111 0.078125 0.16666666666666666
1 0.36354166666666665 0.43194444444444446 0.06666666666666667 0.1527777777777778
1 0.3802083333333333 0.22291666666666668 0.08125 0.28194444444444444
1 0.4041666666666667 0.05625 0.06875 0.09305555555555556
1 0.08802083333333334 0.9055555555555556 0.05520833333333333 0.16944444444444445
