1 0.044270833333333336 0.5368055555555555 0.034375 0.5069444444444444
1 0.10364583333333334 0.4166666666666667 0.026041666666666668 0.19166666666666668
0 0.15260416666666668 0.19236111111111112 0.25729166666666664 0.09583333333333334
0 0.5192708333333333 0.17083333333333334 0.353125 0.08888888888888889
0 0.41770833333333335 0.32222222222222224 0.16458333333333333 0.10833333333333334
0 0.38229166666666664 0.5305555555555556 0.10833333333333334 0.04722222222222222
0 0.38125 0.78125 0.14375 0.0763888888888889
0 0.23125 0.35138888888888886 0.06875 0.04722222222222222
1 0.259375 0.5152777777777777 0.07916666666666666 0.9666666666666667
1 0.20833333333333334 0.6909722222222222 0.0375 0.5958333333333333
1 0.16145833333333334 0.5340277777777778 0.027083333333333334 0.27361111111111114
1 0.40208333333333335 0.6180555555555556 0.03125 0.625
1 0.490625 0.6541666666666667 0.03125 0.6805555555555556
1 0.5682291666666667 0.6381944444444444 0.040625 0.7041666666666667
1 0.9234375 0.5215277777777778 0.06979166666666667 0.9402777777777778
1 0.7703125 0.71875 0.03229166666666667 0.5486111111111112
1 0.6479166666666667 0.4340277777777778 0.029166666666666667 0.34305555555555556
1 0.7020833333333333 0.47708333333333336 0.020833333333333332 0.2013888888888889
1 0.7375 0.4375 0.020833333333333332 0.11666666666666667
1 0.6208333333333333 0.37777777777777777 0.03125 0.24166666666666667
