0 0.07708333333333334 0.7270833333333333 0.15208333333333332 0.06527777777777778
0 0.0765625 0.3472222222222222 0.14270833333333333 0.07777777777777778
0 0.07916666666666666 0.15625 0.13125 0.059722222222222225
1 0.19895833333333332 0.5090277777777777 0.08333333333333333 0.9791666666666666
1 0.12239583333333333 0.6875 0.030208333333333334 0.6166666666666667
1 0.2796875 0.5041666666666667 0.03229166666666667 0.9555555555555556
1 0.39895833333333336 0.4486111111111111 0.035416666666666666 0.8333333333333334
1 0.45729166666666665 0.6111111111111112 0.03333333333333333 0.7666666666666667
1 0.7520833333333333 0.5111111111111111 0.13958333333333334 0.9722222222222222
0 0.8989583333333333 0.3159722222222222 0.17916666666666667 0.059722222222222225
0 0.6546875 0.33958333333333335 0.18854166666666666 0.08194444444444444
0 0.8958333333333334 0.4736111111111111 0.18958333333333333 0.16111111111111112
1 0.503125 0.5131944444444444 0.022916666666666665 0.43472222222222223
1 0.5489583333333333 0.38680555555555557 0.029166666666666667 0.2708333333333333
1 0.6015625 0.5409722222222222 0.028125 0.23472222222222222
1 0.6380208333333334 0.7111111111111111 0.034375 0.5222222222222223
1 0.8359375 0.6944444444444444 0.051041666666666666 0.5833333333333334
