1 0.034895833333333334 0.5076388888888889 0.05520833333333333 0.9763888888888889
1 0.175 0.33055555555555555 0.04791666666666667 0.6111111111111112
1 0.2296875 0.5111111111111111 0.04479166666666667 0.9694444444444444
1 0.2875 0.42569444444444443 0.03125 0.7819444444444444
0 0.48385416666666664 0.09166666666666666 0.090625 0.08055555555555556
0 0.5619791666666667 0.21944444444444444 0.24895833333333334 0.1111111111111111
0 0.5640625 0.34652777777777777 0.25729166666666664 0.09305555555555556
0 0.628125 0.5868055555555556 0.40208333333333335 0.1763888888888889
1 0.39375 0.5076388888888889 0.06666666666666667 0.9458333333333333
1 0.521875 0.5354166666666667 0.04375 0.9152777777777777
1 0.6661458333333333 0.4798611111111111 0.053125 0.8375
1 0.8010416666666667 0.37222222222222223 0.035416666666666666 0.5944444444444444
1 0.9484375 0.46319444444444446 0.04479166666666667 0.5680555555555555
