0 0.5598958333333334 0.21875 0.271875 0.11527777777777778
0 0.5479166666666667 0.3326388888888889 0.2604166666666667 0.09583333333333334
0 0.6078125 0.575 0.3802083333333333 0.17222222222222222
1 0.028125 0.5034722222222222 0.05416666666666667 0.9819444444444444
1 0.17291666666666666 0.35 0.04375 0.6166666666666667
1 0.22552083333333334 0.5034722222222222 0.10729166666666666 0.9736111111111111
1 0.5119791666666667 0.5138888888888888 0.046875 0.9416666666666667
1 0.659375 0.475 0.08958333333333333 0.85
1 0.7989583333333333 0.37430555555555556 0.0375 0.5847222222222223
1 0.9572916666666667 0.31527777777777777 0.041666666666666664 0.3472222222222222
1 0.9411458333333333 0.46458333333333335 0.053125 0.5986111111111111
0 0.46458333333333335 0.07916666666666666 0.09375 0.07222222222222222
1 0.3796875 0.4979166666666667 0.06979166666666667 0.9736111111111111
