0 0.08072916666666667 0.06388888888888888 0.10520833333333333 0.058333333333333334
0 0.16822916666666668 0.21180555555555555 0.28854166666666664 0.1125
0 0.1640625 0.34652777777777777 0.2947916666666667 0.08194444444444444
0 0.2203125 0.5798611111111112 0.4239583333333333 0.1486111111111111
1 0.0375 0.49444444444444446 0.0375 0.9222222222222223
1 0.14895833333333333 0.5111111111111111 0.05625 0.9555555555555556
1 0.31302083333333336 0.4597222222222222 0.051041666666666666 0.875
1 0.44895833333333335 0.33055555555555555 0.027083333333333334 0.6111111111111112
1 0.5708333333333333 0.4576388888888889 0.05 0.4930555555555556
1 0.61875 0.5159722222222223 0.04791666666666667 0.9486111111111111
1 0.703125 0.3861111111111111 0.04583333333333333 0.675
1 0.7369791666666666 0.35555555555555557 0.040625 0.5777777777777777
1 0.8114583333333333 0.5201388888888889 0.075 0.9347222222222222
1 0.8614583333333333 0.35 0.05 0.5861111111111111
1 0.9442708333333333 0.4486111111111111 0.059375 0.775
