1 0.11302083333333333 0.5138888888888888 0.08020833333333334 0.9638888888888889
1 0.2484375 0.3284722222222222 0.036458333333333336 0.5958333333333333
1 0.31197916666666664 0.5055555555555555 0.08854166666666667 0.9666666666666667
1 0.4546875 0.5083333333333333 0.06145833333333333 0.9722222222222222
1 0.7333333333333333 0.46597222222222223 0.03125 0.8819444444444444
1 0.8703125 0.3597222222222222 0.034375 0.6305555555555555
1 0.8203125 0.24444444444444444 0.028125 0.41944444444444445
0 0.5302083333333333 0.16597222222222222 0.08333333333333333 0.05138888888888889
0 0.6119791666666666 0.29930555555555555 0.240625 0.09583333333333334
0 0.6125 0.41805555555555557 0.25416666666666665 0.09166666666666666
0 0.6671875 0.6569444444444444 0.37604166666666666 0.16666666666666666
0 0.5822916666666667 0.6666666666666666 0.19375 0.1527777777777778
1 0.6104166666666667 0.34305555555555556 0.04375 0.6166666666666667
1 0.5828125 0.5152777777777777 0.03229166666666667 0.9444444444444444
