1 0.06145833333333333 0.4583333333333333 0.06041666666666667 0.7833333333333333
1 0.17604166666666668 0.5263888888888889 0.06041666666666667 0.9027777777777778
1 0.25364583333333335 0.5090277777777777 0.07395833333333333 0.8458333333333333
0 0.58125 0.625 0.29583333333333334 0.08888888888888889
1 0.3885416666666667 0.5159722222222223 0.11458333333333333 0.9458333333333333
1 0.5010416666666667 0.3138888888888889 0.0375 0.5527777777777778
1 0.565625 0.5076388888888889 0.058333333333333334 0.9541666666666667
1 0.6375 0.5090277777777777 0.09375 0.9430555555555555
1 0.7359375 0.3034722222222222 0.051041666666666666 0.5097222222222222
1 0.8083333333333333 0.32708333333333334 0.04375 0.5402777777777777
1 0.8828125 0.5152777777777777 0.06145833333333333 0.9277777777777778
1 0.94375 0.39375 0.04583333333333333 0.6569444444444444
