1 0.0265625 0.36180555555555555 0.03229166666666667 0.6708333333333333
1 0.0890625 0.3402777777777778 0.030208333333333334 0.3277777777777778
1 0.1609375 0.3076388888888889 0.028125 0.5430555555555555
1 0.296875 0.38333333333333336 0.041666666666666664 0.6833333333333333
1 0.39947916666666666 0.5347222222222222 0.05520833333333333 0.9194444444444444
1 0.45416666666666666 0.42986111111111114 0.052083333333333336 0.7458333333333333
1 0.5651041666666666 0.5097222222222222 0.09270833333333334 0.9611111111111111
1 0.7145833333333333 0.46111111111111114 0.03958333333333333 0.8333333333333334
1 0.7661458333333333 0.5069444444444444 0.06354166666666666 0.9472222222222222
1 0.9671875 0.34791666666666665 0.034375 0.5069444444444444
0 0.6817708333333333 0.4666666666666667 0.184375 0.06388888888888888
1 0.19791666666666666 0.33194444444444443 0.03958333333333333 0.5138888888888888
