1 0.026041666666666668 0.3645833333333333 0.04583333333333333 0.5958333333333333
1 0.0859375 0.3298611111111111 0.026041666666666668 0.3486111111111111
1 0.15989583333333332 0.2972222222222222 0.040625 0.5361111111111111
1 0.2 0.3548611111111111 0.035416666666666666 0.4791666666666667
1 0.290625 0.3798611111111111 0.05416666666666667 0.7041666666666667
1 0.39427083333333335 0.5138888888888888 0.051041666666666666 0.9083333333333333
1 0.4546875 0.4305555555555556 0.05520833333333333 0.7722222222222223
1 0.5661458333333333 0.5020833333333333 0.09270833333333334 0.9763888888888889
0 0.6765625 0.46944444444444444 0.196875 0.06944444444444445
1 0.7109375 0.4673611111111111 0.053125 0.8513888888888889
1 0.7630208333333334 0.5041666666666667 0.07395833333333333 0.9694444444444444
1 0.9661458333333334 0.3298611111111111 0.03854166666666667 0.4986111111111111
