1 0.2234375 0.41458333333333336 0.04895833333333333 0.7958333333333333
1 0.6463541666666667 0.30416666666666664 0.040625 0.5666666666666667
1 0.6953125 0.3770833333333333 0.042708333333333334 0.7347222222222223
1 0.7901041666666667 0.49722222222222223 0.08645833333333333 0.9694444444444444
1 0.859375 0.5041666666666667 0.08541666666666667 0.9527777777777777
1 0.503125 0.49930555555555556 0.09166666666666666 0.9791666666666666
0 0.5625 0.08958333333333333 0.07708333333333334 0.0625
0 0.6005208333333333 0.4340277777777778 0.13020833333333334 0.0763888888888889
0 0.6213541666666667 0.6111111111111112 0.18020833333333333 0.10833333333333334
0 0.3671875 0.13194444444444445 0.190625 0.09722222222222222
1 0.05572916666666667 0.32708333333333334 0.03229166666666667 0.5486111111111112
1 0.13489583333333333 0.44027777777777777 0.04895833333333333 0.4222222222222222
