1 0.0515625 0.34097222222222223 0.042708333333333334 0.48194444444444445
1 0.13489583333333333 0.4111111111111111 0.03854166666666667 0.48333333333333334
1 0.215625 0.4263888888888889 0.041666666666666664 0.7916666666666666
1 0.4901041666666667 0.4986111111111111 0.08645833333333333 0.9555555555555556
0 0.34479166666666666 0.12638888888888888 0.17916666666666667 0.11666666666666667
0 0.559375 0.08472222222222223 0.10416666666666667 0.06666666666666667
0 0.7729166666666667 0.10138888888888889 0.09583333333333334 0.04722222222222222
0 0.5838541666666667 0.4236111111111111 0.13229166666666667 0.08333333333333333
1 0.6427083333333333 0.28680555555555554 0.022916666666666665 0.47638888888888886
1 0.6901041666666666 0.3277777777777778 0.034375 0.5805555555555556
1 0.78125 0.49930555555555556 0.0875 0.9319444444444445
1 0.8505208333333333 0.5048611111111111 0.07604166666666666 0.9541666666666667
