1 0.4505208333333333 0.51875 0.134375 0.9513888888888888
1 0.35052083333333334 0.5055555555555555 0.09270833333333334 0.9777777777777777
1 0.6484375 0.5076388888888889 0.071875 0.9402777777777778
1 0.0296875 0.3020833333333333 0.04479166666666667 0.5541666666666667
1 0.11145833333333334 0.2923611111111111 0.03125 0.3125
1 0.16875 0.275 0.0375 0.46944444444444444
1 0.271875 0.32013888888888886 0.04583333333333333 0.6041666666666666
1 0.9541666666666667 0.4354166666666667 0.06041666666666667 0.8125
0 0.7 0.26458333333333334 0.3645833333333333 0.13472222222222222
0 0.31927083333333334 0.18263888888888888 0.15520833333333334 0.10416666666666667
