1 0.4942708333333333 0.5020833333333333 0.14479166666666668 0.9763888888888889
1 0.1765625 0.2722222222222222 0.03854166666666667 0.48333333333333334
1 0.03333333333333333 0.30625 0.04583333333333333 0.5569444444444445
1 0.2791666666666667 0.3333333333333333 0.035416666666666666 0.6333333333333333
1 0.3307291666666667 0.45416666666666666 0.03854166666666667 0.7277777777777777
1 0.3692708333333333 0.5034722222222222 0.090625 0.9819444444444444
1 0.6375 0.5083333333333333 0.052083333333333336 0.975
1 0.9578125 0.4527777777777778 0.06770833333333333 0.8305555555555556
0 0.7359375 0.27569444444444446 0.353125 0.14583333333333334
1 0.7619791666666667 0.3972222222222222 0.03854166666666667 0.4583333333333333
