1 0.07604166666666666 0.5104166666666666 0.11041666666666666 0.9652777777777778
1 0.24479166666666666 0.50625 0.1 0.9625
0 0.3723958333333333 0.7152777777777778 0.20520833333333333 0.18333333333333332
0 0.44583333333333336 0.6895833333333333 0.35 0.11805555555555555
0 0.41041666666666665 0.4513888888888889 0.25625 0.09166666666666666
0 0.396875 0.33611111111111114 0.24166666666666667 0.09444444444444444
0 0.3229166666666667 0.19027777777777777 0.08541666666666667 0.058333333333333334
0 0.38958333333333334 0.09375 0.20208333333333334 0.12083333333333333
1 0.3921875 0.31875 0.034375 0.5708333333333333
1 0.3260416666666667 0.3277777777777778 0.05625 0.5444444444444444
1 0.5151041666666667 0.45208333333333334 0.04479166666666667 0.8375
1 0.6395833333333333 0.35 0.03125 0.6083333333333333
1 0.8270833333333333 0.5131944444444444 0.03958333333333333 0.9541666666666667
1 0.90625 0.3861111111111111 0.05625 0.7083333333333334
1 0.9458333333333333 0.3645833333333333 0.041666666666666664 0.6458333333333334
1 0.7869791666666667 0.27708333333333335 0.030208333333333334 0.44027777777777777
