Landing point: X Y Z YAW ROLL
21.285835934470292 93.3691970339022 -13.357134238830668 0.15152519052016009 -0.6449077493406169
Points: X Y Z
-0.2423857522112493 93.48763576164076 -13.26530612244898
0.4744776428771051 93.48763576164076 -12.346938775510203
0.5729888162147966 92.85596254703508 -13.074324324324325
16.143063278379707 93.48763576164076 -13.571428571428571
17.458027973498602 92.85596254703508 -13.074324324324325
17.884017237879995 93.48763576164076 -15.204081632653061
17.98642629432119 93.48763576164076 -12.448979591836736
18.088835350762384 93.48763576164076 -13.673469387755102
19.624971197380287 93.48763576164076 -13.16326530612245
19.624971197380287 93.48763576164076 -13.36734693877551
33.65501192982379 93.48763576164076 -13.775510204081634
34.851652647568066 92.85596254703508 -12.871621621621621
35.90801117153005 93.48763576164076 -15.306122448979592
36.112829284412435 93.48763576164076 -12.653061224489797
36.112829284412435 93.48763576164076 -13.46938775510204
36.31764739729482 93.48763576164076 -12.448979591836736
