Landing point: X Y Z YAW ROLL
22.84823804618474 100.22259151950999 -13.357134238830668 0.15152449603370852 -0.6008114091998149
Points: X Y Z
-0.26017711414179373 100.34972377090894 -13.26530612244898
0.5093047867804356 100.34972377090894 -12.346938775510203
0.6150467809195328 99.67168509678118 -13.074324324324325
17.32798062122345 100.34972377090894 -13.571428571428571
18.73946506885799 99.67168509678118 -13.074324324324325
19.19672238060601 100.34972377090894 -15.204081632653061
19.306648366452038 100.34972377090894 -12.448979591836736
19.41657435229807 100.34972377090894 -13.673469387755102
21.065464139988563 100.34972377090894 -13.16326530612245
21.065464139988563 100.34972377090894 -13.36734693877551
36.12532420089505 100.34972377090894 -13.775510204081634
37.40979957028857 99.67168509678118 -12.871621621621621
38.54369588950777 100.34972377090894 -15.306122448979592
38.76354786119983 100.34972377090894 -12.653061224489797
38.76354786119983 100.34972377090894 -13.46938775510204
38.9833998328919 100.34972377090894 -12.448979591836736
