1 0.08645833333333333 0.7284722222222222 0.11875 0.5013888888888889
1 0.11354166666666667 0.38125 0.09166666666666666 0.30416666666666664
1 0.12916666666666668 0.175 0.08125 0.2
1 0.39791666666666664 0.38333333333333336 0.05 0.6
1 0.5510416666666667 0.4909722222222222 0.03333333333333333 0.7791666666666667
0 0.5885416666666666 0.3368055555555556 0.052083333333333336 0.04583333333333333
0 0.56875 0.21041666666666667 0.022916666666666665 0.02638888888888889
0 0.5296875 0.15833333333333333 0.036458333333333336 0.041666666666666664
0 0.6098958333333333 0.04722222222222222 0.096875 0.06944444444444445
1 0.5515625 0.0798611111111111 0.026041666666666668 0.13472222222222222
1 0.21510416666666668 0.6423611111111112 0.034375 0.20416666666666666
1 0.22916666666666666 0.4861111111111111 0.025 0.15
