0 0.3880208333333333 0.6375 0.040625 0.03611111111111111
1 0.4192708333333333 0.6604166666666667 0.040625 0.3486111111111111
1 0.2734375 0.6 0.040625 0.1527777777777778
1 0.5833333333333334 0.5770833333333333 0.0875 0.7680555555555556
1 0.8807291666666667 0.7590277777777777 0.12395833333333334 0.4236111111111111
0 0.11041666666666666 0.3840277777777778 0.041666666666666664 0.0125
0 0.2552083333333333 0.45902777777777776 0.05 0.020833333333333332
0 0.2635416666666667 0.5479166666666667 0.03125 0.020833333333333332
0 0.8713541666666667 0.4638888888888889 0.078125 0.05
1 0.8276041666666667 0.4965277777777778 0.05520833333333333 0.12638888888888888
0 0.6786458333333333 0.20277777777777778 0.06979166666666667 0.05
1 0.2598958333333333 0.7611111111111111 0.057291666666666664 0.20277777777777778
1 0.23802083333333332 0.9076388888888889 0.07604166666666666 0.1625
