1 0.0515625 0.9097222222222222 0.103125 0.14722222222222223
1 0.078125 0.6972222222222222 0.12708333333333333 0.2861111111111111
1 0.1140625 0.4840277777777778 0.10104166666666667 0.18194444444444444
1 0.14322916666666666 0.31875 0.10520833333333333 0.17916666666666667
1 0.1640625 0.18680555555555556 0.07604166666666666 0.1125
1 0.18072916666666666 0.07916666666666666 0.09479166666666666 0.12777777777777777
0 0.28802083333333334 0.4270833333333333 0.05520833333333333 0.043055555555555555
1 0.5223958333333333 0.5631944444444444 0.04479166666666667 0.7958333333333333
1 0.7104166666666667 0.7354166666666667 0.0375 0.3736111111111111
1 0.696875 0.42569444444444443 0.0375 0.2902777777777778
1 0.6791666666666667 0.16527777777777777 0.041666666666666664 0.2611111111111111
1 0.9135416666666667 0.11666666666666667 0.06666666666666667 0.20833333333333334
1 0.9286458333333333 0.27708333333333335 0.078125 0.17916666666666667
1 0.9473958333333333 0.3958333333333333 0.06979166666666667 0.10277777777777777
1 0.9619791666666667 0.4909722222222222 0.06770833333333333 0.12638888888888888
1 0.971875 0.6409722222222223 0.052083333333333336 0.20416666666666666
1 0.5947916666666667 0.5743055555555555 0.04791666666666667 0.5736111111111111
0 0.6041666666666666 0.3111111111111111 0.03125 0.05277777777777778
