0 0.6390625 0.22083333333333333 0.065625 0.016666666666666666
0 0.6375 0.2513888888888889 0.05625 0.03888888888888889
0 0.6588541666666666 0.28888888888888886 0.084375 0.041666666666666664
0 0.3046875 0.22430555555555556 0.08229166666666667 0.04583333333333333
0 0.17760416666666667 0.32569444444444445 0.12395833333333334 0.05138888888888889
0 0.5239583333333333 0.6097222222222223 0.04583333333333333 0.03888888888888889
0 0.6385416666666667 0.1673611111111111 0.08333333333333333 0.02361111111111111
1 0.571875 0.8548611111111111 0.052083333333333336 0.2791666666666667
1 0.5625 0.6152777777777778 0.05416666666666667 0.23333333333333334
1 0.5489583333333333 0.40069444444444446 0.035416666666666666 0.2375
