1 0.35104166666666664 0.8263888888888888 0.04375 0.12777777777777777
1 0.371875 0.5694444444444444 0.07083333333333333 0.4083333333333333
1 0.3927083333333333 0.28680555555555554 0.06666666666666667 0.19583333333333333
0 0.4348958333333333 0.5576388888888889 0.096875 0.02638888888888889
0 0.41354166666666664 0.6243055555555556 0.0625 0.04861111111111111
0 0.44427083333333334 0.3923611111111111 0.090625 0.02638888888888889
0 0.34791666666666665 0.41458333333333336 0.03333333333333333 0.04861111111111111
1 0.49375 0.6833333333333333 0.025 0.41388888888888886
0 0.4630208333333333 0.4236111111111111 0.07604166666666666 0.030555555555555555
0 0.40677083333333336 0.44513888888888886 0.04895833333333333 0.04861111111111111
0 0.6942708333333333 0.2326388888888889 0.08020833333333334 0.03194444444444444
0 0.6109375 0.24930555555555556 0.065625 0.03194444444444444
0 0.3046875 0.13472222222222222 0.090625 0.041666666666666664
