Landing point: X Y Z YAW ROLL (atan((9−2,25)÷(40−4))=10.62)
16.566150613419232 134.47035375062327 -23.998734078212188 2.5971649910061254 10.455466775115001
Points: X Y Z
-3.7438796608110665 134.7321809505999 -27.5
-3.48284616642592 136.0661629402098 -27.92079207920792
-2.439490531990394 136.0661629402098 -27.92079207920792
-1.843287312312951 136.0661629402098 -28.217821782178216
-1.3961348975548686 136.0661629402098 -27.02970297029703
-1.098033287716147 136.0661629402098 -28.81188118811881
-0.352779263119343 136.0661629402098 -27.178217821782177
-0.352779263119343 136.0661629402098 -27.475247524752476
-0.352779263119343 136.0661629402098 -28.514851485148515
-0.054677653280621415 136.0661629402098 -28.366336633663366
9.904235577740522 116.46341065221348 -21.101694915254235
9.988887163875058 117.45882441847172 -21.282051282051285
10.528827010571005 123.80795006271343 -22.43243243243243
12.302103138667176 144.65981533643358 -26.210526315789473
12.703258675797626 149.37698322783902 -27.065217391304348
13.257469244708446 122.70252193715349 -22.901785714285715
13.359894789461851 136.0661629402098 -25.247524752475247
13.956098009139293 136.0661629402098 -25.099009900990097
14.072703314029505 121.61665891116098 -22.69911504424779
14.105148814058653 136.0661629402098 -24.801980198019802
14.552301228816736 136.0661629402098 -24.059405940594058
14.701352033736097 136.0661629402098 -25.396039603960396
15.744707668171623 136.0661629402098 -24.207920792079207
31.84219459946259 136.0661629402098 -22.871287128712872
31.99124540438195 136.0661629402098 -22.128712871287128
32.12037431110925 134.7321809505999 -22.205882352941174
32.14029620930131 136.0661629402098 -21.683168316831683
32.289347014220674 136.0661629402098 -19.603960396039604
32.289347014220674 136.0661629402098 -20.198019801980198
32.438397819140036 136.0661629402098 -20.94059405940594
32.73649942897875 136.0661629402098 -20.346534653465348
33.03460103881748 136.0661629402098 -21.386138613861384
33.18365184373683 136.0661629402098 -20.198019801980198
33.48175345357556 136.0661629402098 -21.237623762376238
33.63080425849492 136.0661629402098 -20.346534653465348
33.63080425849492 136.0661629402098 -21.534653465346537
34.077956673253 136.0661629402098 -21.831683168316832
