Landing point: X Y Z YAW ROLL
17.38468971168581 96.85253249692214 -29.410138992406434 -0.241731241097325 -1.392882433248393
Points: X Y Z
-3.2193407175141266 96.77945392226191 -28.204225352112676
-2.601571589403357 97.46583302809356 -29.148936170212767
-2.3712206444518484 96.77945392226191 -29.471830985915492
-2.071655871070619 92.85596254703508 -28.074324324324323
-1.7474364803619138 97.46583302809356 -29.04255319148936
-1.629115580522355 96.77945392226191 -27.992957746478872
-1.5339027031015529 97.46583302809356 -28.72340425531915
-1.4271358144713724 97.46583302809356 -29.78723404255319
-1.2136020372110117 97.46583302809356 -28.404255319148938
-1.106835148580831 97.46583302809356 -29.680851063829788
-0.5689654891945067 96.77945392226191 -30.950704225352112
13.849075752864225 96.77945392226191 -28.62676056338028
14.167120780262579 96.77945392226191 -28.838028169014084
14.167120780262579 96.77945392226191 -29.260563380281692
14.684168983921799 100.31155078073861 -29.89051094890511
15.227270871590427 96.77945392226191 -29.366197183098592
15.333285880723214 96.77945392226191 -28.41549295774648
15.333285880723214 96.77945392226191 -28.838028169014084
15.545315898988783 96.77945392226191 -29.788732394366196
15.651330908121567 96.77945392226191 -28.41549295774648
15.97586703224804 97.46583302809356 -29.78723404255319
16.181405953785493 96.77945392226191 -28.41549295774648
16.181405953785493 96.77945392226191 -29.788732394366196
16.181405953785493 96.77945392226191 -30.950704225352112
16.499450981183845 96.77945392226191 -29.366197183098592
16.499450981183845 96.77945392226191 -29.683098591549296
16.60546599031663 96.77945392226191 -28.41549295774648
32.083657323703214 96.77945392226191 -28.838028169014084
32.083657323703214 96.77945392226191 -29.577464788732396
32.490937956272646 96.10267452420413 -30.20979020979021
32.613732369367135 96.77945392226191 -30.739436619718308
32.70148524713776 96.10267452420413 -30.944055944055943
32.738268547186365 97.46583302809356 -31.382978723404257
33.143807415031056 96.77945392226191 -30.845070422535212
33.46185244242941 96.77945392226191 -30.528169014084508
33.67388246069498 96.77945392226191 -28.098591549295776
33.67388246069498 96.77945392226191 -30.211267605633804
33.885912478960556 96.77945392226191 -27.359154929577464
34.070042637760984 96.10267452420413 -28.74125874125874
34.09794249722612 96.77945392226191 -29.788732394366196
35.26410759768675 96.77945392226191 -30.211267605633804
35.58215262508511 96.77945392226191 -30.422535211267604
