1 0.46770833333333334 0.6784722222222223 0.029166666666666667 0.6152777777777778
1 0.6010416666666667 0.6743055555555556 0.07083333333333333 0.6375
0 0.2953125 0.2798611111111111 0.042708333333333334 0.02361111111111111
0 0.684375 0.25069444444444444 0.06875 0.05416666666666667
0 0.534375 0.18611111111111112 0.05416666666666667 0.03888888888888889
0 0.22864583333333333 0.15763888888888888 0.071875 0.029166666666666667
0 0.3151041666666667 0.18819444444444444 0.026041666666666668 0.04027777777777778
0 0.2546875 0.27708333333333335 0.03229166666666667 0.018055555555555554
0 0.2578125 0.20069444444444445 0.034375 0.018055555555555554
0 0.5338541666666666 0.6819444444444445 0.04895833333333333 0.025
1 0.2864583333333333 0.7048611111111112 0.0875 0.4708333333333333
1 0.5864583333333333 0.24791666666666667 0.06875 0.35694444444444445
1 0.38697916666666665 0.29305555555555557 0.030208333333333334 0.2111111111111111
1 0.7276041666666667 0.8326388888888889 0.06354166666666666 0.2625
1 0.371875 0.7013888888888888 0.07291666666666667 0.5527777777777778
