1 0.5203125 0.5111111111111111 0.05520833333333333 0.9472222222222222
1 0.6635416666666667 0.5833333333333334 0.07708333333333334 0.8222222222222222
0 0.6135416666666667 0.4576388888888889 0.15208333333333332 0.043055555555555555
0 0.59375 0.33819444444444446 0.12916666666666668 0.0763888888888889
0 0.6125 0.2763888888888889 0.15625 0.08333333333333333
0 0.6229166666666667 0.26319444444444445 0.06458333333333334 0.04027777777777778
0 0.5864583333333333 0.25763888888888886 0.075 0.034722222222222224
0 0.42864583333333334 0.4513888888888889 0.07395833333333333 0.022222222222222223
0 0.5927083333333333 0.5847222222222223 0.06458333333333334 0.05
0 0.421875 0.49583333333333335 0.07916666666666666 0.03888888888888889
0 0.26614583333333336 0.7333333333333333 0.046875 0.044444444444444446
