1 0.30572916666666666 0.8347222222222223 0.12604166666666666 0.30833333333333335
1 0.31145833333333334 0.5590277777777778 0.12291666666666666 0.28194444444444444
1 0.32916666666666666 0.3638888888888889 0.1125 0.225
1 0.34322916666666664 0.14583333333333334 0.10729166666666666 0.2722222222222222
0 0.43020833333333336 0.14722222222222223 0.1 0.058333333333333334
0 0.5 0.1673611111111111 0.075 0.05694444444444444
0 0.15729166666666666 0.17222222222222222 0.28541666666666665 0.04722222222222222
1 0.8463541666666666 0.8208333333333333 0.06979166666666667 0.3416666666666667
1 0.8208333333333333 0.5298611111111111 0.06875 0.33194444444444443
1 0.7927083333333333 0.20833333333333334 0.06666666666666667 0.37222222222222223
