1 0.45208333333333334 0.5444444444444444 0.04583333333333333 0.8638888888888889
1 0.5692708333333333 0.7847222222222222 0.05520833333333333 0.33611111111111114
1 0.9145833333333333 0.6229166666666667 0.16666666666666666 0.7319444444444444
1 0.7208333333333333 0.8034722222222223 0.06875 0.30972222222222223
1 0.64375 0.7638888888888888 0.058333333333333334 0.33611111111111114
1 0.1984375 0.7555555555555555 0.04895833333333333 0.4527777777777778
0 0.25364583333333335 0.2548611111111111 0.05520833333333333 0.02638888888888889
0 0.3411458333333333 0.1638888888888889 0.06354166666666666 0.03333333333333333
0 0.3854166666666667 0.2902777777777778 0.06875 0.03888888888888889
0 0.17395833333333333 0.12916666666666668 0.05416666666666667 0.05555555555555555
0 0.20104166666666667 0.26666666666666666 0.027083333333333334 0.058333333333333334
0 0.11875 0.2986111111111111 0.03333333333333333 0.03611111111111111
0 0.1203125 0.34652777777777777 0.06354166666666666 0.029166666666666667
