0 0.2791666666666667 0.26458333333333334 0.325 0.05694444444444444
0 0.5197916666666667 0.4861111111111111 0.06666666666666667 0.05277777777777778
0 0.7239583333333334 0.46597222222222223 0.035416666666666666 0.029166666666666667
0 0.80625 0.4513888888888889 0.052083333333333336 0.03611111111111111
1 0.7583333333333333 0.45 0.06041666666666667 0.24722222222222223
1 0.74375 0.23402777777777778 0.06041666666666667 0.21805555555555556
1 0.7765625 0.7034722222222223 0.07395833333333333 0.2763888888888889
1 0.4708333333333333 0.28055555555555556 0.07083333333333333 0.43333333333333335
1 0.4427083333333333 0.7027777777777777 0.10625 0.5916666666666667
0 0.4088541666666667 0.1736111111111111 0.090625 0.075
0 0.440625 0.09861111111111111 0.03125 0.05
0 0.628125 0.2013888888888889 0.14166666666666666 0.08055555555555556
0 0.5369791666666667 0.2263888888888889 0.10104166666666667 0.06944444444444445
