1 0.5307291666666667 0.5027777777777778 0.051041666666666666 0.9583333333333334
0 0.5598958333333334 0.25 0.030208333333333334 0.03888888888888889
0 0.5557291666666667 0.2798611111111111 0.021875 0.02638888888888889
0 0.5619791666666667 0.3034722222222222 0.034375 0.018055555555555554
0 0.5682291666666667 0.3875 0.04479166666666667 0.025
1 0.3703125 0.7576388888888889 0.03229166666666667 0.20416666666666666
1 0.3776041666666667 0.575 0.036458333333333336 0.19444444444444445
1 0.39114583333333336 0.41805555555555557 0.034375 0.16111111111111112
1 0.16614583333333333 0.7972222222222223 0.103125 0.2722222222222222
1 0.19895833333333332 0.5819444444444445 0.10833333333333334 0.24166666666666667
1 0.2140625 0.38819444444444445 0.09895833333333333 0.24861111111111112
0 0.040625 0.5173611111111112 0.0375 0.020833333333333332
