0 0.075 0.12361111111111112 0.12291666666666666 0.06388888888888888
0 0.234375 0.2847222222222222 0.13541666666666666 0.06388888888888888
0 0.19479166666666667 0.38263888888888886 0.08541666666666667 0.08472222222222223
0 0.265625 0.12083333333333333 0.1375 0.07222222222222222
0 0.3859375 0.21319444444444444 0.11770833333333333 0.0375
0 0.4979166666666667 0.39375 0.05416666666666667 0.029166666666666667
0 0.4953125 0.4576388888888889 0.057291666666666664 0.043055555555555555
0 0.528125 0.11319444444444444 0.08333333333333333 0.04027777777777778
0 0.5208333333333334 0.28541666666666665 0.08125 0.034722222222222224
0 0.9192708333333334 0.31666666666666665 0.109375 0.12222222222222222
0 0.7557291666666667 0.1986111111111111 0.11145833333333334 0.06388888888888888
1 0.45260416666666664 0.5277777777777778 0.096875 0.9305555555555556
1 0.7135416666666666 0.5284722222222222 0.13125 0.9236111111111112
1 0.8671875 0.5472222222222223 0.159375 0.875
1 0.050520833333333334 0.6631944444444444 0.09270833333333334 0.6541666666666667
1 0.36770833333333336 0.7881944444444444 0.04791666666666667 0.4152777777777778
1 0.5942708333333333 0.6701388888888888 0.053125 0.6458333333333334
0 0.109375 0.03680555555555556 0.11666666666666667 0.05694444444444444
