1 0.47760416666666666 0.5791666666666667 0.051041666666666666 0.8361111111111111
0 0.2760416666666667 0.5340277777777778 0.06041666666666667 0.02638888888888889
0 0.37135416666666665 0.4326388888888889 0.078125 0.02638888888888889
0 0.4270833333333333 0.28958333333333336 0.041666666666666664 0.0125
0 0.1359375 0.6361111111111111 0.051041666666666666 0.016666666666666666
0 0.7083333333333334 0.34930555555555554 0.0625 0.029166666666666667
0 0.7328125 0.2916666666666667 0.06770833333333333 0.03333333333333333
0 0.7291666666666666 0.2298611111111111 0.13541666666666666 0.03194444444444444
0 0.5640625 0.8423611111111111 0.03854166666666667 0.018055555555555554
0 0.5541666666666667 0.7388888888888889 0.04375 0.027777777777777776
0 0.16510416666666666 0.43680555555555556 0.051041666666666666 0.02638888888888889
