Landing point: X Y Z YAW ROLL
7.470263273074224 151.6275819703441 -14.428100524195735 45.87507049134044 0.397381553306846
Points: X Y Z
-2.9750095675673074 140.23145364246113 -15.612244897959183
-2.2529195951804053 143.1529422600124 -13.75
-1.919299160243382 141.67713873155867 -14.381443298969073
-1.608904700514404 141.67713873155867 -13.45360824742268
9.640190802625254 152.69647174401322 -14.166666666666668
10.25595018120044 154.4121624377662 -14.157303370786517
11.056773764934784 156.1668461018317 -15.511363636363637
11.39891311259059 156.1668461018317 -15.681818181818182
12.425331155558005 156.1668461018317 -14.147727272727273
13.087259029651387 157.961867321393 -14.310344827586206
23.064610980761493 167.5936884995267 -13.536585365853657
