====================== HEADER ======================
Odometry data will folow format (time, x, y, z, yaw)
Landing site: (-1, x, y, z, yaw)
X = left and right
Y = foraward backward
Z = height
=====================================================
('min', -83.00959076340949, 152.53878658557738, 35.4895653396607)
('max', -48.163194889883016, 165.4389749732813, 37.103173208976045)
('dlp', -65.68495367777349, 159.31561208949813, 37.103173208976045, 15.845754970942995)
(0, -67.12900830756837, 10.794196524649934, 58.770329734996636, -3.9458288860876953)
(0.0005095005035400391, -67.12900830756837, 10.794196524649934, 58.770329734996636, -3.9458288860876953)
(0.09151697158813477, -66.93900621548865, 10.544437589744277, 58.97602896932782, -3.877766904294506)
(0.1396479606628418, -66.93900621548865, 10.544437589744277, 58.97602896932782, -3.861093019929396)
(0.18293070793151855, -66.93900621548865, 10.544437589744277, 58.97602896932782, -3.861093019929396)
(0.22572684288024902, -66.93900621548865, 10.544437589744277, 58.97602896932782, -3.861093019929396)
(0.2681851387023926, -66.79953671211413, 10.128003362065286, 59.077860389388306, -3.900483525896103)
(0.3105735778808594, -66.79953671211413, 10.128003362065286, 59.077860389388306, -3.900483525896103)
(0.35349464416503906, -66.79953671211413, 10.128003362065286, 59.077860389388306, -3.886949086209229)
(0.3965342044830322, -66.79953671211413, 10.128003362065286, 59.077860389388306, -3.886949086209229)
(0.4397010803222656, -66.77154685699574, 9.758545878592507, 58.151517500377594, -3.876542877092477)
(0.48306798934936523, -66.77154685699574, 9.758545878592507, 58.151517500377594, -3.876542877092477)
(0.5533685684204102, -66.77154685699574, 9.758545878592507, 58.151517500377594, -3.865128262611786)
(0.6273188591003418, -66.77154685699574, 9.758545878592507, 58.151517500377594, -3.865128262611786)
(0.7039909362792969, -66.62074590996967, 9.146162236862674, 56.07836327783292, -3.839534241635862)
(0.7546865940093994, -66.62074590996967, 9.146162236862674, 56.07836327783292, -3.829959636421803)
(0.7712080478668213, -66.62074590996967, 9.146162236862674, 56.07836327783292, -3.829959636421803)
(0.7887656688690186, -66.62074590996967, 9.146162236862674, 56.07836327783292, -3.829959636421803)
(0.8978211879730225, -66.48710178644474, 8.931729759540255, 53.14566749295777, -3.81573846710414)
(0.9187850952148438, -66.48710178644474, 8.931729759540255, 53.14566749295777, -3.81573846710414)
(1.1085619926452637, -66.71253676068183, 8.638526777161587, 49.766017134246496, -3.850186875198067)
(1.1269285678863525, -66.71253676068183, 8.638526777161587, 49.766017134246496, -3.850186875198067)
(1.148207187652588, -66.71253676068183, 8.638526777161587, 49.766017134246496, -3.850186875198067)
(1.1665995121002197, -66.71253676068183, 8.638526777161587, 49.766017134246496, -3.8549111028318763)
(1.2054193019866943, -66.71253676068183, 8.638526777161587, 49.766017134246496, -3.8549111028318763)
(1.2235543727874756, -66.71253676068183, 8.638526777161587, 49.766017134246496, -3.8549111028318763)
(1.2494263648986816, -66.71253676068183, 8.638526777161587, 49.766017134246496, -3.8549111028318763)
(1.2676455974578857, -66.61373402979238, 8.576427284395097, 46.325686580744616, -3.855712744973225)
(1.2966885566711426, -66.61373402979238, 8.576427284395097, 46.325686580744616, -3.855712744973225)
(1.3358500003814697, -66.61373402979238, 8.576427284395097, 46.325686580744616, -3.855712744973225)
(1.382258415222168, -66.61373402979238, 8.576427284395097, 46.325686580744616, -3.871827091465824)
(1.4208173751831055, -66.61373402979238, 8.576427284395097, 46.325686580744616, -3.871827091465824)
(1.4529705047607422, -66.61373402979238, 8.576427284395097, 46.325686580744616, -3.871827091465824)
(1.4882595539093018, -66.58153803868744, 8.222465405669364, 42.88975485380638, -3.8555731829297644)
(1.5152740478515625, -66.58153803868744, 8.222465405669364, 42.88975485380638, -3.8555731829297644)
(1.5299334526062012, -66.58153803868744, 8.222465405669364, 42.88975485380638, -3.8555731829297644)
(1.5576956272125244, -66.58153803868744, 8.222465405669364, 42.88975485380638, -3.8555731829297644)
(1.5871686935424805, -66.58153803868744, 8.222465405669364, 42.88975485380638, -3.8679646620236774)
(1.6015448570251465, -66.58153803868744, 8.222465405669364, 42.88975485380638, -3.8679646620236774)
(1.617170810699463, -66.58153803868744, 8.222465405669364, 42.88975485380638, -3.8679646620236774)
(1.6310718059539795, -66.60217070473078, 7.520067866945652, 39.37343087994868, -3.8782339294062567)
(1.6705584526062012, -66.60217070473078, 7.520067866945652, 39.37343087994868, -3.8782339294062567)
(1.684859037399292, -66.60217070473078, 7.520067866945652, 39.37343087994868, -3.8782339294062567)
(1.7060258388519287, -66.60217070473078, 7.520067866945652, 39.37343087994868, -3.8782339294062567)
(1.725703239440918, -66.60217070473078, 7.520067866945652, 39.37343087994868, -3.916239493971002)
(1.7399213314056396, -66.60217070473078, 7.520067866945652, 39.37343087994868, -3.916239493971002)
(1.7770848274230957, -66.60217070473078, 7.520067866945652, 39.37343087994868, -3.916239493971002)
(1.8115580081939697, -66.60217070473078, 7.520067866945652, 39.37343087994868, -3.916239493971002)
(1.831512689590454, -66.61086170997177, 6.795824923833161, 36.279039730315205, -3.981524348875044)
(1.8695955276489258, -66.61086170997177, 6.795824923833161, 36.279039730315205, -3.981524348875044)
(1.884401559829712, -66.61086170997177, 6.795824923833161, 36.279039730315205, -3.981524348875044)
(1.9020271301269531, -66.61086170997177, 6.795824923833161, 36.279039730315205, -3.981524348875044)
(1.9203262329101562, -66.61086170997177, 6.795824923833161, 36.279039730315205, -3.981524348875044)
(1.9341516494750977, -66.61086170997177, 6.795824923833161, 36.279039730315205, -4.016725537421291)
(1.960688829421997, -66.61086170997177, 6.795824923833161, 36.279039730315205, -4.016725537421291)
(1.986264944076538, -66.61086170997177, 6.795824923833161, 36.279039730315205, -4.016725537421291)
(2.0021286010742188, -66.61086170997177, 6.795824923833161, 36.279039730315205, -4.016725537421291)
(2.0169687271118164, -66.61086170997177, 6.795824923833161, 36.279039730315205, -4.016725537421291)
(2.0311574935913086, -66.71109455194511, 6.4214164585953535, 33.845518876490225, -4.020160704708294)
(2.0454444885253906, -66.71109455194511, 6.4214164585953535, 33.845518876490225, -4.020160704708294)
(2.073124647140503, -66.71109455194511, 6.4214164585953535, 33.845518876490225, -4.020160704708294)
(2.0871944427490234, -66.71109455194511, 6.4214164585953535, 33.845518876490225, -4.020160704708294)
(2.1026360988616943, -66.71109455194511, 6.4214164585953535, 33.845518876490225, -4.020160704708294)
(2.1203956604003906, -66.71109455194511, 6.4214164585953535, 33.845518876490225, -4.020160704708294)
(2.134222984313965, -66.71109455194511, 6.4214164585953535, 33.845518876490225, -4.038973395221838)
(2.1725542545318604, -66.71109455194511, 6.4214164585953535, 33.845518876490225, -4.038973395221838)
(2.1869683265686035, -66.71109455194511, 6.4214164585953535, 33.845518876490225, -4.038973395221838)
(2.205152988433838, -66.71109455194511, 6.4214164585953535, 33.845518876490225, -4.038973395221838)
(2.219666004180908, -66.71109455194511, 6.4214164585953535, 33.845518876490225, -4.038973395221838)
(2.2335407733917236, -66.75632432261261, 5.470934503997707, 31.538107711919427, -4.05658209989295)
(2.2498691082000732, -66.75632432261261, 5.470934503997707, 31.538107711919427, -4.05658209989295)
(2.296365976333618, -66.75632432261261, 5.470934503997707, 31.538107711919427, -4.05658209989295)
(2.3542981147766113, -66.75632432261261, 5.470934503997707, 31.538107711919427, -4.097536706452771)
(2.3897011280059814, -66.75632432261261, 5.470934503997707, 31.538107711919427, -4.097536706452771)
(2.4226396083831787, -66.75632432261261, 5.470934503997707, 31.538107711919427, -4.097536706452771)
(2.466186285018921, -66.57385202062846, 4.5578132278509775, 29.94107959200807, -4.1235380170101585)
(2.480818033218384, -66.57385202062846, 4.5578132278509775, 29.94107959200807, -4.1235380170101585)
(2.5366733074188232, -66.57385202062846, 4.5578132278509775, 29.94107959200807, -4.173849097436838)
(2.5714223384857178, -66.57385202062846, 4.5578132278509775, 29.94107959200807, -4.173849097436838)
(2.617265462875366, -66.57385202062846, 4.5578132278509775, 29.94107959200807, -4.173849097436838)
(2.8340232372283936, -66.3740943511112, 3.880819394137627, 28.946772983889414, -4.14851542180188)
(3.0653538703918457, -66.00525653852277, 2.832055857636174, 28.93721079420668, -4.147760481598002)
(3.0841310024261475, -66.00525653852277, 2.832055857636174, 28.93721079420668, -4.147760481598002)
(3.102046012878418, -66.00525653852277, 2.832055857636174, 28.93721079420668, -4.147760481598002)
(3.119492530822754, -66.00525653852277, 2.832055857636174, 28.93721079420668, -4.147760481598002)
(3.3035101890563965, -65.66452775618589, 2.840940736702146, 29.784011416760656, -4.125646269104722)
(3.3259589672088623, -65.66452775618589, 2.840940736702146, 29.784011416760656, -4.125646269104722)
(3.3542375564575195, -65.66452775618589, 2.840940736702146, 29.784011416760656, -4.125646269104722)
(3.392793655395508, -65.66452775618589, 2.840940736702146, 29.784011416760656, -4.100955628830647)
(3.4262795448303223, -65.66452775618589, 2.840940736702146, 29.784011416760656, -4.100955628830647)
(3.4610633850097656, -65.54750828202619, 2.6198125633733493, 31.08416323590215, -4.088213502364953)
(3.494826316833496, -65.54750828202619, 2.6198125633733493, 31.08416323590215, -4.088213502364953)
(3.52728009223938, -65.54750828202619, 2.6198125633733493, 31.08416323590215, -4.088213502364953)
(3.5709853172302246, -65.54750828202619, 2.6198125633733493, 31.08416323590215, -4.089763452449782)
(3.6199135780334473, -65.48010613872944, 2.514185474389415, 32.62262620063863, -4.110239181913049)
(3.6669490337371826, -65.48010613872944, 2.514185474389415, 32.62262620063863, -4.110239181913049)
(3.6993706226348877, -65.48010613872944, 2.514185474389415, 32.62262620063863, -4.110239181913049)
(3.723271131515503, -65.48010613872944, 2.514185474389415, 32.62262620063863, -4.110239181913049)
(3.758754014968872, -65.48010613872944, 2.514185474389415, 32.62262620063863, -4.096682094659403)
(3.783210515975952, -65.48010613872944, 2.514185474389415, 32.62262620063863, -4.096682094659403)
(3.800628662109375, -65.48010613872944, 2.514185474389415, 32.62262620063863, -4.096682094659403)
(3.8154220581054688, -65.48010613872944, 2.514185474389415, 32.62262620063863, -4.096682094659403)
(3.833350658416748, -65.45213086639542, 2.337456751302736, 34.19798617221293, -4.077999495929001)
(3.856729745864868, -65.45213086639542, 2.337456751302736, 34.19798617221293, -4.077999495929001)
(3.8712780475616455, -65.45213086639542, 2.337456751302736, 34.19798617221293, -4.077999495929001)
(3.8854312896728516, -65.45213086639542, 2.337456751302736, 34.19798617221293, -4.077999495929001)
(3.8998167514801025, -65.45213086639542, 2.337456751302736, 34.19798617221293, -4.077999495929001)
(3.9148008823394775, -65.45213086639542, 2.337456751302736, 34.19798617221293, -4.077999495929001)
(3.929433584213257, -65.45213086639542, 2.337456751302736, 34.19798617221293, -4.057260110166785)
(3.9435651302337646, -65.45213086639542, 2.337456751302736, 34.19798617221293, -4.057260110166785)
(3.9589569568634033, -65.45213086639542, 2.337456751302736, 34.19798617221293, -4.057260110166785)
(3.976823329925537, -65.45213086639542, 2.337456751302736, 34.19798617221293, -4.057260110166785)
(3.9943599700927734, -65.45213086639542, 2.337456751302736, 34.19798617221293, -4.057260110166785)
(4.009120464324951, -65.45213086639542, 2.337456751302736, 34.19798617221293, -4.057260110166785)
(4.028115510940552, -65.46480523965822, 2.406097997507027, 35.54971800928592, -4.039264629612118)
(4.044000625610352, -65.46480523965822, 2.406097997507027, 35.54971800928592, -4.039264629612118)
(4.545004367828369, -65.8936377277894, 2.79739436193163, 36.91270209538686, -4.020813991735178)
(5.045891046524048, -66.50392760205085, 3.435083480181053, 36.50208623982792, -3.976408188074597, 'fly')
(5.170738697052002, -66.82414150013298, 4.350481109978208, 36.01363914080099, -3.911356455012381, 'fly')
(5.254231214523315, -66.95200560460201, 5.7953334308147975, 35.69162924015283, -1.2338502765090413, 'fly')
(5.303799867630005, -66.95200560460201, 5.7953334308147975, 35.69162924015283, -1.2338502765090413, 'fly')
(5.348010063171387, -66.95200560460201, 5.7953334308147975, 35.69162924015283, -1.2338502765090413, 'fly')
(5.427226781845093, -66.95200560460201, 5.7953334308147975, 35.69162924015283, 1.924479307882757, 'fly')
(5.518878936767578, -66.70492992043478, 7.831237295535658, 35.47611789668688, 5.1600353778783985, 'fly')
(5.586707592010498, -66.70492992043478, 7.831237295535658, 35.47611789668688, 8.309335811492499, 'fly')
(5.635737419128418, -66.70492992043478, 7.831237295535658, 35.47611789668688, 8.309335811492499, 'fly')
(5.679976940155029, -66.51009034021979, 10.965331113588725, 35.66285931938545, 10.908704627517485, 'fly')
(5.7583839893341064, -66.51009034021979, 10.965331113588725, 35.66285931938545, 10.908704627517485, 'fly')
(5.850236415863037, -66.55096973265397, 14.988332951719789, 35.9453694096215, 11.75667477314314, 'fly')
(5.957190275192261, -66.55096973265397, 14.988332951719789, 35.9453694096215, 12.1634043286151, 'fly')
(6.055618524551392, -66.39446033967104, 19.56705057591118, 35.89657080387464, 13.154733551371919, 'fly')
(6.094555377960205, -66.39446033967104, 19.56705057591118, 35.89657080387464, 13.154733551371919, 'fly')
(6.1112377643585205, -66.39446033967104, 19.56705057591118, 35.89657080387464, 13.154733551371919, 'fly')
(6.125839471817017, -66.39446033967104, 19.56705057591118, 35.89657080387464, 13.154733551371919, 'fly')
(6.202950477600098, -66.39446033967104, 19.56705057591118, 35.89657080387464, 14.00428381783998, 'fly')
(6.237760066986084, -66.17690764535485, 24.168800090388178, 36.09161094529148, 14.567549995977005, 'fly')
(6.27685022354126, -66.17690764535485, 24.168800090388178, 36.09161094529148, 14.567549995977005, 'fly')
(6.311484336853027, -66.17690764535485, 24.168800090388178, 36.09161094529148, 14.567549995977005, 'fly')
(6.336953401565552, -66.17690764535485, 24.168800090388178, 36.09161094529148, 15.288922402646337, 'fly')
(6.380546569824219, -66.17690764535485, 24.168800090388178, 36.09161094529148, 15.288922402646337, 'fly')
(6.432549238204956, -65.46537004932212, 29.125840998014926, 36.56215247674768, 15.403864086659707, 'fly')
(6.467809438705444, -65.46537004932212, 29.125840998014926, 36.56215247674768, 15.403864086659707, 'fly')
(6.5093770027160645, -65.46537004932212, 29.125840998014926, 36.56215247674768, 15.403864086659707, 'fly')
(6.545238256454468, -65.46537004932212, 29.125840998014926, 36.56215247674768, 15.745183404967067, 'fly')
(6.568162441253662, -65.46537004932212, 29.125840998014926, 36.56215247674768, 15.745183404967067, 'fly')
(6.604450941085815, -65.46537004932212, 29.125840998014926, 36.56215247674768, 15.745183404967067, 'fly')
(6.626561164855957, -65.46537004932212, 29.125840998014926, 36.56215247674768, 15.745183404967067, 'fly')
(6.642417907714844, -64.5265724142302, 34.048329710188526, 37.167114635292926, 15.985194418173288, 'fly')
(6.661161661148071, -64.5265724142302, 34.048329710188526, 37.167114635292926, 15.985194418173288, 'fly')
(6.68642783164978, -64.5265724142302, 34.048329710188526, 37.167114635292926, 15.985194418173288, 'fly')
(6.703607559204102, -64.5265724142302, 34.048329710188526, 37.167114635292926, 15.985194418173288, 'fly')
(6.7191174030303955, -64.5265724142302, 34.048329710188526, 37.167114635292926, 15.985194418173288, 'fly')
(6.7338879108428955, -64.5265724142302, 34.048329710188526, 37.167114635292926, 15.985194418173288, 'fly')
(6.7872395515441895, -64.5265724142302, 34.048329710188526, 37.167114635292926, 16.12688949696303, 'fly')
(6.830624341964722, -64.5265724142302, 34.048329710188526, 37.167114635292926, 16.12688949696303, 'fly')
(6.872202634811401, -63.4433258829225, 39.35437228852189, 37.50507269237177, 16.08662531291855, 'fly')
(6.917152404785156, -63.4433258829225, 39.35437228852189, 37.50507269237177, 16.08662531291855, 'fly')
(6.955642461776733, -63.4433258829225, 39.35437228852189, 37.50507269237177, 16.00151767517943, 'fly')
(6.976201057434082, -63.4433258829225, 39.35437228852189, 37.50507269237177, 16.00151767517943, 'fly')
(6.9955668449401855, -63.4433258829225, 39.35437228852189, 37.50507269237177, 16.00151767517943, 'fly')
(7.010701656341553, -63.4433258829225, 39.35437228852189, 37.50507269237177, 16.00151767517943, 'fly')
(7.230475902557373, -61.998756610242154, 44.26714492704208, 37.584443732798924, 15.886864597286463, 'fly')
(7.261146068572998, -60.44915480505846, 49.49078369443425, 37.484439070647205, 15.862114140763568, 'fly')
(7.283603191375732, -60.44915480505846, 49.49078369443425, 37.484439070647205, 15.862114140763568, 'fly')
(7.311659336090088, -60.44915480505846, 49.49078369443425, 37.484439070647205, 15.862114140763568, 'fly')
(7.348708629608154, -60.44915480505846, 49.49078369443425, 37.484439070647205, 15.862114140763568, 'fly')
(7.392786979675293, -60.44915480505846, 49.49078369443425, 37.484439070647205, 15.842406077425595, 'fly')
(7.439838171005249, -60.44915480505846, 49.49078369443425, 37.484439070647205, 15.842406077425595, 'fly')
(7.465892314910889, -58.91411253468828, 54.26735814292016, 37.24190029345776, 15.808881473394882, 'fly')
(7.490595817565918, -58.91411253468828, 54.26735814292016, 37.24190029345776, 15.808881473394882, 'fly')
(7.506017446517944, -58.91411253468828, 54.26735814292016, 37.24190029345776, 15.808881473394882, 'fly')
(7.525181770324707, -58.91411253468828, 54.26735814292016, 37.24190029345776, 15.808881473394882, 'fly')
(7.540401458740234, -58.91411253468828, 54.26735814292016, 37.24190029345776, 15.808881473394882, 'fly')
(7.584248065948486, -58.91411253468828, 54.26735814292016, 37.24190029345776, 15.815956219569523, 'fly')
(7.610042333602905, -58.91411253468828, 54.26735814292016, 37.24190029345776, 15.815956219569523, 'fly')
(7.657257318496704, -57.191768609226436, 59.21089095914112, 37.03357774966155, 15.819629572286528, 'fly')
(7.697213649749756, -57.191768609226436, 59.21089095914112, 37.03357774966155, 15.819629572286528, 'fly')
(7.732397079467773, -57.191768609226436, 59.21089095914112, 37.03357774966155, 15.819629572286528, 'fly')
(7.761611700057983, -57.191768609226436, 59.21089095914112, 37.03357774966155, 15.8197111489169, 'fly')
(7.809955835342407, -57.191768609226436, 59.21089095914112, 37.03357774966155, 15.8197111489169, 'fly')
(7.852907657623291, -57.191768609226436, 59.21089095914112, 37.03357774966155, 15.8197111489169, 'fly')
(7.873733043670654, -55.04811066672219, 64.25247125563165, 36.80935252267392, 15.836003704928194, 'fly')
(7.905178546905518, -55.04811066672219, 64.25247125563165, 36.80935252267392, 15.836003704928194, 'fly')
(7.920827150344849, -55.04811066672219, 64.25247125563165, 36.80935252267392, 15.836003704928194, 'fly')
(7.9370176792144775, -55.04811066672219, 64.25247125563165, 36.80935252267392, 15.836003704928194, 'fly')
(7.957077980041504, -55.04811066672219, 64.25247125563165, 36.80935252267392, 15.836003704928194, 'fly')
(7.972442626953125, -55.04811066672219, 64.25247125563165, 36.80935252267392, 15.864423092281536, 'fly')
(8.013412952423096, -55.04811066672219, 64.25247125563165, 36.80935252267392, 15.864423092281536, 'fly')
(8.028794765472412, -55.04811066672219, 64.25247125563165, 36.80935252267392, 15.864423092281536, 'fly')
(8.043627262115479, -55.04811066672219, 64.25247125563165, 36.80935252267392, 15.864423092281536, 'fly')
(8.062627077102661, -55.04811066672219, 64.25247125563165, 36.80935252267392, 15.864423092281536, 'fly')
(8.078645944595337, -53.9079471840549, 69.40751116105045, 36.85070004302748, 15.906151028343972, 'fly')
(8.12683653831482, -53.9079471840549, 69.40751116105045, 36.85070004302748, 15.929784585684532, 'fly')
(8.141819715499878, -53.9079471840549, 69.40751116105045, 36.85070004302748, 15.929784585684532, 'fly')
(8.161102771759033, -53.9079471840549, 69.40751116105045, 36.85070004302748, 15.929784585684532, 'fly')
(8.176303386688232, -53.9079471840549, 69.40751116105045, 36.85070004302748, 15.929784585684532, 'fly')
(8.205180406570435, -53.9079471840549, 69.40751116105045, 36.85070004302748, 15.929784585684532, 'fly')
(8.221007108688354, -53.9079471840549, 69.40751116105045, 36.85070004302748, 15.929784585684532, 'fly')
(8.23715090751648, -52.33478324915367, 74.4080994615013, 36.785988958619626, 15.954469602141176, 'fly')
(8.262004375457764, -52.33478324915367, 74.4080994615013, 36.785988958619626, 15.954469602141176, 'fly')
(8.277252912521362, -52.33478324915367, 74.4080994615013, 36.785988958619626, 15.954469602141176, 'fly')
(8.33719253540039, -52.33478324915367, 74.4080994615013, 36.785988958619626, 15.910438684506113, 'fly')
(8.370429992675781, -52.33478324915367, 74.4080994615013, 36.785988958619626, 15.910438684506113, 'fly')
(8.40358018875122, -52.33478324915367, 74.4080994615013, 36.785988958619626, 15.910438684506113, 'fly')
(8.442009925842285, -51.368348390461826, 79.15093176758027, 37.03328970746593, 15.852403268325647, 'fly')
(8.480893611907959, -51.368348390461826, 79.15093176758027, 37.03328970746593, 15.852403268325647, 'fly')
(8.5011887550354, -51.368348390461826, 79.15093176758027, 37.03328970746593, 15.852403268325647, 'fly')
(8.538509368896484, -51.368348390461826, 79.15093176758027, 37.03328970746593, 15.80658939109316, 'fly')
(8.559017658233643, -51.368348390461826, 79.15093176758027, 37.03328970746593, 15.80658939109316, 'fly')
(8.574470281600952, -51.368348390461826, 79.15093176758027, 37.03328970746593, 15.80658939109316, 'fly')
(8.59060001373291, -51.368348390461826, 79.15093176758027, 37.03328970746593, 15.80658939109316, 'fly')
(8.60567593574524, -51.368348390461826, 79.15093176758027, 37.03328970746593, 15.80658939109316, 'fly')
(8.63571047782898, -51.06332597923, 84.47696728930607, 37.20020229753865, 15.816663026478837, 'fly')
(8.662179470062256, -51.06332597923, 84.47696728930607, 37.20020229753865, 15.816663026478837, 'fly')
(8.67697548866272, -51.06332597923, 84.47696728930607, 37.20020229753865, 15.816663026478837, 'fly')
(8.692601680755615, -51.06332597923, 84.47696728930607, 37.20020229753865, 15.816663026478837, 'fly')
(8.707646608352661, -51.06332597923, 84.47696728930607, 37.20020229753865, 15.816663026478837, 'fly')
(8.722942590713501, -51.06332597923, 84.47696728930607, 37.20020229753865, 15.816663026478837, 'fly')
(8.739030599594116, -51.06332597923, 84.47696728930607, 37.20020229753865, 15.844742402423021, 'fly')
(8.758226871490479, -51.06332597923, 84.47696728930607, 37.20020229753865, 15.844742402423021, 'fly')
(8.774000644683838, -51.06332597923, 84.47696728930607, 37.20020229753865, 15.844742402423021, 'fly')
(8.812235116958618, -51.06332597923, 84.47696728930607, 37.20020229753865, 15.844742402423021, 'fly')
(8.83659029006958, -50.149629105120766, 89.32140447894723, 37.33653546450319, 15.883307178394235, 'fly')
(8.854605436325073, -50.149629105120766, 89.32140447894723, 37.33653546450319, 15.883307178394235, 'fly')
(8.869620323181152, -50.149629105120766, 89.32140447894723, 37.33653546450319, 15.883307178394235, 'fly')
(8.896268129348755, -50.149629105120766, 89.32140447894723, 37.33653546450319, 15.883307178394235, 'fly')
(8.92237663269043, -50.149629105120766, 89.32140447894723, 37.33653546450319, 15.883307178394235, 'fly')
(8.93722915649414, -50.149629105120766, 89.32140447894723, 37.33653546450319, 15.864120510002666, 'fly')
(8.95642375946045, -50.149629105120766, 89.32140447894723, 37.33653546450319, 15.864120510002666, 'fly')
(8.971220254898071, -50.149629105120766, 89.32140447894723, 37.33653546450319, 15.864120510002666, 'fly')
(9.00117039680481, -50.149629105120766, 89.32140447894723, 37.33653546450319, 15.864120510002666, 'fly')
(9.01738691329956, -50.149629105120766, 89.32140447894723, 37.33653546450319, 15.864120510002666, 'fly')
(9.04638409614563, -50.32085701701903, 94.6937590728466, 37.320605856389136, 15.880971067473768, 'fly')
(9.068747520446777, -50.32085701701903, 94.6937590728466, 37.320605856389136, 15.880971067473768, 'fly')
(9.090135335922241, -50.32085701701903, 94.6937590728466, 37.320605856389136, 15.880971067473768, 'fly')
(9.111805200576782, -50.32085701701903, 94.6937590728466, 37.320605856389136, 15.880971067473768, 'fly')
(9.128546714782715, -50.32085701701903, 94.6937590728466, 37.320605856389136, 15.880971067473768, 'fly')
(9.167207717895508, -50.32085701701903, 94.6937590728466, 37.320605856389136, 15.964770218547061, 'fly')
(9.183925151824951, -50.32085701701903, 94.6937590728466, 37.320605856389136, 15.964770218547061, 'fly')
(9.199666976928711, -50.32085701701903, 94.6937590728466, 37.320605856389136, 15.964770218547061, 'fly')
(9.215425252914429, -50.32085701701903, 94.6937590728466, 37.320605856389136, 15.964770218547061, 'fly')
(9.2316312789917, -50.32085701701903, 94.6937590728466, 37.320605856389136, 15.964770218547061, 'fly')
(9.273166418075562, -51.26370687722534, 100.16436194920475, 37.45083368478088, 15.992244942997909, 'fly')
(9.304779052734375, -51.26370687722534, 100.16436194920475, 37.45083368478088, 15.992244942997909, 'fly')
(9.32373571395874, -51.26370687722534, 100.16436194920475, 37.45083368478088, 15.992244942997909, 'fly')
(9.338752746582031, -51.26370687722534, 100.16436194920475, 37.45083368478088, 15.992244942997909, 'fly')
(9.362081289291382, -51.26370687722534, 100.16436194920475, 37.45083368478088, 15.973983014995751, 'fly')
(9.391659021377563, -51.26370687722534, 100.16436194920475, 37.45083368478088, 15.973983014995751, 'fly')
(9.407389402389526, -51.26370687722534, 100.16436194920475, 37.45083368478088, 15.973983014995751, 'fly')
(9.423418521881104, -51.26370687722534, 100.16436194920475, 37.45083368478088, 15.973983014995751, 'fly')
(9.438186645507812, -51.26370687722534, 100.16436194920475, 37.45083368478088, 15.973983014995751, 'fly')
(9.466376066207886, -52.058963465540295, 105.10372136951983, 37.42797791890888, 15.97707865915365, 'fly')
(9.498505592346191, -52.058963465540295, 105.10372136951983, 37.42797791890888, 15.97707865915365, 'fly')
(9.521647930145264, -52.058963465540295, 105.10372136951983, 37.42797791890888, 15.97707865915365, 'fly')
(9.563390731811523, -52.058963465540295, 105.10372136951983, 37.42797791890888, 15.959927119744057, 'fly')
(9.604610681533813, -52.058963465540295, 105.10372136951983, 37.42797791890888, 15.959927119744057, 'fly')
(9.637381553649902, -52.058963465540295, 105.10372136951983, 37.42797791890888, 15.959927119744057, 'fly')
(9.66410207748413, -52.734841457091086, 110.61783971616485, 37.1483668869933, 15.998143318019794, 'fly')
(9.68690276145935, -52.734841457091086, 110.61783971616485, 37.1483668869933, 15.998143318019794, 'fly')
(9.734542846679688, -52.734841457091086, 110.61783971616485, 37.1483668869933, 15.998143318019794, 'fly')
(9.750535249710083, -52.734841457091086, 110.61783971616485, 37.1483668869933, 15.998143318019794, 'fly')
(9.765602111816406, -52.734841457091086, 110.61783971616485, 37.1483668869933, 15.963440519848094, 'fly')
(9.78073000907898, -52.734841457091086, 110.61783971616485, 37.1483668869933, 15.963440519848094, 'fly')
(9.831502199172974, -52.734841457091086, 110.61783971616485, 37.1483668869933, 15.963440519848094, 'fly')
(9.868654251098633, -54.53796658701221, 116.34541647149241, 37.136792771601485, 15.969217955090178, 'fly')
(9.894995212554932, -54.53796658701221, 116.34541647149241, 37.136792771601485, 15.969217955090178, 'fly')
(9.932617902755737, -54.53796658701221, 116.34541647149241, 37.136792771601485, 15.969217955090178, 'fly')
(9.966805219650269, -54.53796658701221, 116.34541647149241, 37.136792771601485, 15.991808338824617, 'fly')
(9.986615896224976, -54.53796658701221, 116.34541647149241, 37.136792771601485, 15.991808338824617, 'fly')
(10.00147533416748, -54.53796658701221, 116.34541647149241, 37.136792771601485, 15.991808338824617, 'fly')
(10.016701221466064, -54.53796658701221, 116.34541647149241, 37.136792771601485, 15.991808338824617, 'fly')
(10.11649751663208, -56.15058829845107, 122.48668223937399, 37.13346944683131, 15.976156600366222, 'fly')
(10.151106119155884, -56.15058829845107, 122.48668223937399, 37.13346944683131, 15.976156600366222, 'fly')
(10.179343461990356, -56.15058829845107, 122.48668223937399, 37.13346944683131, 15.977207096851517, 'fly')
(10.211130619049072, -56.15058829845107, 122.48668223937399, 37.13346944683131, 15.977207096851517, 'fly')
(10.414301872253418, -57.71763370111463, 127.99756057581337, 37.281778109194185, 15.982530683734955, 'fly')
(10.443217039108276, -59.219077941610564, 133.86295011351885, 37.054511886369184, 15.977777366674085, 'fly')
(10.46141266822815, -59.219077941610564, 133.86295011351885, 37.054511886369184, 15.977777366674085, 'fly')
(10.504275560379028, -59.219077941610564, 133.86295011351885, 37.054511886369184, 15.977777366674085, 'fly')
(10.531010389328003, -59.219077941610564, 133.86295011351885, 37.054511886369184, 15.97980555719458, 'fly')
(10.55935001373291, -59.219077941610564, 133.86295011351885, 37.054511886369184, 15.97980555719458, 'fly')
(10.590847253799438, -59.219077941610564, 133.86295011351885, 37.054511886369184, 15.97980555719458, 'fly')
(10.619970321655273, -59.219077941610564, 133.86295011351885, 37.054511886369184, 15.97980555719458, 'fly')
(10.674704313278198, -59.90261015263749, 139.22288086677813, 37.04243587755422, 15.999881243087751, 'fly')
(10.701992988586426, -59.90261015263749, 139.22288086677813, 37.04243587755422, 15.999881243087751, 'fly')
(10.71978759765625, -59.90261015263749, 139.22288086677813, 37.04243587755422, 15.999881243087751, 'fly')
(10.734966039657593, -59.90261015263749, 139.22288086677813, 37.04243587755422, 16.041828772414213, 'fly')
(10.769962787628174, -59.90261015263749, 139.22288086677813, 37.04243587755422, 16.041828772414213, 'fly')
(10.797789573669434, -59.90261015263749, 139.22288086677813, 37.04243587755422, 16.041828772414213, 'fly')
(10.818080425262451, -59.90261015263749, 139.22288086677813, 37.04243587755422, 16.041828772414213, 'fly')
(10.856173038482666, -60.38320740970157, 145.08559584859137, 37.06797585869163, 16.13970111313197, 'fly')
(10.871118068695068, -60.38320740970157, 145.08559584859137, 37.06797585869163, 16.13970111313197, 'fly')
(10.890188694000244, -60.38320740970157, 145.08559584859137, 37.06797585869163, 16.13970111313197, 'fly')
(10.90554928779602, -60.38320740970157, 145.08559584859137, 37.06797585869163, 16.13970111313197, 'fly')
(10.920721292495728, -60.38320740970157, 145.08559584859137, 37.06797585869163, 16.13970111313197, 'fly')
(10.940351009368896, -60.38320740970157, 145.08559584859137, 37.06797585869163, 16.173608976599198, 'fly')
(10.957423448562622, -60.38320740970157, 145.08559584859137, 37.06797585869163, 16.173608976599198, 'fly')
(10.972820281982422, -60.38320740970157, 145.08559584859137, 37.06797585869163, 16.173608976599198, 'fly')
(10.98887038230896, -60.38320740970157, 145.08559584859137, 37.06797585869163, 16.173608976599198, 'fly')
(11.2044837474823, -60.51058574898876, 150.44486579428303, 37.381005413579025, 16.218015574726415, 'fly')
(11.229387998580933, -60.51058574898876, 150.44486579428303, 37.381005413579025, 16.218015574726415, 'fly')
(11.246781349182129, -61.23253364000654, 153.3284426221543, 36.87608376569401, 16.441878551970703, 'fly')
('min', -83.00959076340949, 152.53878658557738, 35.4895653396607)
('max', -48.163194889883016, 165.4389749732813, 37.103173208976045)
('dlp', -65.68495367777349, 159.31561208949813, 37.103173208976045, 15.845754970942995)