====================== HEADER ======================
Odometry data will folow format (time, x, y, z, yaw)
Landing site: (-1, x, y, z, yaw)
X = left and right
Y = foraward backward
Z = height
=====================================================
('min', -197.9833049247458, 202.36070200608168, -2.1006989020218896)
('max', -167.3007197455629, 219.5446255105297, -0.8437315193460133)
('dlp', -182.16599522713116, 208.3164481053922, -0.8786112471991903, 17.555336175182916)
(0, -177.97981294000192, 60.3510058863196, 22.8129063207491, -12.444439365950352)
(0.0005016326904296875, -177.7704675055587, 60.805806513441716, 23.333735574663844, -12.444439365950352)
(0.12121748924255371, -177.73126003655327, 60.87147474016459, 23.776631015884828, -12.526896984491525)
(0.2215416431427002, -177.73126003655327, 60.87147474016459, 23.776631015884828, -12.521564254667606)
(0.2775747776031494, -177.73126003655327, 60.87147474016459, 23.776631015884828, -12.521564254667606)
(0.32341980934143066, -177.93809390693283, 60.5213626817426, 23.094747109807074, -12.49703614025026)
(0.36650776863098145, -177.93809390693283, 60.5213626817426, 23.094747109807074, -12.49703614025026)
(0.4099547863006592, -177.93809390693283, 60.5213626817426, 23.094747109807074, -12.49703614025026)
(0.4528956413269043, -177.93809390693283, 60.5213626817426, 23.094747109807074, -12.520186514185358)
(0.4956679344177246, -177.93809390693283, 60.5213626817426, 23.094747109807074, -12.520186514185358)
(0.5384619235992432, -178.42389450473715, 59.85263916341612, 20.867773834150007, -12.55450400513023)
(0.5817239284515381, -178.42389450473715, 59.85263916341612, 20.867773834150007, -12.55450400513023)
(0.6246142387390137, -178.42389450473715, 59.85263916341612, 20.867773834150007, -12.56497700785052)
(0.6671209335327148, -178.42389450473715, 59.85263916341612, 20.867773834150007, -12.56497700785052)
(0.7097113132476807, -178.42389450473715, 59.85263916341612, 20.867773834150007, -12.56497700785052)
(0.7528536319732666, -179.28271581257428, 59.61639439750527, 17.64899947334983, -12.609152897043941)
(0.7800121307373047, -179.28271581257428, 59.61639439750527, 17.64899947334983, -12.609152897043941)
(0.7956488132476807, -179.28271581257428, 59.61639439750527, 17.64899947334983, -12.609152897043941)
(0.8098435401916504, -179.28271581257428, 59.61639439750527, 17.64899947334983, -12.609152897043941)
(0.8225572109222412, -179.28271581257428, 59.61639439750527, 17.64899947334983, -12.609152897043941)
(0.8384053707122803, -179.28271581257428, 59.61639439750527, 17.64899947334983, -12.602846860029565)
(0.8721473217010498, -179.28271581257428, 59.61639439750527, 17.64899947334983, -12.602846860029565)
(0.8875386714935303, -179.28271581257428, 59.61639439750527, 17.64899947334983, -12.602846860029565)
(0.8996613025665283, -179.28271581257428, 59.61639439750527, 17.64899947334983, -12.602846860029565)
(0.9348890781402588, -180.3152876178075, 60.154578253204726, 14.327100606165839, -12.60311372996572)
(0.9525673389434814, -180.3152876178075, 60.154578253204726, 14.327100606165839, -12.60311372996572)
(0.9659574031829834, -180.3152876178075, 60.154578253204726, 14.327100606165839, -12.60311372996572)
(0.9846546649932861, -180.3152876178075, 60.154578253204726, 14.327100606165839, -12.60311372996572)
(1.0017309188842773, -180.3152876178075, 60.154578253204726, 14.327100606165839, -12.60311372996572)
(1.2268435955047607, -181.65891239412915, 60.758869237382825, 11.418499202954939, -12.551576014251285)
(1.2496557235717773, -181.65891239412915, 60.758869237382825, 11.418499202954939, -12.535305370718017)
(1.2646353244781494, -181.65891239412915, 60.758869237382825, 11.418499202954939, -12.535305370718017)
(1.2902092933654785, -181.65891239412915, 60.758869237382825, 11.418499202954939, -12.535305370718017)
(1.3066911697387695, -181.65891239412915, 60.758869237382825, 11.418499202954939, -12.535305370718017)
(1.3272430896759033, -181.65891239412915, 60.758869237382825, 11.418499202954939, -12.535305370718017)
(1.345850944519043, -183.12115354673446, 61.03368479965538, 8.421876615534401, -12.536208651930624)
(1.3602709770202637, -183.12115354673446, 61.03368479965538, 8.421876615534401, -12.536208651930624)
(1.3886449337005615, -183.12115354673446, 61.03368479965538, 8.421876615534401, -12.536208651930624)
(1.4087703227996826, -183.12115354673446, 61.03368479965538, 8.421876615534401, -12.536208651930624)
(1.4329190254211426, -183.12115354673446, 61.03368479965538, 8.421876615534401, -12.536208651930624)
(1.4522979259490967, -183.12115354673446, 61.03368479965538, 8.421876615534401, -12.51797017874421)
(1.4666876792907715, -183.12115354673446, 61.03368479965538, 8.421876615534401, -12.51797017874421)
(1.6257076263427734, -184.47752210031683, 61.33809639645553, 5.2081763673100205, -12.495938145116305)
(1.6646864414215088, -184.47752210031683, 61.33809639645553, 5.2081763673100205, -12.478878158908447)
(1.6942079067230225, -184.47752210031683, 61.33809639645553, 5.2081763673100205, -12.478878158908447)
(1.7092280387878418, -184.47752210031683, 61.33809639645553, 5.2081763673100205, -12.478878158908447)
(1.7241156101226807, -184.47752210031683, 61.33809639645553, 5.2081763673100205, -12.478878158908447)
(1.7384581565856934, -184.47752210031683, 61.33809639645553, 5.2081763673100205, -12.478878158908447)
(1.7567412853240967, -185.83532260585835, 61.6719083439031, 1.6813331575381008, -12.47579941032798)
(1.790663480758667, -185.83532260585835, 61.6719083439031, 1.6813331575381008, -12.47579941032798)
(1.80967378616333, -185.83532260585835, 61.6719083439031, 1.6813331575381008, -12.47579941032798)
(1.8317615985870361, -185.83532260585835, 61.6719083439031, 1.6813331575381008, -12.47579941032798)
(1.8514134883880615, -185.83532260585835, 61.6719083439031, 1.6813331575381008, -12.489841787016172)
(1.8654823303222656, -185.83532260585835, 61.6719083439031, 1.6813331575381008, -12.489841787016172)
(2.087258815765381, -186.7811992815935, 61.99728246602376, -1.8051448347136339, -12.484123301869033)
(2.1427807807922363, -186.7811992815935, 61.99728246602376, -1.8051448347136339, -12.484123301869033)
(2.1892802715301514, -187.33904070564816, 62.4545798467252, -5.385493061408319, -12.464476514635326)
(2.2314624786376953, -187.33904070564816, 62.4545798467252, -5.385493061408319, -12.464476514635326)
(2.273858070373535, -187.33904070564816, 62.4545798467252, -5.385493061408319, -12.490424250376062)
(2.3327884674072266, -187.33904070564816, 62.4545798467252, -5.385493061408319, -12.490424250376062)
(2.4053964614868164, -187.49324828601496, 63.1224273188841, -8.454682532280534, -12.47410779338956)
(2.498978614807129, -187.49324828601496, 63.1224273188841, -8.454682532280534, -12.452022047264212)
(2.5485267639160156, -187.4167133519191, 63.84591593776105, -9.694615725583342, -12.432851230763786)
(2.5927906036376953, -187.4167133519191, 63.84591593776105, -9.694615725583342, -12.432851230763786)
(2.6356053352355957, -187.4167133519191, 63.84591593776105, -9.694615725583342, -12.40582610982379)
(2.6786386966705322, -187.4167133519191, 63.84591593776105, -9.694615725583342, -12.40582610982379)
(2.7216923236846924, -187.0965772834493, 64.22854348159493, -10.025437236348937, -12.408480171927202)
(2.7641475200653076, -187.0965772834493, 64.22854348159493, -10.025437236348937, -12.408480171927202)
(2.9150145053863525, -187.0965772834493, 64.22854348159493, -10.025437236348937, -12.416491463967443)
(2.9475150108337402, -186.23183641097617, 64.39784819172505, -9.652055690045978, -12.440863769494278)
(2.9724786281585693, -186.23183641097617, 64.39784819172505, -9.652055690045978, -12.440863769494278)
(2.9921653270721436, -186.23183641097617, 64.39784819172505, -9.652055690045978, -12.440863769494278)
(3.0274174213409424, -186.23183641097617, 64.39784819172505, -9.652055690045978, -12.450246051011082)
(3.042628288269043, -186.23183641097617, 64.39784819172505, -9.652055690045978, -12.450246051011082)
(3.0635881423950195, -186.23183641097617, 64.39784819172505, -9.652055690045978, -12.450246051011082)
(3.0785374641418457, -186.23183641097617, 64.39784819172505, -9.652055690045978, -12.450246051011082)
(3.097916841506958, -186.23183641097617, 64.39784819172505, -9.652055690045978, -12.450246051011082)
(3.1290793418884277, -186.14183930990782, 65.1253397287338, -8.979888082268726, -12.441325746236672)
(3.1506404876708984, -186.14183930990782, 65.1253397287338, -8.979888082268726, -12.441325746236672)
(3.164544105529785, -186.14183930990782, 65.1253397287338, -8.979888082268726, -12.441325746236672)
(3.1837120056152344, -186.14183930990782, 65.1253397287338, -8.979888082268726, -12.441325746236672)
(3.201261043548584, -186.14183930990782, 65.1253397287338, -8.979888082268726, -12.441325746236672)
(3.2436907291412354, -186.14183930990782, 65.1253397287338, -8.979888082268726, -12.439477830326224)
(3.257688283920288, -186.14183930990782, 65.1253397287338, -8.979888082268726, -12.439477830326224)
(3.2844502925872803, -186.14183930990782, 65.1253397287338, -8.979888082268726, -12.439477830326224)
(3.3157355785369873, -186.14183930990782, 65.1253397287338, -8.979888082268726, -12.439477830326224)
(3.3306024074554443, -186.14183930990782, 65.1253397287338, -8.979888082268726, -12.439477830326224)
(3.3836441040039062, -185.93948995251566, 66.06006742194172, -8.041518822283251, -12.438220334357368)
(3.426693916320801, -185.93948995251566, 66.06006742194172, -8.041518822283251, -12.438220334357368)
(3.4604625701904297, -185.93948995251566, 66.06006742194172, -8.041518822283251, -12.460484560371388)
(3.4848146438598633, -185.93948995251566, 66.06006742194172, -8.041518822283251, -12.460484560371388)
(3.530672550201416, -185.93948995251566, 66.06006742194172, -8.041518822283251, -12.460484560371388)
(3.5581629276275635, -185.4743928860623, 66.33346747440304, -6.899586652304905, -12.434244410306569)
(3.5783472061157227, -185.4743928860623, 66.33346747440304, -6.899586652304905, -12.434244410306569)
(3.5933358669281006, -185.4743928860623, 66.33346747440304, -6.899586652304905, -12.434244410306569)
(3.611111640930176, -185.4743928860623, 66.33346747440304, -6.899586652304905, -12.434244410306569)
(3.625274896621704, -185.4743928860623, 66.33346747440304, -6.899586652304905, -12.434244410306569)
(3.6626298427581787, -185.4743928860623, 66.33346747440304, -6.899586652304905, -12.436246311235983)
(3.678622245788574, -185.4743928860623, 66.33346747440304, -6.899586652304905, -12.436246311235983)
(3.6926193237304688, -185.4743928860623, 66.33346747440304, -6.899586652304905, -12.436246311235983)
(3.7074031829833984, -185.4743928860623, 66.33346747440304, -6.899586652304905, -12.436246311235983)
(3.7213428020477295, -185.4743928860623, 66.33346747440304, -6.899586652304905, -12.436246311235983)
(3.7354390621185303, -185.4743928860623, 66.33346747440304, -6.899586652304905, -12.436246311235983)
(3.7811825275421143, -185.00451613974502, 66.96113262222185, -5.434182443314204, -12.439147455990838)
(3.808302879333496, -185.00451613974502, 66.96113262222185, -5.434182443314204, -12.439147455990838)
(3.8230702877044678, -185.00451613974502, 66.96113262222185, -5.434182443314204, -12.439147455990838)
(3.8446598052978516, -185.00451613974502, 66.96113262222185, -5.434182443314204, -12.424004803852396)
(3.8756470680236816, -185.00451613974502, 66.96113262222185, -5.434182443314204, -12.424004803852396)
(3.894268035888672, -185.00451613974502, 66.96113262222185, -5.434182443314204, -12.424004803852396)
(3.9112653732299805, -185.00451613974502, 66.96113262222185, -5.434182443314204, -12.424004803852396)
(3.9251515865325928, -185.00451613974502, 66.96113262222185, -5.434182443314204, -12.424004803852396)
(3.955157995223999, -184.30511654392146, 67.6003806703465, -3.9061722139341173, -12.408523023578134)
(4.0015575885772705, -184.30511654392146, 67.6003806703465, -3.9061722139341173, -12.408523023578134)
(4.04569411277771, -184.30511654392146, 67.6003806703465, -3.9061722139341173, -12.408523023578134)
(4.079878091812134, -184.30511654392146, 67.6003806703465, -3.9061722139341173, -12.41365715686568)
(4.118880033493042, -184.30511654392146, 67.6003806703465, -3.9061722139341173, -12.41365715686568)
(4.164052724838257, -183.65664687494095, 68.18401014590023, -2.721883354582997, -12.412338115609376)
(4.185382604598999, -183.65664687494095, 68.18401014590023, -2.721883354582997, -12.412338115609376)
(4.201153516769409, -183.65664687494095, 68.18401014590023, -2.721883354582997, -12.412338115609376)
(4.2159059047698975, -183.65664687494095, 68.18401014590023, -2.721883354582997, -12.412338115609376)
(4.230083227157593, -183.65664687494095, 68.18401014590023, -2.721883354582997, -12.412338115609376)
(4.262644529342651, -183.65664687494095, 68.18401014590023, -2.721883354582997, -12.443453425506906)
(4.278649568557739, -183.65664687494095, 68.18401014590023, -2.721883354582997, -12.443453425506906)
(4.292968034744263, -183.65664687494095, 68.18401014590023, -2.721883354582997, -12.443453425506906)
(4.331784009933472, -183.65664687494095, 68.18401014590023, -2.721883354582997, -12.443453425506906)
(4.354031562805176, -182.96908533297412, 68.73708580842313, -1.7811872980778656, -12.444448628362604)
(4.368260383605957, -182.96908533297412, 68.73708580842313, -1.7811872980778656, -12.444448628362604)
(4.869297981262207, -181.05110960371206, 70.27128679516457, -0.9601005499327201, -12.388958438141579)
(5.370374917984009, -178.68049389427753, 72.94105894386017, -1.4614805571416778, -12.297641982830225, 'fly')
(5.547127723693848, -178.15582524701364, 74.5868207571339, -1.3476943570057118, -10.517638142248547, 'fly')
(5.605288505554199, -178.15582524701364, 74.5868207571339, -1.3476943570057118, -10.517638142248547, 'fly')
(5.690221071243286, -178.15582524701364, 74.5868207571339, -1.3476943570057118, -6.846582684017814, 'fly')
(5.783817768096924, -178.36184097118866, 77.01894324315286, -1.0968892668741108, -3.0650125623968947, 'fly')
(5.85490608215332, -178.36184097118866, 77.01894324315286, -1.0968892668741108, 0.7453702384797394, 'fly')
(5.905229330062866, -178.36184097118866, 77.01894324315286, -1.0968892668741108, 0.7453702384797394, 'fly')
(5.985574007034302, -179.13138395504842, 79.9518283857293, -0.8273205086526573, 4.554871572739239, 'fly')
(6.081747531890869, -179.13138395504842, 79.9518283857293, -0.8273205086526573, 8.16886222923334, 'fly')
(6.14976692199707, -179.994425692168, 83.23398310202617, -0.5254601984045666, 10.916763966190889, 'fly')
(6.199970245361328, -179.994425692168, 83.23398310202617, -0.5254601984045666, 10.916763966190889, 'fly')
(6.2462663650512695, -179.994425692168, 83.23398310202617, -0.5254601984045666, 12.469052263739325, 'fly')
(6.329902172088623, -179.994425692168, 83.23398310202617, -0.5254601984045666, 12.469052263739325, 'fly')
(6.4299914836883545, -180.86655449864182, 87.1037556642734, -0.1505224649705228, 13.198277329828581, 'fly')
(6.497188329696655, -180.86655449864182, 87.1037556642734, -0.1505224649705228, 14.328192676863111, 'fly')
(6.544976711273193, -180.86655449864182, 87.1037556642734, -0.1505224649705228, 14.328192676863111, 'fly')
(6.58835506439209, -181.53307287238184, 91.79742182423051, 0.10778631576020237, 16.30160780653038, 'fly')
(6.631897926330566, -181.53307287238184, 91.79742182423051, 0.10778631576020237, 16.30160780653038, 'fly')
(6.675866603851318, -181.53307287238184, 91.79742182423051, 0.10778631576020237, 17.731666994500635, 'fly')
(6.748844861984253, -181.53307287238184, 91.79742182423051, 0.10778631576020237, 17.731666994500635, 'fly')
(6.841357469558716, -181.97817456956153, 96.64377857739518, 0.10478112311953136, 17.776354179102388, 'fly')
(6.910298824310303, -181.97817456956153, 96.64377857739518, 0.10478112311953136, 16.73171679620237, 'fly')
(6.959324359893799, -181.92599087763458, 101.44765133181096, -0.10954859514875226, 16.778363442793086, 'fly')
(7.002993583679199, -181.92599087763458, 101.44765133181096, -0.10954859514875226, 16.778363442793086, 'fly')
(7.046704292297363, -181.92599087763458, 101.44765133181096, -0.10954859514875226, 16.778363442793086, 'fly')
(7.090848922729492, -181.92599087763458, 101.44765133181096, -0.10954859514875226, 16.74514814391438, 'fly')
(7.134291410446167, -180.93640811509852, 106.79161697851727, -0.22606077944075798, 17.348765680343245, 'fly')
(7.178029298782349, -180.93640811509852, 106.79161697851727, -0.22606077944075798, 17.348765680343245, 'fly')
(7.221654176712036, -180.93640811509852, 106.79161697851727, -0.22606077944075798, 17.7319634817292, 'fly')
(7.264943599700928, -180.93640811509852, 106.79161697851727, -0.22606077944075798, 17.7319634817292, 'fly')
(7.3084328174591064, -180.93640811509852, 106.79161697851727, -0.22606077944075798, 17.7319634817292, 'fly')
(7.384367942810059, -179.86506306475988, 111.74226418422441, -0.016814890311073416, 17.73027652724528, 'fly')
(7.470527648925781, -179.86506306475988, 111.74226418422441, -0.016814890311073416, 17.825583055576793, 'fly')
(7.585059881210327, -178.50418303283087, 116.88486971084615, 0.4804772353926702, 17.854215661637056, 'fly')
(7.683412313461304, -178.50418303283087, 116.88486971084615, 0.4804772353926702, 17.856951173343738, 'fly')
(7.746612787246704, -176.8919237183288, 122.11495111610921, 0.7218900968194144, 18.007946269210777, 'fly')
(7.805359363555908, -176.8919237183288, 122.11495111610921, 0.7218900968194144, 18.007946269210777, 'fly')
(7.85987401008606, -176.8919237183288, 122.11495111610921, 0.7218900968194144, 17.98281593361104, 'fly')
(7.909478664398193, -176.8919237183288, 122.11495111610921, 0.7218900968194144, 17.98281593361104, 'fly')
(7.968391418457031, -175.56135125025736, 127.08962477986384, 0.836458482641077, 18.077646028636014, 'fly')
(8.058257341384888, -175.56135125025736, 127.08962477986384, 0.836458482641077, 18.198464984657136, 'fly')
(8.146470308303833, -173.7263836670113, 132.68242461791232, 0.6853874046207237, 18.31987127319497, 'fly')
(8.194928646087646, -173.7263836670113, 132.68242461791232, 0.6853874046207237, 18.31987127319497, 'fly')
(8.239315271377563, -173.7263836670113, 132.68242461791232, 0.6853874046207237, 18.432922972350212, 'fly')
(8.318196773529053, -173.7263836670113, 132.68242461791232, 0.6853874046207237, 18.432922972350212, 'fly')
(8.413473129272461, -172.24951834230916, 138.03302188014223, 0.6598858845908885, 18.494383301677555, 'fly')
(8.483596086502075, -172.24951834230916, 138.03302188014223, 0.6598858845908885, 18.53599369937619, 'fly')
(8.501961469650269, -172.24951834230916, 138.03302188014223, 0.6598858845908885, 18.53599369937619, 'fly')
(8.515758275985718, -172.24951834230916, 138.03302188014223, 0.6598858845908885, 18.53599369937619, 'fly')
(8.534811973571777, -172.24951834230916, 138.03302188014223, 0.6598858845908885, 18.53599369937619, 'fly')
(8.554037094116211, -170.8508435732769, 143.78582559787, 0.5226930644579619, 18.653302502236638, 'fly')
(8.570449829101562, -170.8508435732769, 143.78582559787, 0.5226930644579619, 18.653302502236638, 'fly')
(8.587653875350952, -170.8508435732769, 143.78582559787, 0.5226930644579619, 18.653302502236638, 'fly')
(8.602107524871826, -170.8508435732769, 143.78582559787, 0.5226930644579619, 18.653302502236638, 'fly')
(8.622643947601318, -170.8508435732769, 143.78582559787, 0.5226930644579619, 18.653302502236638, 'fly')
(8.647570848464966, -170.8508435732769, 143.78582559787, 0.5226930644579619, 18.741749241503076, 'fly')
(8.664182186126709, -170.8508435732769, 143.78582559787, 0.5226930644579619, 18.741749241503076, 'fly')
(8.69066333770752, -170.8508435732769, 143.78582559787, 0.5226930644579619, 18.741749241503076, 'fly')
(8.706648588180542, -170.8508435732769, 143.78582559787, 0.5226930644579619, 18.741749241503076, 'fly')
(8.722325801849365, -170.8508435732769, 143.78582559787, 0.5226930644579619, 18.741749241503076, 'fly')
(8.73790955543518, -170.8508435732769, 143.78582559787, 0.5226930644579619, 18.741749241503076, 'fly')
(8.786689519882202, -170.03886209635345, 149.80189177832557, 0.27369902502244536, 18.81076891888924, 'fly')
(8.818910360336304, -170.03886209635345, 149.80189177832557, 0.27369902502244536, 18.81076891888924, 'fly')
(8.852818965911865, -170.03886209635345, 149.80189177832557, 0.27369902502244536, 18.81076891888924, 'fly')
(8.8848295211792, -170.03886209635345, 149.80189177832557, 0.27369902502244536, 18.825207969862564, 'fly')
(8.921337127685547, -170.03886209635345, 149.80189177832557, 0.27369902502244536, 18.825207969862564, 'fly')
(8.948233842849731, -170.03886209635345, 149.80189177832557, 0.27369902502244536, 18.825207969862564, 'fly')
(9.180517435073853, -168.5461954938018, 162.0048925868208, 0.05194933013741376, 18.257031921053024, 'fly')
(9.211169481277466, -168.5461954938018, 162.0048925868208, 0.05194933013741376, 18.257031921053024, 'fly')
(9.236945390701294, -168.5461954938018, 162.0048925868208, 0.05194933013741376, 18.257031921053024, 'fly')
(9.327157258987427, -168.15412629109275, 167.8377672021669, 0.3414242814240652, 17.673850719344106, 'fly')
(9.371878147125244, -168.15412629109275, 167.8377672021669, 0.3414242814240652, 17.673850719344106, 'fly')
(9.409928321838379, -168.15412629109275, 167.8377672021669, 0.3414242814240652, 17.673850719344106, 'fly')
(9.458817958831787, -168.15412629109275, 167.8377672021669, 0.3414242814240652, 17.360195242539607, 'fly')
(9.5087890625, -168.15412629109275, 167.8377672021669, 0.3414242814240652, 17.360195242539607, 'fly')
(9.679348230361938, -169.01195478180318, 174.0453284440447, 0.8196630241728176, 17.131015713678384, 'fly')
(9.739739179611206, -169.73265445743354, 180.07061381696582, 1.234607999872908, 17.148268772891363, 'fly')
(9.831843376159668, -169.73265445743354, 180.07061381696582, 1.234607999872908, 17.20063188511408, 'fly')
(9.957596063613892, -170.89253672651907, 186.03171138573813, 1.3334995827583533, 17.43185284670356, 'fly')
(10.020482063293457, -170.89253672651907, 186.03171138573813, 1.3334995827583533, 17.43185284670356, 'fly')
(10.06903862953186, -170.89253672651907, 186.03171138573813, 1.3334995827583533, 17.459446070293158, 'fly')
(10.154285669326782, -172.33791313174683, 191.71547371405327, 1.0269048352959829, 17.479656157858987, 'fly')
(10.25132441520691, -172.33791313174683, 191.71547371405327, 1.0269048352959829, 9.055148627590956, 'fly')
(10.326769828796387, -172.33791313174683, 191.71547371405327, 1.0269048352959829, 9.055148627590956, 'fly')
(10.384756803512573, -174.14754428606847, 193.54110158341157, 0.31838561980146296, 6.732198998812222, 'fly')
(10.44047737121582, -174.14754428606847, 193.54110158341157, 0.31838561980146296, 9.893633229528703, 'fly')
(10.49419116973877, -174.14754428606847, 193.54110158341157, 0.31838561980146296, 9.893633229528703, 'fly')
(10.540352821350098, -175.42397396553537, 197.18685023719058, -0.12475710709935128, 14.926047089205227, 'fly')
(10.56087040901184, -175.42397396553537, 197.18685023719058, -0.12475710709935128, 14.926047089205227, 'fly')
(10.572593927383423, -175.42397396553537, 197.18685023719058, -0.12475710709935128, 14.926047089205227, 'fly')
(10.615190267562866, -175.42397396553537, 197.18685023719058, -0.12475710709935128, 14.926047089205227, 'fly')
(10.66075849533081, -175.42397396553537, 197.18685023719058, -0.12475710709935128, 18.856958143954607, 'fly')
(10.69000792503357, -175.42397396553537, 197.18685023719058, -0.12475710709935128, 18.856958143954607, 'fly')
(10.718993425369263, -175.42397396553537, 197.18685023719058, -0.12475710709935128, 18.856958143954607, 'fly')
(10.760375738143921, -177.07334947712283, 201.42963312358626, -1.2229941916804206, 21.896063051125832, 'fly')
(10.780251741409302, -177.07334947712283, 201.42963312358626, -1.2229941916804206, 21.896063051125832, 'fly')
(10.795166730880737, -177.07334947712283, 201.42963312358626, -1.2229941916804206, 21.896063051125832, 'fly')
(10.820815324783325, -177.07334947712283, 201.42963312358626, -1.2229941916804206, 21.896063051125832, 'fly')
(10.861193895339966, -177.07334947712283, 201.42963312358626, -1.2229941916804206, 19.779786955575013, 'fly')
(10.89535665512085, -177.07334947712283, 201.42963312358626, -1.2229941916804206, 19.779786955575013, 'fly')
(10.927310705184937, -177.07334947712283, 201.42963312358626, -1.2229941916804206, 19.779786955575013, 'fly')
(10.959784030914307, -178.53811708956874, 201.51702528549498, -1.7018765121125146, 20.130657094780197, 'fly')
('min', -197.9833049247458, 202.36070200608168, -2.1006989020218896)
('max', -167.3007197455629, 219.5446255105297, -0.8437315193460133)
('dlp', -182.16599522713116, 208.3164481053922, -0.8786112471991903, 17.555336175182916)