====================== HEADER ======================
Odometry data will folow format (time, x, y, z, yaw)
Landing site: (-1, x, y, z, yaw)
X = left and right
Y = foraward backward
Z = height
=====================================================
('min', -213.38752744522952, 258.159914560548, 84.20640526700991)
('max', -181.56840674744478, 274.62447970727675, 85.75232679193893)
('dlp', -196.59485303778504, 265.51246741698355, 85.44841681742598, 7.513389283911501)
(0, -195.62184978738637, 121.88667863484362, 106.60880410660285, -20.61188747164053)
(0.00011491775512695312, -195.62184978738637, 121.88667863484362, 106.60880410660285, -20.61188747164053)
(0.04519224166870117, -195.62184978738637, 121.88667863484362, 106.60880410660285, -20.61188747164053)
(0.08848810195922852, -195.3656074304239, 121.25187223154009, 106.72916702145636, -20.766927004355217)
(0.13159799575805664, -195.3656074304239, 121.25187223154009, 106.72916702145636, -21.016396162317008)
(0.1740567684173584, -195.3656074304239, 121.25187223154009, 106.72916702145636, -21.016396162317008)
(0.24522638320922852, -195.15741550873642, 121.07498903764755, 106.64835524903947, -21.301307151629672)
(0.3320000171661377, -195.15741550873642, 121.07498903764755, 106.64835524903947, -21.558991009983522)
(0.4288918972015381, -195.15741550873642, 121.07498903764755, 106.64835524903947, -21.558991009983522)
(0.4962592124938965, -195.11834860783287, 120.93730559689541, 105.31569820359935, -21.807082447829437)
(0.5320353507995605, -195.11834860783287, 120.93730559689541, 105.31569820359935, -21.807082447829437)
(0.5486938953399658, -195.11834860783287, 120.93730559689541, 105.31569820359935, -21.911826056563783)
(0.5651907920837402, -195.11834860783287, 120.93730559689541, 105.31569820359935, -21.911826056563783)
(0.5782945156097412, -195.11834860783287, 120.93730559689541, 105.31569820359935, -21.911826056563783)
(0.5984227657318115, -195.11834860783287, 120.93730559689541, 105.31569820359935, -21.911826056563783)
(0.6450598239898682, -194.89932468858026, 121.01017167998315, 102.91671258251137, -21.89244409411613)
(0.6685078144073486, -194.89932468858026, 121.01017167998315, 102.91671258251137, -21.89244409411613)
(0.6904430389404297, -194.89932468858026, 121.01017167998315, 102.91671258251137, -21.89244409411613)
(0.727898120880127, -194.89932468858026, 121.01017167998315, 102.91671258251137, -21.89244409411613)
(0.7633275985717773, -194.89932468858026, 121.01017167998315, 102.91671258251137, -21.865477787565887)
(0.8097050189971924, -194.89932468858026, 121.01017167998315, 102.91671258251137, -21.865477787565887)
(0.8584249019622803, -194.6934108228539, 121.28456382499898, 99.96757455361549, -21.821337714248777)
(0.8899171352386475, -194.6934108228539, 121.28456382499898, 99.96757455361549, -21.821337714248777)
(0.915825605392456, -194.6934108228539, 121.28456382499898, 99.96757455361549, -21.821337714248777)
(0.9467270374298096, -194.6934108228539, 121.28456382499898, 99.96757455361549, -21.788343876109693)
(1.1312386989593506, -194.2402399499941, 122.0581969731, 96.63244680802113, -21.755244540195882)
(1.1557338237762451, -194.2402399499941, 122.0581969731, 96.63244680802113, -21.707828366322747)
(1.1735312938690186, -194.2402399499941, 122.0581969731, 96.63244680802113, -21.707828366322747)
(1.2023651599884033, -194.2402399499941, 122.0581969731, 96.63244680802113, -21.707828366322747)
(1.220365285873413, -194.2402399499941, 122.0581969731, 96.63244680802113, -21.707828366322747)
(1.238058090209961, -194.2402399499941, 122.0581969731, 96.63244680802113, -21.707828366322747)
(1.2564291954040527, -193.66594780379535, 123.01919807516151, 93.07370600000358, -21.69043534047604)
(1.2853946685791016, -193.66594780379535, 123.01919807516151, 93.07370600000358, -21.69043534047604)
(1.3043200969696045, -193.66594780379535, 123.01919807516151, 93.07370600000358, -21.69043534047604)
(1.3228402137756348, -193.66594780379535, 123.01919807516151, 93.07370600000358, -21.69043534047604)
(1.3401703834533691, -193.66594780379535, 123.01919807516151, 93.07370600000358, -21.69043534047604)
(1.3804569244384766, -193.66594780379535, 123.01919807516151, 93.07370600000358, -21.691502953959542)
(1.4275376796722412, -193.66594780379535, 123.01919807516151, 93.07370600000358, -21.691502953959542)
(1.4575181007385254, -193.66594780379535, 123.01919807516151, 93.07370600000358, -21.68880449959153)
(1.4875833988189697, -193.1867530758557, 123.93334385143167, 89.53449676740124, -21.68880449959153)
(1.650501012802124, -193.1867530758557, 123.93334385143167, 89.53449676740124, -21.682483499975763)
(1.729001522064209, -193.07834586425332, 124.63646526389466, 85.64981198280374, -21.645913029316773)
(1.778618574142456, -193.07834586425332, 124.63646526389466, 85.64981198280374, -21.620431763118475)
(1.8218564987182617, -193.07834586425332, 124.63646526389466, 85.64981198280374, -21.620431763118475)
(1.8644111156463623, -193.31530041348105, 125.51017078453408, 83.42007283431258, -21.694798007028844)
(1.9088876247406006, -193.31530041348105, 125.51017078453408, 83.42007283431258, -21.694798007028844)
(1.9825036525726318, -193.31530041348105, 125.51017078453408, 83.42007283431258, -21.736799363627256)
(2.115273952484131, -193.16450280620967, 126.62239318045403, 82.15560501851122, -21.8060539593883)
(2.174945592880249, -193.16450280620967, 126.62239318045403, 82.15560501851122, -21.815214352067052)
(2.2712299823760986, -193.1181756091168, 127.91905071307819, 80.81933079211376, -21.81521590533893)
(2.363391876220703, -193.1181756091168, 127.91905071307819, 80.81933079211376, -21.82930746279324)
(2.423002243041992, -193.1181756091168, 127.91905071307819, 80.81933079211376, -21.82930746279324)
(2.46972918510437, -192.90508471910542, 128.75779129839788, 79.94057245968102, -21.81500629905534)
(2.5126121044158936, -192.90508471910542, 128.75779129839788, 79.94057245968102, -21.81500629905534)
(2.5308070182800293, -192.90508471910542, 128.75779129839788, 79.94057245968102, -21.840365201841877)
(2.541919469833374, -192.90508471910542, 128.75779129839788, 79.94057245968102, -21.840365201841877)
(2.7316715717315674, -192.864363781085, 129.62591025662692, 79.71522473169765, -21.87036653878709)
(2.7524125576019287, -192.864363781085, 129.62591025662692, 79.71522473169765, -21.91807424063905)
(2.790492534637451, -192.864363781085, 129.62591025662692, 79.71522473169765, -21.91807424063905)
(2.8085293769836426, -192.864363781085, 129.62591025662692, 79.71522473169765, -21.91807424063905)
(2.8228113651275635, -192.864363781085, 129.62591025662692, 79.71522473169765, -21.91807424063905)
(2.8369638919830322, -192.864363781085, 129.62591025662692, 79.71522473169765, -21.91807424063905)
(2.863793134689331, -192.89169857274976, 130.38869940390077, 79.99655007233964, -21.946574400763605)
(2.912323474884033, -192.89169857274976, 130.38869940390077, 79.99655007233964, -21.946574400763605)
(2.9437286853790283, -192.89169857274976, 130.38869940390077, 79.99655007233964, -21.99276028585204)
(2.978135824203491, -192.89169857274976, 130.38869940390077, 79.99655007233964, -21.99276028585204)
(3.007568597793579, -192.89169857274976, 130.38869940390077, 79.99655007233964, -21.99276028585204)
(3.035808563232422, -192.89169857274976, 130.38869940390077, 79.99655007233964, -21.99276028585204)
(3.0603415966033936, -192.86028029394515, 131.0872213925586, 80.2404234480902, -22.03072651608501)
(3.0761466026306152, -192.86028029394515, 131.0872213925586, 80.2404234480902, -22.03072651608501)
(3.090829610824585, -192.86028029394515, 131.0872213925586, 80.2404234480902, -22.03072651608501)
(3.105917453765869, -192.86028029394515, 131.0872213925586, 80.2404234480902, -22.03072651608501)
(3.1648707389831543, -192.86028029394515, 131.0872213925586, 80.2404234480902, -22.020797912707096)
(3.212801218032837, -192.86028029394515, 131.0872213925586, 80.2404234480902, -22.020797912707096)
(3.244396686553955, -192.86028029394515, 131.0872213925586, 80.2404234480902, -22.020797912707096)
(3.2894723415374756, -193.22970509255325, 131.80202667474214, 80.45598025557365, -22.02198610383479)
(3.320949077606201, -193.22970509255325, 131.80202667474214, 80.45598025557365, -22.02198610383479)
(3.338653087615967, -193.22970509255325, 131.80202667474214, 80.45598025557365, -22.02198610383479)
(3.3548531532287598, -193.22970509255325, 131.80202667474214, 80.45598025557365, -21.99962908335481)
(3.3785157203674316, -193.22970509255325, 131.80202667474214, 80.45598025557365, -21.99962908335481)
(3.417088747024536, -193.22970509255325, 131.80202667474214, 80.45598025557365, -21.99962908335481)
(3.4555904865264893, -193.68664185926954, 132.2996336343828, 80.54241761585953, -21.994818403500872)
(3.479677200317383, -193.68664185926954, 132.2996336343828, 80.54241761585953, -21.994818403500872)
(3.527989387512207, -193.68664185926954, 132.2996336343828, 80.54241761585953, -21.994818403500872)
(3.701443910598755, -193.97726797210606, 132.21374615787465, 80.72923445288095, -21.978005425828265)
(3.7588212490081787, -193.97726797210606, 132.21374615787465, 80.72923445288095, -21.943956496626704)
(3.8053784370422363, -193.97726797210606, 132.21374615787465, 80.72923445288095, -21.943956496626704)
(3.8552894592285156, -193.97726797210606, 132.21374615787465, 80.72923445288095, -21.943956496626704)
(3.934786558151245, -194.4738909718443, 132.2718042433226, 80.73933996997245, -21.947308625604435)
(4.021442890167236, -194.4738909718443, 132.2718042433226, 80.73933996997245, -21.95605734303369)
(4.0727150440216064, -194.88970635789022, 132.13132080009802, 80.74486374231452, -21.948056755423472)
(4.155133485794067, -194.88970635789022, 132.13132080009802, 80.74486374231452, -21.948056755423472)
(4.251389026641846, -194.88970635789022, 132.13132080009802, 80.74486374231452, -21.94109274413435)
(4.319601058959961, -195.42240414800827, 132.1382192934993, 80.93539585246587, -21.945257365202778)
(4.369045734405518, -195.42240414800827, 132.1382192934993, 80.93539585246587, -21.945257365202778)
(4.452944755554199, -195.42240414800827, 132.1382192934993, 80.93539585246587, -21.949575528055462)
(4.548465728759766, -195.8479009443097, 132.14733908619382, 81.5057659710717, -21.974505291520387)
(4.621332168579102, -195.8479009443097, 132.14733908619382, 81.5057659710717, -21.974505291520387)
(4.67113733291626, -196.1795714359741, 132.21927507296297, 82.2537239449414, -21.97238647177668)
(4.752363920211792, -196.1795714359741, 132.21927507296297, 82.2537239449414, -21.97080519822252)
(4.859840154647827, -196.47747054188076, 132.52008427379815, 83.08233283875931, -21.94205135303315)
(4.926908493041992, -196.47747054188076, 132.52008427379815, 83.08233283875931, -21.94205135303315)
(4.976925611495972, -196.47747054188076, 132.52008427379815, 83.08233283875931, -21.92393856078528)
(5.023393869400024, -196.47747054188076, 132.52008427379815, 83.08233283875931, -21.92393856078528)
(5.069534540176392, -196.75568370412117, 132.8239715717186, 83.71662608867142, -21.913985892584748)
(5.145365953445435, -196.75568370412117, 132.8239715717186, 83.71662608867142, -21.92626296066661)
(5.235708713531494, -196.75568370412117, 132.8239715717186, 83.71662608867142, -21.92626296066661)
(5.332335710525513, -197.090861884031, 133.21801499413064, 84.28133140700976, -21.910353149339407)
(5.833304166793823, -197.4164776478796, 134.1881731481689, 84.81466905553226, -21.92650756630953)
(6.334172964096069, -197.19802184465348, 135.5056284489196, 85.17257641532129, -21.881363884766344, 'fly')
(6.5040833950042725, -197.17016149237574, 136.29793257112084, 85.60673809721281, -21.901691024576987, 'fly')
(6.568338394165039, -197.17016149237574, 136.29793257112084, 85.60673809721281, -19.31673031109436, 'fly')
(6.625819683074951, -197.17016149237574, 136.29793257112084, 85.60673809721281, -19.31673031109436, 'fly')
(6.677343368530273, -196.9325527639769, 138.09691493158903, 86.11671835640234, -16.176568442698567, 'fly')
(6.725320100784302, -196.9325527639769, 138.09691493158903, 86.11671835640234, -16.176568442698567, 'fly')
(6.776726245880127, -196.9325527639769, 138.09691493158903, 86.11671835640234, -12.986298091331959, 'fly')
(6.82572078704834, -196.7823049370459, 139.71099796289968, 86.4023989328204, -9.732720006086932, 'fly')
(6.879410028457642, -196.7823049370459, 139.71099796289968, 86.4023989328204, -9.732720006086932, 'fly')
(6.9304821491241455, -196.7823049370459, 139.71099796289968, 86.4023989328204, -6.418808159245559, 'fly')
(6.974108934402466, -196.7823049370459, 139.71099796289968, 86.4023989328204, -6.418808159245559, 'fly')
(7.025842666625977, -196.7823049370459, 139.71099796289968, 86.4023989328204, -6.418808159245559, 'fly')
(7.078088045120239, -196.42713188493568, 141.84259444036795, 86.75405904039214, -3.709504219475341, 'fly')
(7.1293792724609375, -196.42713188493568, 141.84259444036795, 86.75405904039214, -0.32886648747150105, 'fly')
(7.174374341964722, -196.42713188493568, 141.84259444036795, 86.75405904039214, -0.32886648747150105, 'fly')
(7.246533393859863, -195.6863823241825, 144.83059782714386, 87.03215609711985, 2.6596822278234438, 'fly')
(7.321957588195801, -195.6863823241825, 144.83059782714386, 87.03215609711985, 2.6596822278234438, 'fly')
(7.393113613128662, -195.6863823241825, 144.83059782714386, 87.03215609711985, 5.302853469232648, 'fly')
(7.417148113250732, -195.6863823241825, 144.83059782714386, 87.03215609711985, 5.302853469232648, 'fly')
(7.597876787185669, -194.96244110468487, 148.07214263605954, 87.04413836342532, 8.274324383515777, 'fly')
(7.6347997188568115, -194.96244110468487, 148.07214263605954, 87.04413836342532, 8.274324383515777, 'fly')
(7.654515027999878, -193.79367305649805, 151.57560887729895, 87.13719523166327, 8.997797297533422, 'fly')
(7.670329809188843, -193.79367305649805, 151.57560887729895, 87.13719523166327, 8.997797297533422, 'fly')
(7.690718173980713, -193.79367305649805, 151.57560887729895, 87.13719523166327, 8.997797297533422, 'fly')
(7.7086710929870605, -193.79367305649805, 151.57560887729895, 87.13719523166327, 8.997797297533422, 'fly')
(7.726871967315674, -193.79367305649805, 151.57560887729895, 87.13719523166327, 8.997797297533422, 'fly')
(7.742233753204346, -193.79367305649805, 151.57560887729895, 87.13719523166327, 9.523842777794895, 'fly')
(7.770491600036621, -193.79367305649805, 151.57560887729895, 87.13719523166327, 9.523842777794895, 'fly')
(7.785914182662964, -193.79367305649805, 151.57560887729895, 87.13719523166327, 9.523842777794895, 'fly')
(7.801079511642456, -193.79367305649805, 151.57560887729895, 87.13719523166327, 9.523842777794895, 'fly')
(7.816791534423828, -193.79367305649805, 151.57560887729895, 87.13719523166327, 9.523842777794895, 'fly')
(7.831909894943237, -193.79367305649805, 151.57560887729895, 87.13719523166327, 9.523842777794895, 'fly')
(7.847882509231567, -193.79367305649805, 151.57560887729895, 87.13719523166327, 9.523842777794895, 'fly')
(7.893526792526245, -192.54763596029414, 155.4239067271119, 87.51917369710985, 9.300755619200858, 'fly')
(7.922106742858887, -192.54763596029414, 155.4239067271119, 87.51917369710985, 9.300755619200858, 'fly')
(7.954888343811035, -192.54763596029414, 155.4239067271119, 87.51917369710985, 8.824968655560143, 'fly')
(7.980346202850342, -192.54763596029414, 155.4239067271119, 87.51917369710985, 8.824968655560143, 'fly')
(8.021484375, -192.54763596029414, 155.4239067271119, 87.51917369710985, 8.824968655560143, 'fly')
(8.053238153457642, -191.38907854921504, 159.78605315041392, 87.78013391866251, 8.386650120909406, 'fly')
(8.068433046340942, -191.38907854921504, 159.78605315041392, 87.78013391866251, 8.386650120909406, 'fly')
(8.084325313568115, -191.38907854921504, 159.78605315041392, 87.78013391866251, 8.386650120909406, 'fly')
(8.09945273399353, -191.38907854921504, 159.78605315041392, 87.78013391866251, 8.386650120909406, 'fly')
(8.116110801696777, -191.38907854921504, 159.78605315041392, 87.78013391866251, 8.386650120909406, 'fly')
(8.153989315032959, -191.38907854921504, 159.78605315041392, 87.78013391866251, 7.993064031798864, 'fly')
(8.187482118606567, -191.38907854921504, 159.78605315041392, 87.78013391866251, 7.993064031798864, 'fly')
(8.22140645980835, -191.38907854921504, 159.78605315041392, 87.78013391866251, 7.993064031798864, 'fly')
(8.255965232849121, -189.72106137978955, 164.33927046204082, 88.06503277300168, 7.86194067479091, 'fly')
(8.283716201782227, -189.72106137978955, 164.33927046204082, 88.06503277300168, 7.86194067479091, 'fly')
(8.321387529373169, -189.72106137978955, 164.33927046204082, 88.06503277300168, 7.86194067479091, 'fly')
(8.356343030929565, -189.72106137978955, 164.33927046204082, 88.06503277300168, 8.01960162685126, 'fly')
(8.389736652374268, -189.72106137978955, 164.33927046204082, 88.06503277300168, 8.01960162685126, 'fly')
(8.536503553390503, -187.71962813726256, 168.90820848228736, 88.47146425445388, 8.361634427798668, 'fly')
(8.615637302398682, -187.71962813726256, 168.90820848228736, 88.47146425445388, 8.740728126304193, 'fly')
(8.666552305221558, -185.56508802445694, 173.4653469004233, 88.66937916536384, 9.22424150191969, 'fly')
(8.711230754852295, -185.56508802445694, 173.4653469004233, 88.66937916536384, 9.22424150191969, 'fly')
(8.75527834892273, -185.56508802445694, 173.4653469004233, 88.66937916536384, 9.22424150191969, 'fly')
(8.798630714416504, -185.56508802445694, 173.4653469004233, 88.66937916536384, 9.401992134848419, 'fly')
(8.842253923416138, -185.56508802445694, 173.4653469004233, 88.66937916536384, 9.401992134848419, 'fly')
(8.887145757675171, -184.14230917144218, 177.67399116294106, 88.37818037968866, 8.95885710843355, 'fly')
(8.958930730819702, -184.14230917144218, 177.67399116294106, 88.37818037968866, 8.95885710843355, 'fly')
(9.023938179016113, -184.14230917144218, 177.67399116294106, 88.37818037968866, 8.657893437279062, 'fly')
(9.112378120422363, -182.62441683568696, 182.07927204418257, 87.53147003891608, 8.6029512785514, 'fly')
(9.162230253219604, -182.62441683568696, 182.07927204418257, 87.53147003891608, 8.6029512785514, 'fly')
(9.206894874572754, -182.62441683568696, 182.07927204418257, 87.53147003891608, 8.593043841077984, 'fly')
(9.284494400024414, -181.24172687799526, 186.56175390304162, 86.66568738799559, 8.6111903110217, 'fly')
(9.376567602157593, -181.24172687799526, 186.56175390304162, 86.66568738799559, 8.43335497957714, 'fly')
(9.446729898452759, -180.39582269259822, 191.7848791524068, 85.71749481022182, 8.073540391419256, 'fly')
(9.470860004425049, -180.39582269259822, 191.7848791524068, 85.71749481022182, 8.073540391419256, 'fly')
(9.64305067062378, -180.58263967883335, 197.2589530727533, 85.2321472557974, 7.383426593078317, 'fly')
(9.675555944442749, -180.58263967883335, 197.2589530727533, 85.2321472557974, 7.383426593078317, 'fly')
(9.889598846435547, -181.08900951826513, 202.67017247893432, 84.87596017037568, 6.731069652767337, 'fly')
(9.904486179351807, -181.08900951826513, 202.67017247893432, 84.87596017037568, 6.731069652767337, 'fly')
(9.928411722183228, -181.08900951826513, 202.67017247893432, 84.87596017037568, 6.731069652767337, 'fly')
(9.9505615234375, -181.08900951826513, 202.67017247893432, 84.87596017037568, 6.374273471694357, 'fly')
(9.969649314880371, -181.08900951826513, 202.67017247893432, 84.87596017037568, 6.374273471694357, 'fly')
(10.194933414459229, -181.95058788217062, 208.86892795391412, 84.61970665079006, 5.869434863997592, 'fly')
(10.209650993347168, -181.95058788217062, 208.86892795391412, 84.61970665079006, 5.869434863997592, 'fly')
(10.224403619766235, -181.95058788217062, 208.86892795391412, 84.61970665079006, 5.869434863997592, 'fly')
(10.23870301246643, -181.95058788217062, 208.86892795391412, 84.61970665079006, 5.869434863997592, 'fly')
(10.275272846221924, -183.8485657485149, 214.5018085191814, 84.79281451275477, 5.879121554279154, 'fly')
(10.314818620681763, -183.8485657485149, 214.5018085191814, 84.79281451275477, 5.879121554279154, 'fly')
(10.358025789260864, -183.8485657485149, 214.5018085191814, 84.79281451275477, 5.9604186719939936, 'fly')
(10.38420581817627, -183.8485657485149, 214.5018085191814, 84.79281451275477, 5.9604186719939936, 'fly')
(10.411685705184937, -183.8485657485149, 214.5018085191814, 84.79281451275477, 5.9604186719939936, 'fly')
(10.462189435958862, -185.85835934713052, 220.25939876115933, 85.10801898850849, 6.223965648258277, 'fly')
(10.613617420196533, -185.85835934713052, 220.25939876115933, 85.10801898850849, 6.5313604523670445, 'fly')
(10.72220516204834, -187.94107201015444, 225.80538328430012, 85.68004337862092, 6.637699980582218, 'fly')
(10.815186738967896, -187.94107201015444, 225.80538328430012, 85.68004337862092, 6.6131717440740605, 'fly')
(10.985306024551392, -190.1087098713382, 231.36855302554034, 85.90921724948039, 6.671347820208206, 'fly')
(11.068671464920044, -192.52246349094403, 236.55787469395187, 85.84316194202566, 6.8425580867829705, 'fly')
(11.125197410583496, -192.52246349094403, 236.55787469395187, 85.84316194202566, 6.8425580867829705, 'fly')
(11.171408414840698, -192.52246349094403, 236.55787469395187, 85.84316194202566, 7.102717529148498, 'fly')
(11.25548505783081, -192.52246349094403, 236.55787469395187, 85.84316194202566, 7.102717529148498, 'fly')
(11.352364301681519, -194.9924670457047, 241.59455450436553, 86.05448906687137, 7.387876808668532, 'fly')
(11.423101902008057, -194.9924670457047, 241.59455450436553, 86.05448906687137, 7.600439359800484, 'fly')
(11.470532894134521, -196.3483191039762, 246.1151448501615, 86.2307453177296, 7.585045718236357, 'fly')
(11.488296270370483, -196.3483191039762, 246.1151448501615, 86.2307453177296, 7.585045718236357, 'fly')
(11.500982284545898, -196.3483191039762, 246.1151448501615, 86.2307453177296, 7.585045718236357, 'fly')
(11.514829397201538, -196.3483191039762, 246.1151448501615, 86.2307453177296, 7.585045718236357, 'fly')
(11.55101990699768, -196.3483191039762, 246.1151448501615, 86.2307453177296, 7.547792926314129, 'fly')
(11.593039751052856, -196.3483191039762, 246.1151448501615, 86.2307453177296, 7.547792926314129, 'fly')
(11.619117736816406, -196.3483191039762, 246.1151448501615, 86.2307453177296, 7.547792926314129, 'fly')
(11.645660161972046, -197.3678500525568, 250.72125298061846, 85.96966271856719, 7.544589106762322, 'fly')
(11.671255826950073, -197.3678500525568, 250.72125298061846, 85.96966271856719, 7.544589106762322, 'fly')
(11.70101284980774, -197.3678500525568, 250.72125298061846, 85.96966271856719, 7.544589106762322, 'fly')
(11.722717046737671, -197.3678500525568, 250.72125298061846, 85.96966271856719, 7.544589106762322, 'fly')
(11.744753360748291, -197.3678500525568, 250.72125298061846, 85.96966271856719, 7.544170960828206, 'fly')
(11.780483961105347, -197.3678500525568, 250.72125298061846, 85.96966271856719, 7.544170960828206, 'fly')
(11.956378936767578, -198.14180982877443, 254.94214042619848, 85.93020769592266, 7.535796645175113, 'fly')
(11.988974332809448, -198.14180982877443, 254.94214042619848, 85.93020769592266, 7.535796645175113, 'fly')
(12.020621538162231, -198.14180982877443, 254.94214042619848, 85.93020769592266, 7.535796645175113, 'fly')
(12.052267789840698, -198.7693713900039, 258.7062522813367, 85.83353472033116, 7.5443809193702, 'fly')
(12.084669828414917, -198.7693713900039, 258.7062522813367, 85.83353472033116, 7.5443809193702, 'fly')
(12.117271661758423, -198.7693713900039, 258.7062522813367, 85.83353472033116, 7.5443809193702, 'fly')
(12.141951322555542, -198.7693713900039, 258.7062522813367, 85.83353472033116, 7.555867245507878, 'fly')
(12.160783052444458, -198.7693713900039, 258.7062522813367, 85.83353472033116, 7.555867245507878, 'fly')
(12.185762166976929, -198.7693713900039, 258.7062522813367, 85.83353472033116, 7.555867245507878, 'fly')
(12.206437110900879, -198.7693713900039, 258.7062522813367, 85.83353472033116, 7.555867245507878, 'fly')
(12.227413654327393, -198.7693713900039, 258.7062522813367, 85.83353472033116, 7.555867245507878, 'fly')
(12.272338390350342, -198.78012992673987, 262.2381295776473, 85.44996671917954, 7.525095385183102, 'fly')
(12.288455724716187, -198.78012992673987, 262.2381295776473, 85.44996671917954, 7.525095385183102, 'fly')
(12.303734064102173, -198.78012992673987, 262.2381295776473, 85.44996671917954, 7.525095385183102, 'fly')
(12.32018256187439, -198.78012992673987, 262.2381295776473, 85.44996671917954, 7.525095385183102, 'fly')
(12.335078239440918, -198.78012992673987, 262.2381295776473, 85.44996671917954, 7.525095385183102, 'fly')
(12.391595125198364, -198.78012992673987, 262.2381295776473, 85.44996671917954, 7.497739361929254, 'fly')
(12.429610252380371, -198.78012992673987, 262.2381295776473, 85.44996671917954, 7.497739361929254, 'fly')
(12.471678256988525, -198.45722864302238, 265.2137197723981, 85.77368467879174, 7.438679022578816, 'fly')
(12.62190556526184, -198.45722864302238, 265.2137197723981, 85.77368467879174, 7.487573984604589, 'fly')
(12.693500280380249, -198.0270325061574, 267.7196665606512, 85.62769228724807, 8.372415965257902, 'fly')
(12.74154281616211, -198.0270325061574, 267.7196665606512, 85.62769228724807, 8.372415965257902, 'fly')
(12.82624077796936, -198.0270325061574, 267.7196665606512, 85.62769228724807, 7.5954019478220065, 'fly')
(12.939176321029663, -198.4754580800954, 267.48330952486685, 85.01300005831337, 7.0241362646593135, 'fly')
(13.040686845779419, -198.4754580800954, 267.48330952486685, 85.01300005831337, 6.6649005024281305, 'fly')
(13.097484827041626, -199.18605865175786, 267.1703516413398, 84.77709840118588, 6.893395655198939, 'fly')
('min', -213.38752744522952, 258.159914560548, 84.20640526700991)
('max', -181.56840674744478, 274.62447970727675, 85.75232679193893)
('dlp', -196.59485303778504, 265.51246741698355, 85.44841681742598, 7.513389283911501)