====================== HEADER ======================
Odometry data will folow format (time, x, y, z, yaw)
Landing site: (-1, x, y, z, yaw)
X = left and right
Y = foraward backward
Z = height
=====================================================
('min', -188.24548725819767, 358.4059340106174, -203.73378511918426)
('max', -157.1734698645134, 377.4943037748101, -201.8277186082565)
('dlp', -174.3570098200749, 368.0890894343725, -201.8277186082565, 7.690858594230047)
(0, -171.35784390106068, 214.90489337479593, -180.12136760694887, -22.770675221633404)
(0.0002162456512451172, -171.35784390106068, 214.90489337479593, -180.12136760694887, -22.770675221633404)
(0.0368962287902832, -171.35784390106068, 214.90489337479593, -180.12136760694887, -22.770675221633404)
(0.06996321678161621, -171.35784390106068, 214.90489337479593, -180.12136760694887, -22.770675221633404)
(0.08777475357055664, -171.35784390106068, 214.90489337479593, -180.12136760694887, -22.770675221633404)
(0.10209536552429199, -171.14641866554646, 214.4475461664584, -179.76990129618466, -23.308941924266648)
(0.13713407516479492, -171.14641866554646, 214.4475461664584, -179.76990129618466, -23.308941924266648)
(0.1541593074798584, -171.14641866554646, 214.4475461664584, -179.76990129618466, -23.308941924266648)
(0.17251110076904297, -171.14641866554646, 214.4475461664584, -179.76990129618466, -23.308941924266648)
(0.18645787239074707, -171.14641866554646, 214.4475461664584, -179.76990129618466, -23.308941924266648)
(0.20426130294799805, -171.14641866554646, 214.4475461664584, -179.76990129618466, -23.926068508458787)
(0.22191953659057617, -171.14641866554646, 214.4475461664584, -179.76990129618466, -23.926068508458787)
(0.259049654006958, -171.14641866554646, 214.4475461664584, -179.76990129618466, -23.926068508458787)
(0.29502201080322266, -171.14641866554646, 214.4475461664584, -179.76990129618466, -23.926068508458787)
(0.31890273094177246, -171.07901599457492, 214.69377614831825, -179.93071698383463, -24.495126989751867)
(0.34297633171081543, -171.07901599457492, 214.69377614831825, -179.93071698383463, -24.495126989751867)
(0.36716461181640625, -171.07901599457492, 214.69377614831825, -179.93071698383463, -24.495126989751867)
(0.4030134677886963, -171.07901599457492, 214.69377614831825, -179.93071698383463, -24.495126989751867)
(0.4269742965698242, -171.07901599457492, 214.69377614831825, -179.93071698383463, -24.946668807928916)
(0.4428086280822754, -171.07901599457492, 214.69377614831825, -179.93071698383463, -24.946668807928916)
(0.45693421363830566, -171.07901599457492, 214.69377614831825, -179.93071698383463, -24.946668807928916)
(0.5528397560119629, -171.13640061183867, 215.1886315395107, -181.39743141073453, -25.17723870943627)
(0.5777978897094727, -171.13640061183867, 215.1886315395107, -181.39743141073453, -25.17723870943627)
(0.6218469142913818, -171.13640061183867, 215.1886315395107, -181.39743141073453, -25.21129335724499)
(0.6411910057067871, -171.13640061183867, 215.1886315395107, -181.39743141073453, -25.21129335724499)
(0.6666157245635986, -171.13640061183867, 215.1886315395107, -181.39743141073453, -25.21129335724499)
(0.6909260749816895, -171.13640061183867, 215.1886315395107, -181.39743141073453, -25.21129335724499)
(0.7148730754852295, -171.49462726114635, 216.139365832848, -183.8302733715437, -25.143814766086912)
(0.729487419128418, -171.49462726114635, 216.139365832848, -183.8302733715437, -25.143814766086912)
(0.7437009811401367, -171.49462726114635, 216.139365832848, -183.8302733715437, -25.143814766086912)
(0.7578048706054688, -171.49462726114635, 216.139365832848, -183.8302733715437, -25.143814766086912)
(0.7718017101287842, -171.49462726114635, 216.139365832848, -183.8302733715437, -25.143814766086912)
(0.7856717109680176, -171.49462726114635, 216.139365832848, -183.8302733715437, -25.143814766086912)
(0.8410429954528809, -171.49462726114635, 216.139365832848, -183.8302733715437, -25.039001257756475)
(0.8667528629302979, -171.49462726114635, 216.139365832848, -183.8302733715437, -25.039001257756475)
(0.8950216770172119, -171.49462726114635, 216.139365832848, -183.8302733715437, -25.039001257756475)
(0.9187183380126953, -172.2175308743896, 217.42528261189665, -187.09843016979673, -24.95862068458998)
(0.9487440586090088, -172.2175308743896, 217.42528261189665, -187.09843016979673, -24.95862068458998)
(0.9866683483123779, -172.2175308743896, 217.42528261189665, -187.09843016979673, -24.95862068458998)
(1.0045619010925293, -172.2175308743896, 217.42528261189665, -187.09843016979673, -24.95862068458998)
(1.019305944442749, -172.2175308743896, 217.42528261189665, -187.09843016979673, -24.846968336458538)
(1.0337274074554443, -172.2175308743896, 217.42528261189665, -187.09843016979673, -24.846968336458538)
(1.0477933883666992, -172.2175308743896, 217.42528261189665, -187.09843016979673, -24.846968336458538)
(1.210881233215332, -172.59010862112476, 218.67773808405187, -190.97277669295354, -24.786277345038798)
(1.2405223846435547, -172.59010862112476, 218.67773808405187, -190.97277669295354, -24.726210069879833)
(1.272383451461792, -172.59010862112476, 218.67773808405187, -190.97277669295354, -24.726210069879833)
(1.2978410720825195, -172.59010862112476, 218.67773808405187, -190.97277669295354, -24.726210069879833)
(1.312743902206421, -172.59010862112476, 218.67773808405187, -190.97277669295354, -24.726210069879833)
(1.3270235061645508, -173.3113995688329, 220.40252200451448, -195.16418332315874, -24.7325662456345)
(1.3412189483642578, -173.3113995688329, 220.40252200451448, -195.16418332315874, -24.7325662456345)
(1.3553321361541748, -173.3113995688329, 220.40252200451448, -195.16418332315874, -24.7325662456345)
(1.370394229888916, -173.3113995688329, 220.40252200451448, -195.16418332315874, -24.7325662456345)
(1.3850455284118652, -173.3113995688329, 220.40252200451448, -195.16418332315874, -24.7325662456345)
(1.4650208950042725, -173.3113995688329, 220.40252200451448, -195.16418332315874, -24.750046744270378)
(1.487987995147705, -173.3113995688329, 220.40252200451448, -195.16418332315874, -24.750046744270378)
(1.5244872570037842, -173.901335742961, 221.76258753556777, -199.3865152933806, -24.72258798281858)
(1.554809331893921, -173.901335742961, 221.76258753556777, -199.3865152933806, -24.72258798281858)
(1.6043298244476318, -173.901335742961, 221.76258753556777, -199.3865152933806, -24.72258798281858)
(1.6437914371490479, -173.901335742961, 221.76258753556777, -199.3865152933806, -24.72561396896747)
(1.665816068649292, -173.901335742961, 221.76258753556777, -199.3865152933806, -24.72561396896747)
(1.6987059116363525, -173.901335742961, 221.76258753556777, -199.3865152933806, -24.72561396896747)
(1.724001407623291, -173.901335742961, 221.76258753556777, -199.3865152933806, -24.72561396896747)
(1.740391492843628, -174.4482863455388, 222.52630416129176, -203.2048418690232, -24.707757723514767)
(1.7587144374847412, -174.4482863455388, 222.52630416129176, -203.2048418690232, -24.707757723514767)
(1.776444673538208, -174.4482863455388, 222.52630416129176, -203.2048418690232, -24.707757723514767)
(1.7995004653930664, -174.4482863455388, 222.52630416129176, -203.2048418690232, -24.707757723514767)
(1.8219711780548096, -174.4482863455388, 222.52630416129176, -203.2048418690232, -24.707757723514767)
(1.842015027999878, -174.4482863455388, 222.52630416129176, -203.2048418690232, -24.720836235027882)
(1.928480863571167, -174.4482863455388, 222.52630416129176, -203.2048418690232, -24.720836235027882)
(1.9673397541046143, -174.80723899218282, 223.67530243424628, -206.75524945760299, -24.72518484707625)
(1.9995410442352295, -174.80723899218282, 223.67530243424628, -206.75524945760299, -24.740149209128806)
(2.0297584533691406, -174.80723899218282, 223.67530243424628, -206.75524945760299, -24.740149209128806)
(2.0550663471221924, -174.80723899218282, 223.67530243424628, -206.75524945760299, -24.740149209128806)
(2.175907611846924, -175.39528002945724, 224.2069690040025, -210.42865974001677, -24.768441178834358)
(2.263672351837158, -175.39528002945724, 224.2069690040025, -210.42865974001677, -24.847136914329834)
(2.317366600036621, -175.27754825361532, 225.8256553356437, -213.19546725467595, -24.86786503915961)
(2.3998610973358154, -175.27754825361532, 225.8256553356437, -213.19546725467595, -24.96194548123875)
(2.4918649196624756, -175.27754825361532, 225.8256553356437, -213.19546725467595, -24.96194548123875)
(2.559828042984009, -175.15961036477793, 226.92491111226164, -213.77104313384555, -25.051817755083977)
(2.6077520847320557, -175.15961036477793, 226.92491111226164, -213.77104313384555, -25.155969955375213)
(2.6506006717681885, -175.15961036477793, 226.92491111226164, -213.77104313384555, -25.155969955375213)
(2.693455696105957, -175.15961036477793, 226.92491111226164, -213.77104313384555, -25.155969955375213)
(2.735595703125, -174.8691873144581, 228.225241856394, -212.32696007313152, -25.2799460052687)
(2.7777597904205322, -174.8691873144581, 228.225241856394, -212.32696007313152, -25.2799460052687)
(2.8203237056732178, -174.8691873144581, 228.225241856394, -212.32696007313152, -25.36363916735089)
(2.8625011444091797, -174.8691873144581, 228.225241856394, -212.32696007313152, -25.36363916735089)
(2.9045510292053223, -174.8691873144581, 228.225241856394, -212.32696007313152, -25.36363916735089)
(2.946535110473633, -174.53122541669092, 229.7379678143608, -209.66663142783122, -25.463999382495473)
(2.9887659549713135, -174.53122541669092, 229.7379678143608, -209.66663142783122, -25.463999382495473)
(3.0313541889190674, -174.53122541669092, 229.7379678143608, -209.66663142783122, -25.5515372448534)
(3.0734620094299316, -174.53122541669092, 229.7379678143608, -209.66663142783122, -25.5515372448534)
(3.100961208343506, -174.53122541669092, 229.7379678143608, -209.66663142783122, -25.5515372448534)
(3.116245746612549, -174.17917623720018, 231.19405421069558, -206.73340105630902, -25.63372480353226)
(3.1303257942199707, -174.17917623720018, 231.19405421069558, -206.73340105630902, -25.63372480353226)
(3.1447479724884033, -174.17917623720018, 231.19405421069558, -206.73340105630902, -25.63372480353226)
(3.2635397911071777, -174.17917623720018, 231.19405421069558, -206.73340105630902, -25.658138586512003)
(3.2930426597595215, -174.17917623720018, 231.19405421069558, -206.73340105630902, -25.658138586512003)
(3.330197811126709, -173.9018857932522, 232.1021775623596, -204.0929731681114, -25.639580630252894)
(3.3590824604034424, -173.9018857932522, 232.1021775623596, -204.0929731681114, -25.639580630252894)
(3.400672435760498, -173.9018857932522, 232.1021775623596, -204.0929731681114, -25.639580630252894)
(3.425401449203491, -173.9018857932522, 232.1021775623596, -204.0929731681114, -25.65202383010087)
(3.4717159271240234, -173.9018857932522, 232.1021775623596, -204.0929731681114, -25.65202383010087)
(3.4974160194396973, -173.9018857932522, 232.1021775623596, -204.0929731681114, -25.65202383010087)
(3.5117239952087402, -173.9018857932522, 232.1021775623596, -204.0929731681114, -25.65202383010087)
(3.5259993076324463, -173.67390295165822, 233.15010836398432, -201.82026574632695, -25.62690449391817)
(3.5688862800598145, -173.67390295165822, 233.15010836398432, -201.82026574632695, -25.62690449391817)
(4.069944381713867, -173.49080991260288, 234.6423771558875, -199.44723899509447, -25.43042943184127)
(4.570839166641235, -172.8299907041296, 236.6257798420157, -200.0578073816628, -25.223777430158833, 'fly')
(4.72433876991272, -172.6681107345992, 237.62389484852017, -200.99747411249663, -24.78873717914077, 'fly')
(4.890125751495361, -172.6681107345992, 237.62389484852017, -200.99747411249663, -21.567890386492518, 'fly')
(4.980231046676636, -172.3538691123699, 239.75834263090465, -201.9724771231955, -18.143027024612426, 'fly')
(5.02944803237915, -172.3538691123699, 239.75834263090465, -201.9724771231955, -14.755311370303538, 'fly')
(5.073606491088867, -172.3538691123699, 239.75834263090465, -201.9724771231955, -14.755311370303538, 'fly')
(5.116953134536743, -172.71163203270237, 242.7697398353823, -202.5521219352577, -11.299086422574844, 'fly')
(5.161031246185303, -172.71163203270237, 242.7697398353823, -202.5521219352577, -11.299086422574844, 'fly')
(5.20363974571228, -172.71163203270237, 242.7697398353823, -202.5521219352577, -11.299086422574844, 'fly')
(5.246126890182495, -172.71163203270237, 242.7697398353823, -202.5521219352577, -7.860711764967128, 'fly')
(5.297566890716553, -172.71163203270237, 242.7697398353823, -202.5521219352577, -7.860711764967128, 'fly')
(5.347251653671265, -173.31371299160102, 246.54740746203498, -202.96641584548993, -5.412527387176578, 'fly')
(5.3917131423950195, -173.31371299160102, 246.54740746203498, -202.96641584548993, -5.412527387176578, 'fly')
(5.447766304016113, -173.31371299160102, 246.54740746203498, -202.96641584548993, -3.957211259077062, 'fly')
(5.519011974334717, -174.2826660340233, 250.76831938865834, -203.03193051461952, -1.990910009482274, 'fly')
(5.603546857833862, -174.2826660340233, 250.76831938865834, -203.03193051461952, -1.990910009482274, 'fly')
(5.623500108718872, -174.2826660340233, 250.76831938865834, -203.03193051461952, 1.0384554790525442, 'fly')
(5.640778303146362, -174.2826660340233, 250.76831938865834, -203.03193051461952, 1.0384554790525442, 'fly')
(5.655048131942749, -174.2826660340233, 250.76831938865834, -203.03193051461952, 1.0384554790525442, 'fly')
(5.673290967941284, -174.2826660340233, 250.76831938865834, -203.03193051461952, 1.0384554790525442, 'fly')
(5.687917947769165, -174.2826660340233, 250.76831938865834, -203.03193051461952, 1.0384554790525442, 'fly')
(5.706264019012451, -174.2826660340233, 250.76831938865834, -203.03193051461952, 1.0384554790525442, 'fly')
(5.721660614013672, -174.92960589726331, 255.58808914500776, -202.67749715474102, 3.6963357818453346, 'fly')
(5.738670110702515, -174.92960589726331, 255.58808914500776, -202.67749715474102, 3.6963357818453346, 'fly')
(5.770152568817139, -174.92960589726331, 255.58808914500776, -202.67749715474102, 3.6963357818453346, 'fly')
(5.785073280334473, -174.92960589726331, 255.58808914500776, -202.67749715474102, 3.6963357818453346, 'fly')
(5.802619695663452, -174.92960589726331, 255.58808914500776, -202.67749715474102, 3.6963357818453346, 'fly')
(5.817428350448608, -174.92960589726331, 255.58808914500776, -202.67749715474102, 3.6963357818453346, 'fly')
(5.834896087646484, -174.92960589726331, 255.58808914500776, -202.67749715474102, 6.732926877804884, 'fly')
(5.8496387004852295, -174.92960589726331, 255.58808914500776, -202.67749715474102, 6.732926877804884, 'fly')
(5.90030574798584, -174.92960589726331, 255.58808914500776, -202.67749715474102, 6.732926877804884, 'fly')
(5.942879676818848, -175.1455423505436, 260.3975563229229, -202.10129396215706, 8.98722748947696, 'fly')
(5.9778056144714355, -175.1455423505436, 260.3975563229229, -202.10129396215706, 8.98722748947696, 'fly')
(6.009129524230957, -175.1455423505436, 260.3975563229229, -202.10129396215706, 8.98722748947696, 'fly')
(6.059106349945068, -175.1455423505436, 260.3975563229229, -202.10129396215706, 9.781926757593078, 'fly')
(6.080872058868408, -175.1455423505436, 260.3975563229229, -202.10129396215706, 9.781926757593078, 'fly')
(6.096101760864258, -175.1455423505436, 260.3975563229229, -202.10129396215706, 9.781926757593078, 'fly')
(6.111620187759399, -175.1455423505436, 260.3975563229229, -202.10129396215706, 9.781926757593078, 'fly')
(6.131088018417358, -174.88951722103488, 265.6453933547547, -201.5017452686306, 8.739877935095782, 'fly')
(6.146242380142212, -174.88951722103488, 265.6453933547547, -201.5017452686306, 8.739877935095782, 'fly')
(6.29127836227417, -174.88951722103488, 265.6453933547547, -201.5017452686306, 6.760217082040787, 'fly')
(6.324370861053467, -174.88951722103488, 265.6453933547547, -201.5017452686306, 6.760217082040787, 'fly')
(6.364956378936768, -174.12444988547824, 271.3701925264231, -201.42259840349445, 5.45982306880992, 'fly')
(6.402680397033691, -174.12444988547824, 271.3701925264231, -201.42259840349445, 4.840555738311862, 'fly')
(6.426968812942505, -174.12444988547824, 271.3701925264231, -201.42259840349445, 4.840555738311862, 'fly')
(6.472941875457764, -174.12444988547824, 271.3701925264231, -201.42259840349445, 4.840555738311862, 'fly')
(6.4994001388549805, -173.24488141337676, 277.3148281739856, -201.21368492972746, 5.431265525439093, 'fly')
(6.527559757232666, -173.24488141337676, 277.3148281739856, -201.21368492972746, 5.431265525439093, 'fly')
(6.546034812927246, -173.24488141337676, 277.3148281739856, -201.21368492972746, 5.431265525439093, 'fly')
(6.567011833190918, -173.24488141337676, 277.3148281739856, -201.21368492972746, 5.431265525439093, 'fly')
(6.592716217041016, -173.24488141337676, 277.3148281739856, -201.21368492972746, 6.6862398245935655, 'fly')
(6.6092751026153564, -173.24488141337676, 277.3148281739856, -201.21368492972746, 6.6862398245935655, 'fly')
(6.663693428039551, -173.24488141337676, 277.3148281739856, -201.21368492972746, 6.6862398245935655, 'fly')
(6.679027795791626, -173.24488141337676, 277.3148281739856, -201.21368492972746, 6.6862398245935655, 'fly')
(6.694412469863892, -171.88225698993492, 282.7468251479159, -201.11639772576999, 7.229820225993345, 'fly')
(6.709866762161255, -171.88225698993492, 282.7468251479159, -201.11639772576999, 7.229820225993345, 'fly')
(6.738193035125732, -171.88225698993492, 282.7468251479159, -201.11639772576999, 7.229820225993345, 'fly')
(6.770965099334717, -171.88225698993492, 282.7468251479159, -201.11639772576999, 7.229820225993345, 'fly')
(6.792452812194824, -171.88225698993492, 282.7468251479159, -201.11639772576999, 7.444904664622213, 'fly')
(6.810994625091553, -171.88225698993492, 282.7468251479159, -201.11639772576999, 7.444904664622213, 'fly')
(6.829661130905151, -171.88225698993492, 282.7468251479159, -201.11639772576999, 7.444904664622213, 'fly')
(6.84869122505188, -171.88225698993492, 282.7468251479159, -201.11639772576999, 7.444904664622213, 'fly')
(6.871556043624878, -171.88225698993492, 282.7468251479159, -201.11639772576999, 7.444904664622213, 'fly')
(6.890368938446045, -171.88225698993492, 282.7468251479159, -201.11639772576999, 7.444904664622213, 'fly')
(6.910866737365723, -170.84230335464488, 287.9585256680993, -200.9886739794387, 7.413233688382784, 'fly')
(6.9293532371521, -170.84230335464488, 287.9585256680993, -200.9886739794387, 7.413233688382784, 'fly')
(6.947308540344238, -170.84230335464488, 287.9585256680993, -200.9886739794387, 7.413233688382784, 'fly')
(6.9870429039001465, -170.84230335464488, 287.9585256680993, -200.9886739794387, 7.413233688382784, 'fly')
(7.014547824859619, -170.84230335464488, 287.9585256680993, -200.9886739794387, 7.399115736935771, 'fly')
(7.0670411586761475, -170.84230335464488, 287.9585256680993, -200.9886739794387, 7.399115736935771, 'fly')
(7.0995471477508545, -169.78947529511703, 293.29139303392014, -200.88458810009556, 7.391190392880739, 'fly')
(7.1225364208221436, -169.78947529511703, 293.29139303392014, -200.88458810009556, 7.391190392880739, 'fly')
(7.144338130950928, -169.78947529511703, 293.29139303392014, -200.88458810009556, 7.391190392880739, 'fly')
(7.197078704833984, -169.78947529511703, 293.29139303392014, -200.88458810009556, 7.391190392880739, 'fly')
(7.2226104736328125, -169.78947529511703, 293.29139303392014, -200.88458810009556, 7.360762776932555, 'fly')
(7.241728782653809, -169.78947529511703, 293.29139303392014, -200.88458810009556, 7.360762776932555, 'fly')
(7.25825834274292, -169.78947529511703, 293.29139303392014, -200.88458810009556, 7.360762776932555, 'fly')
(7.491540431976318, -168.65313727375442, 298.33585671438146, -200.60372894868374, 7.382994168699595, 'fly')
(7.545685052871704, -167.35615776111374, 303.8535935527917, -200.43534846641916, 7.371868475650588, 'fly')
(7.5924599170684814, -167.35615776111374, 303.8535935527917, -200.43534846641916, 7.371868475650588, 'fly')
(7.637119293212891, -167.35615776111374, 303.8535935527917, -200.43534846641916, 7.369751189545527, 'fly')
(7.656369209289551, -167.35615776111374, 303.8535935527917, -200.43534846641916, 7.369751189545527, 'fly')
(7.835583925247192, -166.3622304130426, 309.24114702240547, -200.38733574144177, 7.362321151938579, 'fly')
(7.8743507862091064, -166.3622304130426, 309.24114702240547, -200.38733574144177, 7.362321151938579, 'fly')
(7.89478611946106, -166.3622304130426, 309.24114702240547, -200.38733574144177, 7.362321151938579, 'fly')
(7.909869432449341, -166.3622304130426, 309.24114702240547, -200.38733574144177, 7.362321151938579, 'fly')
(7.929903745651245, -165.65390168121317, 315.16248188394235, -200.52226438344582, 7.424020631839751, 'fly')
(7.945415019989014, -165.65390168121317, 315.16248188394235, -200.52226438344582, 7.424020631839751, 'fly')
(7.961694955825806, -165.65390168121317, 315.16248188394235, -200.52226438344582, 7.424020631839751, 'fly')
(7.985929012298584, -165.65390168121317, 315.16248188394235, -200.52226438344582, 7.424020631839751, 'fly')
(8.00298285484314, -165.65390168121317, 315.16248188394235, -200.52226438344582, 7.424020631839751, 'fly')
(8.044721603393555, -165.65390168121317, 315.16248188394235, -200.52226438344582, 7.402934971730209, 'fly')
(8.068185806274414, -165.65390168121317, 315.16248188394235, -200.52226438344582, 7.402934971730209, 'fly')
(8.084088563919067, -165.65390168121317, 315.16248188394235, -200.52226438344582, 7.402934971730209, 'fly')
(8.10384726524353, -165.65390168121317, 315.16248188394235, -200.52226438344582, 7.402934971730209, 'fly')
(8.166037797927856, -164.52531068039804, 320.75020896462064, -200.52857294089372, 7.364793423951694, 'fly')
(8.241973161697388, -164.52531068039804, 320.75020896462064, -200.52857294089372, 7.344175234333539, 'fly')
(8.427581071853638, -163.8823068355607, 326.7534201881748, -200.3994687447352, 7.302113308243184, 'fly')
(8.46642518043518, -163.8823068355607, 326.7534201881748, -200.3994687447352, 7.304042406442983, 'fly')
(8.498560428619385, -163.79598605776923, 332.9417005364077, -200.19067495875404, 7.327360190615535, 'fly')
(8.516273975372314, -163.79598605776923, 332.9417005364077, -200.19067495875404, 7.327360190615535, 'fly')
(8.537815570831299, -163.79598605776923, 332.9417005364077, -200.19067495875404, 7.327360190615535, 'fly')
(8.577410221099854, -163.79598605776923, 332.9417005364077, -200.19067495875404, 7.327360190615535, 'fly')
(8.603657484054565, -163.79598605776923, 332.9417005364077, -200.19067495875404, 7.270165406474243, 'fly')
(8.623594760894775, -163.79598605776923, 332.9417005364077, -200.19067495875404, 7.270165406474243, 'fly')
(8.641289710998535, -163.79598605776923, 332.9417005364077, -200.19067495875404, 7.270165406474243, 'fly')
(8.697803020477295, -163.42757112531478, 339.41033406689365, -200.10030701220938, 7.278452069619226, 'fly')
(8.715262413024902, -163.42757112531478, 339.41033406689365, -200.10030701220938, 7.278452069619226, 'fly')
(8.73384690284729, -163.42757112531478, 339.41033406689365, -200.10030701220938, 7.278452069619226, 'fly')
(8.769173622131348, -163.42757112531478, 339.41033406689365, -200.10030701220938, 7.278452069619226, 'fly')
(8.819835186004639, -163.42757112531478, 339.41033406689365, -200.10030701220938, 7.27306601984049, 'fly')
(8.847811937332153, -163.42757112531478, 339.41033406689365, -200.10030701220938, 7.27306601984049, 'fly')
(8.895054578781128, -163.6839721824242, 345.57638559834953, -200.1816435884706, 7.332180536445092, 'fly')
(8.930475234985352, -163.6839721824242, 345.57638559834953, -200.1816435884706, 7.332180536445092, 'fly')
(8.95750093460083, -163.6839721824242, 345.57638559834953, -200.1816435884706, 7.332180536445092, 'fly')
(8.973373413085938, -163.6839721824242, 345.57638559834953, -200.1816435884706, 7.332180536445092, 'fly')
(8.988600492477417, -163.6839721824242, 345.57638559834953, -200.1816435884706, 7.332180536445092, 'fly')
(9.093794345855713, -163.6839721824242, 345.57638559834953, -200.1816435884706, 7.358618323777071, 'fly')
(9.127031087875366, -164.05882796820444, 352.3761488866269, -200.50863759536617, 7.399650439737014, 'fly')
(9.166236162185669, -164.05882796820444, 352.3761488866269, -200.50863759536617, 7.399650439737014, 'fly')
(9.199047803878784, -164.05882796820444, 352.3761488866269, -200.50863759536617, 7.399650439737014, 'fly')
(9.219313383102417, -164.05882796820444, 352.3761488866269, -200.50863759536617, 7.451737114970635, 'fly')
(9.422486543655396, -164.79162235534426, 359.13704439426874, -201.04232398217567, 7.472355174109433, 'fly')
(9.441695213317871, -164.79162235534426, 359.13704439426874, -201.04232398217567, 7.472355174109433, 'fly')
(9.45862603187561, -164.79162235534426, 359.13704439426874, -201.04232398217567, 7.472355174109433, 'fly')
(9.474087715148926, -164.79162235534426, 359.13704439426874, -201.04232398217567, 7.472355174109433, 'fly')
(9.491896629333496, -164.79162235534426, 359.13704439426874, -201.04232398217567, 7.472355174109433, 'fly')
(9.510326862335205, -166.06294850186097, 365.7447054199344, -201.5613763290857, 7.571935171870978, 'fly')
(9.527691841125488, -166.06294850186097, 365.7447054199344, -201.5613763290857, 7.571935171870978, 'fly')
(9.542472124099731, -166.06294850186097, 365.7447054199344, -201.5613763290857, 7.571935171870978, 'fly')
(9.557552337646484, -166.06294850186097, 365.7447054199344, -201.5613763290857, 7.571935171870978, 'fly')
(9.572492599487305, -166.06294850186097, 365.7447054199344, -201.5613763290857, 7.571935171870978, 'fly')
(9.587063074111938, -166.06294850186097, 365.7447054199344, -201.5613763290857, 7.571935171870978, 'fly')
(9.602216958999634, -166.06294850186097, 365.7447054199344, -201.5613763290857, 7.571935171870978, 'fly')
(9.616663217544556, -166.06294850186097, 365.7447054199344, -201.5613763290857, 7.405213786332707, 'fly')
(9.630745649337769, -166.06294850186097, 365.7447054199344, -201.5613763290857, 7.405213786332707, 'fly')
(9.645415306091309, -166.06294850186097, 365.7447054199344, -201.5613763290857, 7.405213786332707, 'fly')
(9.670711040496826, -166.06294850186097, 365.7447054199344, -201.5613763290857, 7.405213786332707, 'fly')
(9.686123371124268, -166.06294850186097, 365.7447054199344, -201.5613763290857, 7.405213786332707, 'fly')
(9.70076322555542, -166.06294850186097, 365.7447054199344, -201.5613763290857, 7.405213786332707, 'fly')
(9.727115392684937, -168.98641768453567, 367.46912331487977, -202.25883157574498, 7.411950047880291, 'fly')
('min', -188.24548725819767, 358.4059340106174, -203.73378511918426)
('max', -157.1734698645134, 377.4943037748101, -201.8277186082565)
('dlp', -174.3570098200749, 368.0890894343725, -201.8277186082565, 7.690858594230047)