====================== HEADER ======================
Odometry data will folow format (time, x, y, z, yaw)
Landing site: (-1, x, y, z, yaw)
X = left and right
Y = foraward backward
Z = height
=====================================================
('min', -1306.7314455456738, -266.1069897920699, -28.82604028489606)
('max', -1266.5662197543254, -261.02338031524823, -26.47893649118985)
('dlp', -1287.2281625418411, -263.58052793940396, -27.04513923435242, 14.674593676908684)
(0, -1288.1439104796045, -464.5503798533255, -6.2440337367638445, 22.333286846872937)
(0.00011610984802246094, -1288.1439104796045, -464.5503798533255, -6.2440337367638445, 22.333286846872937)
(0.04596376419067383, -1288.1439104796045, -464.5503798533255, -6.2440337367638445, 22.27604640004363)
(0.18600773811340332, -1287.1292243291061, -464.34814289446376, -5.897897308309835, 22.158232553765608)
(0.29793405532836914, -1287.1292243291061, -464.34814289446376, -5.897897308309835, 22.15943992097521)
(0.35843729972839355, -1286.2552142512877, -464.3461001890146, -6.083768051619782, 22.13916419418794)
(0.41074085235595703, -1286.2552142512877, -464.3461001890146, -6.083768051619782, 22.13916419418794)
(0.46001219749450684, -1286.2552142512877, -464.3461001890146, -6.083768051619782, 22.137444815747585)
(0.50492262840271, -1286.2552142512877, -464.3461001890146, -6.083768051619782, 22.137444815747585)
(0.5579690933227539, -1285.7333864907432, -464.8891890771498, -7.741062874719074, 22.142118465788872)
(0.5732018947601318, -1285.7333864907432, -464.8891890771498, -7.741062874719074, 22.142118465788872)
(0.5942623615264893, -1285.7333864907432, -464.8891890771498, -7.741062874719074, 22.142118465788872)
(0.6159148216247559, -1285.7333864907432, -464.8891890771498, -7.741062874719074, 22.142118465788872)
(0.6274077892303467, -1285.7333864907432, -464.8891890771498, -7.741062874719074, 22.125056619738245)
(0.6394002437591553, -1285.7333864907432, -464.8891890771498, -7.741062874719074, 22.125056619738245)
(0.6554949283599854, -1285.7333864907432, -464.8891890771498, -7.741062874719074, 22.125056619738245)
(0.6911838054656982, -1285.7333864907432, -464.8891890771498, -7.741062874719074, 22.125056619738245)
(0.7215018272399902, -1285.2722741196815, -465.5110173876303, -10.383092388564421, 22.11909055560568)
(0.7629199028015137, -1285.2722741196815, -465.5110173876303, -10.383092388564421, 22.11909055560568)
(0.7950913906097412, -1285.2722741196815, -465.5110173876303, -10.383092388564421, 22.11909055560568)
(0.8354568481445312, -1285.2722741196815, -465.5110173876303, -10.383092388564421, 22.10638032644167)
(0.8728656768798828, -1285.2722741196815, -465.5110173876303, -10.383092388564421, 22.10638032644167)
(0.890995979309082, -1285.2722741196815, -465.5110173876303, -10.383092388564421, 22.10638032644167)
(0.9057791233062744, -1285.2722741196815, -465.5110173876303, -10.383092388564421, 22.10638032644167)
(0.9397270679473877, -1285.0462846946805, -466.07483867776153, -13.901353265285445, 22.13272997496523)
(0.9634120464324951, -1285.0462846946805, -466.07483867776153, -13.901353265285445, 22.13272997496523)
(1.0047569274902344, -1285.0462846946805, -466.07483867776153, -13.901353265285445, 22.13272997496523)
(1.031470775604248, -1285.0462846946805, -466.07483867776153, -13.901353265285445, 22.155075263864042)
(1.0513410568237305, -1285.0462846946805, -466.07483867776153, -13.901353265285445, 22.155075263864042)
(1.0882983207702637, -1285.0462846946805, -466.07483867776153, -13.901353265285445, 22.155075263864042)
(1.130528450012207, -1284.9968406816165, -466.0965749519021, -17.61103417673686, 22.172392600463475)
(1.1751863956451416, -1284.9968406816165, -466.0965749519021, -17.61103417673686, 22.172392600463475)
(1.228752851486206, -1284.9968406816165, -466.0965749519021, -17.61103417673686, 22.172392600463475)
(1.271190881729126, -1284.9968406816165, -466.0965749519021, -17.61103417673686, 22.17888595482564)
(1.2986557483673096, -1284.9968406816165, -466.0965749519021, -17.61103417673686, 22.17888595482564)
(1.3170666694641113, -1284.9968406816165, -466.0965749519021, -17.61103417673686, 22.17888595482564)
(1.360764741897583, -1284.9626449834166, -466.09728977336243, -21.580538823880637, 22.19513185189512)
(1.3974344730377197, -1284.9626449834166, -466.09728977336243, -21.580538823880637, 22.19513185189512)
(1.4314165115356445, -1284.9626449834166, -466.09728977336243, -21.580538823880637, 22.19513185189512)
(1.490896224975586, -1284.9626449834166, -466.09728977336243, -21.580538823880637, 22.202652047824117)
(1.5259315967559814, -1284.9626449834166, -466.09728977336243, -21.580538823880637, 22.202652047824117)
(1.5652713775634766, -1285.0332323692337, -465.77221815744, -25.33823197984217, 22.18340275546478)
(1.6986896991729736, -1285.0332323692337, -465.77221815744, -25.33823197984217, 22.19120069473497)
(1.7852799892425537, -1285.016157940236, -465.45566069566115, -28.34800003058162, 22.1605416525071)
(1.836198329925537, -1285.016157940236, -465.45566069566115, -28.34800003058162, 22.189545787001762)
(1.882631540298462, -1285.016157940236, -465.45566069566115, -28.34800003058162, 22.189545787001762)
(1.9283769130706787, -1284.7853376109497, -465.5300831854929, -29.97499767414495, 22.22471048333103)
(1.9744677543640137, -1284.7853376109497, -465.5300831854929, -29.97499767414495, 22.22471048333103)
(2.0710911750793457, -1284.7853376109497, -465.5300831854929, -29.97499767414495, 22.23163425213403)
(2.1643433570861816, -1284.5093200907118, -465.50739195993987, -30.259505991492208, 22.239376762608337)
(2.2337374687194824, -1284.5093200907118, -465.50739195993987, -30.259505991492208, 22.260316250885364)
(2.2844607830047607, -1284.5093200907118, -465.50739195993987, -30.259505991492208, 22.260316250885364)
(2.3304624557495117, -1284.1404778864853, -465.4491585503902, -30.45078142892443, 22.28329633956487)
(2.3758199214935303, -1284.1404778864853, -465.4491585503902, -30.45078142892443, 22.28329633956487)
(2.4710419178009033, -1284.1404778864853, -465.4491585503902, -30.45078142892443, 22.28811412944223)
(2.5647544860839844, -1284.034260989975, -465.1451077079737, -31.070626851002185, 22.318677504010687)
(2.646440267562866, -1284.034260989975, -465.1451077079737, -31.070626851002185, 22.328633687644867)
(2.783672332763672, -1283.7864644787721, -464.989647593025, -31.806650003615015, 22.326727382977246)
(2.903308391571045, -1283.7864644787721, -464.989647593025, -31.806650003615015, 22.317712763014363)
(3.043861150741577, -1283.4779630293772, -465.0917688232673, -32.12457387851915, 22.355868829694657)
(3.173091173171997, -1283.0685364828425, -465.0451003800722, -32.52215453968698, 22.35855420208263)
(3.3048298358917236, -1283.0685364828425, -465.0451003800722, -32.52215453968698, 22.352591252627754)
(3.404627799987793, -1282.775296695175, -465.18318503989457, -32.74729737042004, 22.34302754106858)
(3.5106146335601807, -1282.775296695175, -465.18318503989457, -32.74729737042004, 22.354416011276005)
(3.5894713401794434, -1282.4136798517152, -465.5479916528366, -32.754800156065755, 22.359372519560914)
(3.6254019737243652, -1282.4136798517152, -465.5479916528366, -32.754800156065755, 22.359372519560914)
(3.671611785888672, -1282.4136798517152, -465.5479916528366, -32.754800156065755, 22.367290767622034)
(3.705566644668579, -1282.4136798517152, -465.5479916528366, -32.754800156065755, 22.367290767622034)
(3.7348086833953857, -1282.4136798517152, -465.5479916528366, -32.754800156065755, 22.367290767622034)
(3.7734718322753906, -1282.384350964495, -465.41161109537927, -32.70748456475271, 22.32747253401385)
(3.821826219558716, -1282.384350964495, -465.41161109537927, -32.70748456475271, 22.32747253401385)
(3.862338066101074, -1282.384350964495, -465.41161109537927, -32.70748456475271, 22.292020601457565)
(3.903824806213379, -1282.3845917980225, -465.3759827621064, -32.64705812802256, 22.293499119438962)
(4.099318981170654, -1282.6909743473288, -465.5963624283721, -32.318307532112314, 22.306956602668894)
(4.124942302703857, -1282.6909743473288, -465.5963624283721, -32.318307532112314, 22.306956602668894)
(4.147845983505249, -1282.6909743473288, -465.5963624283721, -32.318307532112314, 22.306956602668894)
(4.205376625061035, -1282.6909743473288, -465.5963624283721, -32.318307532112314, 22.305752189958394)
(4.228529214859009, -1282.6909743473288, -465.5963624283721, -32.318307532112314, 22.305752189958394)
(4.243272304534912, -1282.6909743473288, -465.5963624283721, -32.318307532112314, 22.305752189958394)
(4.272814750671387, -1282.6909743473288, -465.5963624283721, -32.318307532112314, 22.305752189958394)
(4.5157387256622314, -1283.3595012198975, -465.7970144593045, -30.981250241379783, 22.262467045599124)
(4.539515972137451, -1283.3595012198975, -465.7970144593045, -30.981250241379783, 22.262467045599124)
(4.558855772018433, -1283.3595012198975, -465.7970144593045, -30.981250241379783, 22.262467045599124)
(4.58336877822876, -1283.3595012198975, -465.7970144593045, -30.981250241379783, 22.262467045599124)
(4.6251466274261475, -1283.3595012198975, -465.7970144593045, -30.981250241379783, 22.231030483463783)
(4.63997483253479, -1283.3595012198975, -465.7970144593045, -30.981250241379783, 22.231030483463783)
(4.84657096862793, -1283.6771361764731, -465.5237070822935, -29.89364030602567, 22.190392726265394)
(4.954114198684692, -1284.293141577855, -464.9523457808386, -28.580946632369635, 22.195227165907077)
(5.050039291381836, -1284.293141577855, -464.9523457808386, -28.580946632369635, 22.18325680812591)
(5.154284477233887, -1285.0209856661907, -464.9346558550601, -27.211974873293727, 22.232861278998485)
(5.277279615402222, -1285.0209856661907, -464.9346558550601, -27.211974873293727, 22.2840913259467)
(5.405144214630127, -1285.6462057341553, -465.14487535886053, -26.421116002464906, 22.304065570460452)
(5.496699571609497, -1285.6462057341553, -465.14487535886053, -26.421116002464906, 22.2928176162892)
(5.551165819168091, -1286.3423296939986, -464.9760308625566, -26.433033297781478, 22.29090827084699)
(6.05204176902771, -1287.1089838801715, -465.05163288141625, -27.08282563074154, 22.32137488096692)
(6.552610635757446, -1286.7345207053254, -465.0930410809233, -26.886855392180344, 22.319423798682926, 'fly')
(6.704777717590332, -1286.7345207053254, -465.0930410809233, -26.886855392180344, 22.325534403922894, 'fly')
(6.7933666706085205, -1286.214490934118, -464.282149094434, -26.69312155608454, 20.780341396068025, 'fly')
(6.845232248306274, -1286.214490934118, -464.282149094434, -26.69312155608454, 17.53927566192335, 'fly')
(6.940378189086914, -1285.8771290973284, -462.40538130368026, -26.459369104982947, 14.760910270901226, 'fly')
(7.0793232917785645, -1285.8771290973284, -462.40538130368026, -26.459369104982947, 16.129914644164156, 'fly')
(7.244222640991211, -1285.7578505245976, -459.82108165566547, -26.410862175534643, 21.642601018713304, 'fly')
(7.3502726554870605, -1285.692035003122, -456.96097367651356, -26.59986156492695, 21.38908024876694, 'fly')
(7.410738945007324, -1285.692035003122, -456.96097367651356, -26.59986156492695, 21.38908024876694, 'fly')
(7.466410875320435, -1285.692035003122, -456.96097367651356, -26.59986156492695, 19.452139757332084, 'fly')
(7.515360355377197, -1285.692035003122, -456.96097367651356, -26.59986156492695, 19.452139757332084, 'fly')
(7.58542537689209, -1285.6896527668696, -453.35297991194034, -26.873046478063728, 16.743320381603, 'fly')
(7.6836998462677, -1285.6896527668696, -453.35297991194034, -26.873046478063728, 16.03807468039817, 'fly')
(7.822351694107056, -1285.715095648573, -448.73261237828797, -27.134804465507703, 15.046842870335896, 'fly')
(7.918274879455566, -1285.715095648573, -448.73261237828797, -27.134804465507703, 16.935067431135813, 'fly')
(8.019656658172607, -1285.5140246383903, -444.25167372921794, -27.33412470276191, 17.770270995236302, 'fly')
(8.119069814682007, -1285.5140246383903, -444.25167372921794, -27.33412470276191, 18.193966606806093, 'fly')
(8.219192504882812, -1285.0627003453485, -439.7928056415042, -27.53841485572758, 14.817751000386203, 'fly')
(8.319573879241943, -1284.674232360191, -435.2833960992775, -27.71159654251891, 13.414869802926228, 'fly')
(8.382010459899902, -1284.674232360191, -435.2833960992775, -27.71159654251891, 13.414869802926228, 'fly')
(8.4849112033844, -1284.674232360191, -435.2833960992775, -27.71159654251891, 14.825524678760377, 'fly')
(8.605631828308105, -1284.4510057723714, -430.570063852256, -27.738365603708434, 16.40586832668472, 'fly')
(8.712508916854858, -1284.1255843501683, -426.4890122745146, -27.75896665872501, 15.796207122001361, 'fly')
(8.77579927444458, -1284.1255843501683, -426.4890122745146, -27.75896665872501, 15.796207122001361, 'fly')
(8.887851238250732, -1284.1255843501683, -426.4890122745146, -27.75896665872501, 14.617123510225076, 'fly')
(8.989045143127441, -1283.9785358219654, -421.7780676847597, -27.873263671642132, 14.034225530007092, 'fly')
(9.103557348251343, -1283.9785358219654, -421.7780676847597, -27.873263671642132, 13.839890425485898, 'fly')
(9.219206809997559, -1283.8766128966224, -417.0316671663916, -27.886626784430526, 14.55529638405369, 'fly')
(9.280378580093384, -1283.8766128966224, -417.0316671663916, -27.886626784430526, 14.55529638405369, 'fly')
(9.3666090965271, -1283.7629759084361, -412.41479725689646, -27.750101983685255, 14.762541563920806, 'fly')
(9.480491876602173, -1283.7629759084361, -412.41479725689646, -27.750101983685255, 14.745272668038163, 'fly')
(9.5885648727417, -1283.8336552024448, -407.91979804465575, -27.62868889191278, 14.665371406012161, 'fly')
(9.696279048919678, -1283.8336552024448, -407.91979804465575, -27.62868889191278, 14.54591570578802, 'fly')
(9.898783445358276, -1283.887792210124, -403.2978787679139, -27.498564719976336, 14.594945313432401, 'fly')
(10.117204904556274, -1284.4575661812407, -398.34697378389217, -27.331130594872285, 14.561439121360365, 'fly')
(10.158956527709961, -1284.8498438742504, -393.95784684050716, -27.27358449063224, 14.5603472571125, 'fly')
(10.181133031845093, -1284.8498438742504, -393.95784684050716, -27.27358449063224, 14.5603472571125, 'fly')
(10.203303575515747, -1284.8498438742504, -393.95784684050716, -27.27358449063224, 14.5603472571125, 'fly')
(10.219304323196411, -1284.8498438742504, -393.95784684050716, -27.27358449063224, 14.5603472571125, 'fly')
(10.312955856323242, -1284.8498438742504, -393.95784684050716, -27.27358449063224, 14.584021832770967, 'fly')
(10.361851692199707, -1284.905116332723, -389.1794841179468, -27.185413639344482, 14.56489926895285, 'fly')
(10.42190170288086, -1284.905116332723, -389.1794841179468, -27.185413639344482, 14.532387046429365, 'fly')
(10.444889307022095, -1284.905116332723, -389.1794841179468, -27.185413639344482, 14.532387046429365, 'fly')
(10.63919186592102, -1285.7127011271928, -384.47288355760566, -27.12451115379188, 14.53981747222507, 'fly')
(10.695098876953125, -1285.7127011271928, -384.47288355760566, -27.12451115379188, 14.53981747222507, 'fly')
(10.720658540725708, -1286.0147240559863, -379.9452087809176, -27.183332871925693, 14.536962864033827, 'fly')
(10.94399094581604, -1286.566999711381, -374.8714165435302, -27.19656914485675, 14.531799609092236, 'fly')
(10.999532222747803, -1286.566999711381, -374.8714165435302, -27.19656914485675, 14.531799609092236, 'fly')
(11.047704935073853, -1286.566999711381, -374.8714165435302, -27.19656914485675, 14.523076444456533, 'fly')
(11.191004753112793, -1286.77312303735, -370.0655412182974, -27.128300561241645, 14.515095877546146, 'fly')
(11.296700716018677, -1286.77312303735, -370.0655412182974, -27.128300561241645, 14.520997161204805, 'fly')
(11.43143367767334, -1287.280830828761, -365.1844490178483, -26.819164674676784, 14.532731598388377, 'fly')
(11.52756404876709, -1287.8748001308413, -360.4690151295324, -26.341675450556778, 14.55182752604977, 'fly')
(11.583425283432007, -1287.8748001308413, -360.4690151295324, -26.341675450556778, 14.55182752604977, 'fly')
(11.676980972290039, -1287.8748001308413, -360.4690151295324, -26.341675450556778, 14.553941042083506, 'fly')
(11.804372549057007, -1288.124854596387, -355.80071616896817, -25.94552243828347, 14.553796473960944, 'fly')
(11.844458103179932, -1288.124854596387, -355.80071616896817, -25.94552243828347, 14.5628114183942, 'fly')
(11.902020454406738, -1288.124854596387, -355.80071616896817, -25.94552243828347, 14.5628114183942, 'fly')
(11.951325416564941, -1288.6313766930377, -351.3247133873348, -25.948257881907416, 14.57953255585413, 'fly')
(11.993470430374146, -1288.6313766930377, -351.3247133873348, -25.948257881907416, 14.57953255585413, 'fly')
(12.04124140739441, -1288.6313766930377, -351.3247133873348, -25.948257881907416, 14.592974230227362, 'fly')
(12.072954893112183, -1288.6313766930377, -351.3247133873348, -25.948257881907416, 14.592974230227362, 'fly')
(12.114798784255981, -1288.6313766930377, -351.3247133873348, -25.948257881907416, 14.592974230227362, 'fly')
(12.160775661468506, -1289.1729624105562, -346.7188459741384, -25.683132668298725, 14.603797292921925, 'fly')
(12.220752954483032, -1289.1729624105562, -346.7188459741384, -25.683132668298725, 14.603797292921925, 'fly')
(12.305829286575317, -1289.1729624105562, -346.7188459741384, -25.683132668298725, 14.595623172957598, 'fly')
(12.340575695037842, -1289.199311507455, -342.1115992763004, -25.676190490638096, 14.592055176528318, 'fly')
(12.356706857681274, -1289.199311507455, -342.1115992763004, -25.676190490638096, 14.592055176528318, 'fly')
(12.372240543365479, -1289.199311507455, -342.1115992763004, -25.676190490638096, 14.592055176528318, 'fly')
(12.447799682617188, -1289.199311507455, -342.1115992763004, -25.676190490638096, 14.599186473155461, 'fly')
(12.680177211761475, -1289.3885512440597, -337.33251588966107, -25.811348075899804, 14.581601263737133, 'fly')
(12.696027278900146, -1289.883270468454, -332.9074112267479, -26.10218207674007, 14.592085305418733, 'fly')
(12.711634159088135, -1289.883270468454, -332.9074112267479, -26.10218207674007, 14.592085305418733, 'fly')
(12.7418692111969, -1289.883270468454, -332.9074112267479, -26.10218207674007, 14.592085305418733, 'fly')
(12.772284507751465, -1289.883270468454, -332.9074112267479, -26.10218207674007, 14.592085305418733, 'fly')
(13.020619630813599, -1290.457616934971, -328.50092403993517, -26.22702424009976, 14.589329867265212, 'fly')
(13.075979232788086, -1290.457616934971, -328.50092403993517, -26.22702424009976, 14.589329867265212, 'fly')
(13.123688697814941, -1290.9927652769848, -323.88959833932336, -26.381855787176427, 14.588689142898186, 'fly')
(13.168987274169922, -1290.9927652769848, -323.88959833932336, -26.381855787176427, 14.588689142898186, 'fly')
(13.215824365615845, -1290.9927652769848, -323.88959833932336, -26.381855787176427, 14.625513930920775, 'fly')
(13.285105228424072, -1290.9927652769848, -323.88959833932336, -26.381855787176427, 14.625513930920775, 'fly')
(13.38282322883606, -1291.1204906378853, -319.51556030461074, -26.8218307318062, 14.641092747582622, 'fly')
(13.509204149246216, -1291.1204906378853, -319.51556030461074, -26.8218307318062, 14.671280536853287, 'fly')
(13.617725372314453, -1291.2717749947828, -314.9232683851615, -26.965089951161353, 14.645995206496162, 'fly')
(13.712850332260132, -1291.2717749947828, -314.9232683851615, -26.965089951161353, 14.645995206496162, 'fly')
(13.823613405227661, -1291.6434607300775, -310.93973452938656, -27.027407695986632, 14.697284602676058, 'fly')
(13.847463369369507, -1291.6434607300775, -310.93973452938656, -27.027407695986632, 14.697284602676058, 'fly')
(13.88876461982727, -1291.6434607300775, -310.93973452938656, -27.027407695986632, 14.697284602676058, 'fly')
(13.917663335800171, -1291.6434607300775, -310.93973452938656, -27.027407695986632, 14.697284602676058, 'fly')
(13.96405291557312, -1292.490863953064, -307.20525084825204, -26.92748293815294, 14.69456661621627, 'fly')
(13.997096061706543, -1292.490863953064, -307.20525084825204, -26.92748293815294, 14.69456661621627, 'fly')
(14.028867959976196, -1292.490863953064, -307.20525084825204, -26.92748293815294, 14.698791301142817, 'fly')
(14.092577934265137, -1292.490863953064, -307.20525084825204, -26.92748293815294, 14.698791301142817, 'fly')
(14.129128694534302, -1292.6454630910837, -303.0359968148666, -26.709154584002178, 14.660083278011266, 'fly')
(14.15639877319336, -1292.6454630910837, -303.0359968148666, -26.709154584002178, 14.660083278011266, 'fly')
(14.172253370285034, -1292.6454630910837, -303.0359968148666, -26.709154584002178, 14.660083278011266, 'fly')
(14.206265926361084, -1292.6454630910837, -303.0359968148666, -26.709154584002178, 14.660083278011266, 'fly')
(14.231140851974487, -1292.6454630910837, -303.0359968148666, -26.709154584002178, 14.618325270191582, 'fly')
(14.252700805664062, -1292.6454630910837, -303.0359968148666, -26.709154584002178, 14.618325270191582, 'fly')
(14.274414777755737, -1292.6454630910837, -303.0359968148666, -26.709154584002178, 14.618325270191582, 'fly')
(14.43648910522461, -1292.5068614406518, -299.31387076580086, -26.693546325627594, 14.595678714526787, 'fly')
(14.47109055519104, -1292.5068614406518, -299.31387076580086, -26.693546325627594, 14.595678714526787, 'fly')
(14.513252258300781, -1292.5068614406518, -299.31387076580086, -26.693546325627594, 14.595678714526787, 'fly')
(14.541403770446777, -1292.4155401065966, -295.472844998423, -26.543530421529795, 14.61842468388733, 'fly')
(14.683007717132568, -1292.4155401065966, -295.472844998423, -26.543530421529795, 14.628616681144958, 'fly')
(14.737433433532715, -1292.4155401065966, -295.472844998423, -26.543530421529795, 14.628616681144958, 'fly')
(14.771359205245972, -1292.6101232420945, -291.8926528132033, -26.389547319127374, 14.624528009322555, 'fly')
(14.80595326423645, -1292.6101232420945, -291.8926528132033, -26.389547319127374, 14.58224770670784, 'fly')
(14.829867362976074, -1292.6101232420945, -291.8926528132033, -26.389547319127374, 14.58224770670784, 'fly')
(14.854218482971191, -1292.6101232420945, -291.8926528132033, -26.389547319127374, 14.58224770670784, 'fly')
(14.902098178863525, -1292.33977311415, -288.2360465606642, -26.691123499682192, 14.577360252069447, 'fly')
(14.946208477020264, -1292.33977311415, -288.2360465606642, -26.691123499682192, 14.577360252069447, 'fly')
(15.000998973846436, -1292.33977311415, -288.2360465606642, -26.691123499682192, 14.571308480310945, 'fly')
(15.043392896652222, -1292.33977311415, -288.2360465606642, -26.691123499682192, 14.571308480310945, 'fly')
(15.094536304473877, -1292.33977311415, -288.2360465606642, -26.691123499682192, 14.571308480310945, 'fly')
(15.119086742401123, -1292.4665275161778, -284.9087727811627, -26.988421897031916, 14.564778187743077, 'fly')
(15.13874888420105, -1292.4665275161778, -284.9087727811627, -26.988421897031916, 14.564778187743077, 'fly')
(15.15661096572876, -1292.4665275161778, -284.9087727811627, -26.988421897031916, 14.564778187743077, 'fly')
(15.172146320343018, -1292.4665275161778, -284.9087727811627, -26.988421897031916, 14.564778187743077, 'fly')
(15.233993291854858, -1292.4665275161778, -284.9087727811627, -26.988421897031916, 14.541739816947167, 'fly')
(15.263555765151978, -1292.4665275161778, -284.9087727811627, -26.988421897031916, 14.541739816947167, 'fly')
(15.296567440032959, -1292.4665275161778, -284.9087727811627, -26.988421897031916, 14.541739816947167, 'fly')
(15.356027126312256, -1292.5250332139362, -281.5902609564986, -27.200302750230037, 14.53234897526205, 'fly')
(15.393594741821289, -1292.5250332139362, -281.5902609564986, -27.200302750230037, 14.53234897526205, 'fly')
(15.412121057510376, -1292.5250332139362, -281.5902609564986, -27.200302750230037, 14.524355103947212, 'fly')
(15.43496036529541, -1292.5250332139362, -281.5902609564986, -27.200302750230037, 14.524355103947212, 'fly')
(15.555733442306519, -1292.7730369770147, -278.5235040303361, -27.23121472462851, 14.520286803934024, 'fly')
(15.586958408355713, -1292.7730369770147, -278.5235040303361, -27.23121472462851, 14.520286803934024, 'fly')
(15.629087924957275, -1292.7730369770147, -278.5235040303361, -27.23121472462851, 14.504438527404876, 'fly')
(15.655685424804688, -1292.7730369770147, -278.5235040303361, -27.23121472462851, 14.504438527404876, 'fly')
(15.674506425857544, -1292.7730369770147, -278.5235040303361, -27.23121472462851, 14.504438527404876, 'fly')
(15.691136360168457, -1292.7730369770147, -278.5235040303361, -27.23121472462851, 14.504438527404876, 'fly')
(15.706074714660645, -1292.7730369770147, -278.5235040303361, -27.23121472462851, 14.504438527404876, 'fly')
(15.748752355575562, -1292.7755902714068, -275.2134848234174, -26.97530000645912, 14.44814828588747, 'fly')
(15.764665603637695, -1292.7755902714068, -275.2134848234174, -26.97530000645912, 14.44814828588747, 'fly')
(15.780184030532837, -1292.7755902714068, -275.2134848234174, -26.97530000645912, 14.44814828588747, 'fly')
(15.796516180038452, -1292.7755902714068, -275.2134848234174, -26.97530000645912, 14.44814828588747, 'fly')
(15.811283349990845, -1292.7755902714068, -275.2134848234174, -26.97530000645912, 14.44814828588747, 'fly')
(15.827054977416992, -1292.7755902714068, -275.2134848234174, -26.97530000645912, 14.43498115850554, 'fly')
(15.856518507003784, -1292.7755902714068, -275.2134848234174, -26.97530000645912, 14.43498115850554, 'fly')
(15.87363338470459, -1292.7755902714068, -275.2134848234174, -26.97530000645912, 14.43498115850554, 'fly')
(15.896711587905884, -1292.7755902714068, -275.2134848234174, -26.97530000645912, 14.43498115850554, 'fly')
(15.912901878356934, -1292.7755902714068, -275.2134848234174, -26.97530000645912, 14.43498115850554, 'fly')
(15.930756568908691, -1292.942524166914, -271.8611760104261, -26.689532396153293, 14.387415313348846, 'fly')
(16.130753993988037, -1292.8526885914168, -268.81005564961686, -26.53915861905895, 14.19610673676256, 'fly')
(16.158961534500122, -1292.8526885914168, -268.81005564961686, -26.53915861905895, 14.19610673676256, 'fly')
(16.185165882110596, -1292.8526885914168, -268.81005564961686, -26.53915861905895, 14.19610673676256, 'fly')
(16.22073268890381, -1292.8526885914168, -268.81005564961686, -26.53915861905895, 14.19610673676256, 'fly')
(16.248778104782104, -1292.8526885914168, -268.81005564961686, -26.53915861905895, 14.042635996616877, 'fly')
(16.295639276504517, -1292.8526885914168, -268.81005564961686, -26.53915861905895, 14.042635996616877, 'fly')
(16.330052852630615, -1292.7730436505028, -266.4276239185233, -27.012196058516004, 13.783984160036887, 'fly')
(16.383466720581055, -1292.7730436505028, -266.4276239185233, -27.012196058516004, 13.783984160036887, 'fly')
(16.426164865493774, -1292.7730436505028, -266.4276239185233, -27.012196058516004, 13.783984160036887, 'fly')
(16.58683681488037, -1292.5008510180999, -267.6059886268082, -27.882336915796053, 14.042773386314375, 'fly')
