====================== HEADER ======================
Odometry data will folow format (time, x, y, z, yaw)
Landing site: (-1, x, y, z, yaw)
X = left and right
Y = foraward backward
Z = height
=====================================================
('min', -114.92311241873534, 161.5178047146059, 35.23099673032011)
('max', -77.35164783712989, 175.53794488824983, 36.94637248299621)
('dlp', -97.01265577667995, 167.7473278833043, 36.94637248299621, 15.497112751762526)
(0, -93.57485893758634, -0.411907085314811, 62.420760991565835, -4.3995668740208025)
(0.00019621849060058594, -93.57485893758634, -0.411907085314811, 62.420760991565835, -4.3995668740208025)
(0.014742136001586914, -93.57485893758634, -0.411907085314811, 62.420760991565835, -4.3995668740208025)
(0.1047055721282959, -93.57485893758634, -0.411907085314811, 62.420760991565835, -4.399513095544467)
(0.1478712558746338, -93.57485893758634, -0.411907085314811, 62.420760991565835, -4.399513095544467)
(0.18271541595458984, -93.2369756257282, -0.6663260342700121, 62.001826217908075, -4.374449119812898)
(0.2139444351196289, -93.2369756257282, -0.6663260342700121, 62.001826217908075, -4.374449119812898)
(0.23659801483154297, -93.2369756257282, -0.6663260342700121, 62.001826217908075, -4.374449119812898)
(0.25605273246765137, -93.2369756257282, -0.6663260342700121, 62.001826217908075, -4.374449119812898)
(0.2704143524169922, -93.2369756257282, -0.6663260342700121, 62.001826217908075, -4.341180249162866)
(0.3063201904296875, -93.2369756257282, -0.6663260342700121, 62.001826217908075, -4.341180249162866)
(0.3246190547943115, -93.2369756257282, -0.6663260342700121, 62.001826217908075, -4.341180249162866)
(0.33875489234924316, -93.2369756257282, -0.6663260342700121, 62.001826217908075, -4.341180249162866)
(0.356550931930542, -93.2369756257282, -0.6663260342700121, 62.001826217908075, -4.341180249162866)
(0.3706507682800293, -93.05114469809617, -1.0193863918329937, 61.1389760964888, -4.312541721363351)
(0.38591623306274414, -93.05114469809617, -1.0193863918329937, 61.1389760964888, -4.312541721363351)
(0.44390368461608887, -93.05114469809617, -1.0193863918329937, 61.1389760964888, -4.300597486480571)
(0.48899102210998535, -93.05114469809617, -1.0193863918329937, 61.1389760964888, -4.300597486480571)
(0.5155336856842041, -93.05114469809617, -1.0193863918329937, 61.1389760964888, -4.300597486480571)
(0.5420591831207275, -93.18834962347593, -1.4496674409428654, 59.215554430153375, -4.255285251003963)
(0.5794408321380615, -93.18834962347593, -1.4496674409428654, 59.215554430153375, -4.255285251003963)
(0.5990989208221436, -93.18834962347593, -1.4496674409428654, 59.215554430153375, -4.255285251003963)
(0.6141541004180908, -93.18834962347593, -1.4496674409428654, 59.215554430153375, -4.255285251003963)
(0.633432149887085, -93.18834962347593, -1.4496674409428654, 59.215554430153375, -4.221814456655303)
(0.6478378772735596, -93.18834962347593, -1.4496674409428654, 59.215554430153375, -4.221814456655303)
(0.7028465270996094, -93.18834962347593, -1.4496674409428654, 59.215554430153375, -4.221814456655303)
(0.7406980991363525, -93.50200188623732, -1.5427075546852107, 56.56794448867357, -4.195641800087778)
(0.7705671787261963, -93.50200188623732, -1.5427075546852107, 56.56794448867357, -4.195641800087778)
(0.8001556396484375, -93.50200188623732, -1.5427075546852107, 56.56794448867357, -4.195641800087778)
(0.8316800594329834, -93.50200188623732, -1.5427075546852107, 56.56794448867357, -4.216182341008032)
(0.8686449527740479, -93.50200188623732, -1.5427075546852107, 56.56794448867357, -4.216182341008032)
(0.8834986686706543, -93.50200188623732, -1.5427075546852107, 56.56794448867357, -4.216182341008032)
(0.8988890647888184, -93.50200188623732, -1.5427075546852107, 56.56794448867357, -4.216182341008032)
(0.9137749671936035, -93.50200188623732, -1.5427075546852107, 56.56794448867357, -4.216182341008032)
(0.9283432960510254, -93.50200188623732, -1.5427075546852107, 56.56794448867357, -4.216182341008032)
(0.9483225345611572, -93.94397885331063, -1.3357131831632487, 53.77948582676259, -4.1970491423714)
(0.9663863182067871, -93.94397885331063, -1.3357131831632487, 53.77948582676259, -4.1970491423714)
(1.006701946258545, -93.94397885331063, -1.3357131831632487, 53.77948582676259, -4.1970491423714)
(1.0352787971496582, -93.94397885331063, -1.3357131831632487, 53.77948582676259, -4.1799517851089085)
(1.0522596836090088, -93.94397885331063, -1.3357131831632487, 53.77948582676259, -4.1799517851089085)
(1.270932674407959, -94.81175934051973, -0.8221625924685938, 50.75442248817339, -4.157030502629645)
(1.3311538696289062, -94.81175934051973, -0.8221625924685938, 50.75442248817339, -4.157030502629645)
(1.379795789718628, -95.8775463325307, -0.15872585758243551, 47.49662243022331, -4.124191218708403)
(1.4266135692596436, -95.8775463325307, -0.15872585758243551, 47.49662243022331, -4.124191218708403)
(1.4709138870239258, -95.8775463325307, -0.15872585758243551, 47.49662243022331, -4.142938975569521)
(1.5152814388275146, -95.8775463325307, -0.15872585758243551, 47.49662243022331, -4.142938975569521)
(1.5617070198059082, -97.02843321023128, 0.646707624321261, 44.239431778488026, -4.101150297179821)
(1.607513427734375, -97.02843321023128, 0.646707624321261, 44.239431778488026, -4.101150297179821)
(1.6555140018463135, -97.02843321023128, 0.646707624321261, 44.239431778488026, -4.179841713813135)
(1.7310025691986084, -97.02843321023128, 0.646707624321261, 44.239431778488026, -4.179841713813135)
(1.8138155937194824, -98.65091055486839, 1.6130035717415392, 41.52055952827557, -4.200646169354107)
(1.8879244327545166, -98.65091055486839, 1.6130035717415392, 41.52055952827557, -4.237330351519407)
(1.9946584701538086, -99.6105902254211, 2.2080173637367615, 38.95793860602109, -4.2920555003724905)
(2.164579391479492, -100.81364227451385, 2.5461901589130136, 36.527829006826195, -4.272810562204117)
(2.234119415283203, -100.81364227451385, 2.5461901589130136, 36.527829006826195, -4.272810562204117)
(2.2840662002563477, -100.81364227451385, 2.5461901589130136, 36.527829006826195, -4.3034255689587075)
(2.3883280754089355, -101.93392891848907, 2.740013156279257, 34.548835564409146, -4.338980022014391)
(2.5205745697021484, -101.93392891848907, 2.740013156279257, 34.548835564409146, -4.407267859164595)
(2.6124935150146484, -102.42084310950925, 2.884927287824354, 33.323636030263714, -4.417728453386562)
(2.665803909301758, -102.42084310950925, 2.884927287824354, 33.323636030263714, -4.447582733929099)
(2.71262264251709, -102.42084310950925, 2.884927287824354, 33.323636030263714, -4.447582733929099)
(2.7583751678466797, -102.61172501691446, 3.2318760196625984, 32.40371493323545, -4.434476574323638)
(2.805821180343628, -102.61172501691446, 3.2318760196625984, 32.40371493323545, -4.434476574323638)
(2.85040283203125, -102.61172501691446, 3.2318760196625984, 32.40371493323545, -4.408050710278607)
(2.8926334381103516, -102.61172501691446, 3.2318760196625984, 32.40371493323545, -4.408050710278607)
(2.9349772930145264, -102.52771021090305, 3.6102553949186755, 31.709392280189288, -4.409948576416419)
(2.9774389266967773, -102.52771021090305, 3.6102553949186755, 31.709392280189288, -4.409948576416419)
(3.0198426246643066, -102.52771021090305, 3.6102553949186755, 31.709392280189288, -4.409948576416419)
(3.0423948764801025, -102.52771021090305, 3.6102553949186755, 31.709392280189288, -4.456980822533875)
(3.0606954097747803, -102.52771021090305, 3.6102553949186755, 31.709392280189288, -4.456980822533875)
(3.0719897747039795, -102.52771021090305, 3.6102553949186755, 31.709392280189288, -4.456980822533875)
(3.0829296112060547, -102.52771021090305, 3.6102553949186755, 31.709392280189288, -4.456980822533875)
(3.2340753078460693, -102.27565114162012, 3.9556784229854864, 31.333919324755175, -4.489762135671029)
(3.255234956741333, -102.27565114162012, 3.9556784229854864, 31.333919324755175, -4.498325804710366)
(3.281109571456909, -102.27565114162012, 3.9556784229854864, 31.333919324755175, -4.498325804710366)
(3.3142213821411133, -102.27565114162012, 3.9556784229854864, 31.333919324755175, -4.498325804710366)
(3.364290475845337, -101.75899799872546, 4.1299998560298565, 31.395366889074044, -4.530071377081978)
(3.399075746536255, -101.75899799872546, 4.1299998560298565, 31.395366889074044, -4.530071377081978)
(3.449084758758545, -101.75899799872546, 4.1299998560298565, 31.395366889074044, -4.509602053657389)
(3.488771438598633, -101.75899799872546, 4.1299998560298565, 31.395366889074044, -4.509602053657389)
(3.503657579421997, -101.75899799872546, 4.1299998560298565, 31.395366889074044, -4.509602053657389)
(3.5178327560424805, -101.75899799872546, 4.1299998560298565, 31.395366889074044, -4.509602053657389)
(3.5328714847564697, -101.75899799872546, 4.1299998560298565, 31.395366889074044, -4.509602053657389)
(3.548603057861328, -101.20018683733964, 4.104796602201087, 31.57264964957809, -4.516139270176787)
(3.562788963317871, -101.20018683733964, 4.104796602201087, 31.57264964957809, -4.516139270176787)
(3.5772292613983154, -101.20018683733964, 4.104796602201087, 31.57264964957809, -4.516139270176787)
(3.592440605163574, -101.20018683733964, 4.104796602201087, 31.57264964957809, -4.516139270176787)
(3.6586406230926514, -101.20018683733964, 4.104796602201087, 31.57264964957809, -4.5231622594461)
(3.7076096534729004, -101.20018683733964, 4.104796602201087, 31.57264964957809, -4.5231622594461)
(3.726789951324463, -101.20018683733964, 4.104796602201087, 31.57264964957809, -4.5231622594461)
(3.776428461074829, -100.76446598076764, 3.935186411729079, 31.717070512911683, -4.514832706130886)
(3.804133415222168, -100.76446598076764, 3.935186411729079, 31.717070512911683, -4.514832706130886)
(3.8383262157440186, -100.76446598076764, 3.935186411729079, 31.717070512911683, -4.514832706130886)
(3.8648929595947266, -100.76446598076764, 3.935186411729079, 31.717070512911683, -4.495925578461702)
(3.8811142444610596, -100.76446598076764, 3.935186411729079, 31.717070512911683, -4.495925578461702)
(3.9008431434631348, -100.76446598076764, 3.935186411729079, 31.717070512911683, -4.495925578461702)
(3.9157040119171143, -100.76446598076764, 3.935186411729079, 31.717070512911683, -4.495925578461702)
(3.933347702026367, -100.76446598076764, 3.935186411729079, 31.717070512911683, -4.495925578461702)
(3.9575908184051514, -100.31086841041703, 3.7201871383521796, 31.99283498465754, -4.492817732865644)
(3.971733808517456, -100.31086841041703, 3.7201871383521796, 31.99283498465754, -4.492817732865644)
(3.9865260124206543, -100.31086841041703, 3.7201871383521796, 31.99283498465754, -4.492817732865644)
(4.000691652297974, -100.31086841041703, 3.7201871383521796, 31.99283498465754, -4.492817732865644)
(4.029780387878418, -100.31086841041703, 3.7201871383521796, 31.99283498465754, -4.492817732865644)
(4.053823471069336, -100.31086841041703, 3.7201871383521796, 31.99283498465754, -4.492613033827803)
(4.072886943817139, -100.31086841041703, 3.7201871383521796, 31.99283498465754, -4.492613033827803)
(4.088527679443359, -100.31086841041703, 3.7201871383521796, 31.99283498465754, -4.492613033827803)
(4.102614402770996, -100.31086841041703, 3.7201871383521796, 31.99283498465754, -4.492613033827803)
(4.134883642196655, -100.31086841041703, 3.7201871383521796, 31.99283498465754, -4.492613033827803)
(4.1591246128082275, -99.97456280258197, 3.4685389771491866, 32.23155605615437, -4.508849820805999)
(4.174885988235474, -99.97456280258197, 3.4685389771491866, 32.23155605615437, -4.508849820805999)
(4.189906120300293, -99.97456280258197, 3.4685389771491866, 32.23155605615437, -4.508849820805999)
(4.2040417194366455, -99.97456280258197, 3.4685389771491866, 32.23155605615437, -4.508849820805999)
(4.21874475479126, -99.97456280258197, 3.4685389771491866, 32.23155605615437, -4.508849820805999)
(4.365515947341919, -99.99718958983448, 3.355667481255795, 32.439472690769755, -4.515275651739866)
(4.388385057449341, -99.99718958983448, 3.355667481255795, 32.439472690769755, -4.515275651739866)
(4.4354777336120605, -99.99718958983448, 3.355667481255795, 32.439472690769755, -4.515275651739866)
(4.455716848373413, -99.99718958983448, 3.355667481255795, 32.439472690769755, -4.515275651739866)
(4.471287727355957, -99.99718958983448, 3.355667481255795, 32.439472690769755, -4.520927681458739)
(4.485384941101074, -99.99718958983448, 3.355667481255795, 32.439472690769755, -4.520927681458739)
(4.49947452545166, -99.99718958983448, 3.355667481255795, 32.439472690769755, -4.520927681458739)
(4.5141894817352295, -99.99718958983448, 3.355667481255795, 32.439472690769755, -4.520927681458739)
(4.528295278549194, -99.99718958983448, 3.355667481255795, 32.439472690769755, -4.520927681458739)
(4.542569637298584, -99.99718958983448, 3.355667481255795, 32.439472690769755, -4.520927681458739)
(4.55718207359314, -99.99718958983448, 3.355667481255795, 32.439472690769755, -4.520927681458739)
(4.571844100952148, -100.09172521559032, 3.1360037985982387, 32.73199413414335, -4.514895371006292)
(4.5858824253082275, -100.09172521559032, 3.1360037985982387, 32.73199413414335, -4.514895371006292)
(4.599771738052368, -100.09172521559032, 3.1360037985982387, 32.73199413414335, -4.514895371006292)
(4.614110708236694, -100.09172521559032, 3.1360037985982387, 32.73199413414335, -4.514895371006292)
(4.628459453582764, -100.09172521559032, 3.1360037985982387, 32.73199413414335, -4.514895371006292)
(4.6428611278533936, -100.09172521559032, 3.1360037985982387, 32.73199413414335, -4.514895371006292)
(4.657144784927368, -100.09172521559032, 3.1360037985982387, 32.73199413414335, -4.514895371006292)
(4.752289056777954, -100.09172521559032, 3.1360037985982387, 32.73199413414335, -4.505726158266134)
(4.782273054122925, -100.30707707727447, 2.6940415260465613, 33.00130220721287, -4.486104631605315)
(4.805576324462891, -100.30707707727447, 2.6940415260465613, 33.00130220721287, -4.486104631605315)
(4.819806098937988, -100.30707707727447, 2.6940415260465613, 33.00130220721287, -4.486104631605315)
(4.854654788970947, -100.30707707727447, 2.6940415260465613, 33.00130220721287, -4.486104631605315)
(4.868990659713745, -100.30707707727447, 2.6940415260465613, 33.00130220721287, -4.486104631605315)
(4.883241415023804, -100.30707707727447, 2.6940415260465613, 33.00130220721287, -4.501642967757336)
(4.897635221481323, -100.30707707727447, 2.6940415260465613, 33.00130220721287, -4.501642967757336)
(4.912214994430542, -100.30707707727447, 2.6940415260465613, 33.00130220721287, -4.501642967757336)
(4.926306486129761, -100.30707707727447, 2.6940415260465613, 33.00130220721287, -4.501642967757336)
(5.022709608078003, -100.29556347792744, 2.424405142547837, 33.47329092435996, -4.501441808517907)
(5.05316948890686, -100.29556347792744, 2.424405142547837, 33.47329092435996, -4.501441808517907)
(5.183168172836304, -100.25755788052146, 2.191983702586091, 34.10331764217864, -4.481536409581818)
(5.255934953689575, -100.25755788052146, 2.191983702586091, 34.10331764217864, -4.481536409581818)
(5.3051676750183105, -100.25755788052146, 2.191983702586091, 34.10331764217864, -4.482184789543951)
(5.348710775375366, -100.25755788052146, 2.191983702586091, 34.10331764217864, -4.482184789543951)
(5.391092300415039, -100.2895847586593, 1.7389429514502976, 34.76490398662073, -4.464449344459791)
(5.4338274002075195, -100.2895847586593, 1.7389429514502976, 34.76490398662073, -4.464449344459791)
(5.476529359817505, -100.2895847586593, 1.7389429514502976, 34.76490398662073, -4.453484951920162)
(5.519074201583862, -100.2895847586593, 1.7389429514502976, 34.76490398662073, -4.453484951920162)
(5.561612844467163, -100.2895847586593, 1.7389429514502976, 34.76490398662073, -4.453484951920162)
(5.6039886474609375, -100.26608228390047, 1.4235185448268473, 35.45050465997508, -4.4542512434227)
(5.646506071090698, -100.26608228390047, 1.4235185448268473, 35.45050465997508, -4.4542512434227)
(5.691450834274292, -100.26608228390047, 1.4235185448268473, 35.45050465997508, -4.409916523101067)
(5.736015796661377, -100.26608228390047, 1.4235185448268473, 35.45050465997508, -4.409916523101067)
(5.781095027923584, -100.15858885940484, 1.0072392855567653, 36.02390541345951, -4.391988744390093)
(5.825665473937988, -100.15858885940484, 1.0072392855567653, 36.02390541345951, -4.361918751998948)
(5.874664545059204, -100.15858885940484, 1.0072392855567653, 36.02390541345951, -4.361918751998948)
(5.920584201812744, -100.15858885940484, 1.0072392855567653, 36.02390541345951, -4.361918751998948)
(5.966126203536987, -100.27144989983665, 0.5174074076888346, 36.41950818296851, -4.342295475045246)
(6.0115132331848145, -100.27144989983665, 0.5174074076888346, 36.41950818296851, -4.342295475045246)
(6.0853400230407715, -100.27144989983665, 0.5174074076888346, 36.41950818296851, -4.334095126352171)
(6.1685264110565186, -100.02051392304637, 0.00033042185541898306, 36.70392439477006, -4.330562749135144)
(6.233198404312134, -100.02051392304637, 0.00033042185541898306, 36.70392439477006, -4.306598892377906)
(6.281617164611816, -100.02051392304637, 0.00033042185541898306, 36.70392439477006, -4.306598892377906)
(6.327137231826782, -100.02051392304637, 0.00033042185541898306, 36.70392439477006, -4.306598892377906)
(6.3745222091674805, -99.95065948984406, -0.5010489893533507, 36.976953294168666, -4.309024762069013)
(6.420111894607544, -99.95065948984406, -0.5010489893533507, 36.976953294168666, -4.309024762069013)
(6.4886109828948975, -99.95065948984406, -0.5010489893533507, 36.976953294168666, -4.309186616073797)
(6.567641496658325, -99.69852126688433, -0.9594193767110388, 37.20141187040492, -4.321384154269678)
(6.646575927734375, -99.69852126688433, -0.9594193767110388, 37.20141187040492, -4.342227268527957)
(6.698579788208008, -99.69852126688433, -0.9594193767110388, 37.20141187040492, -4.342227268527957)
(6.744028568267822, -99.71475953412087, -1.3310003611466736, 37.38264182681989, -4.352885915313928)
(6.8254477977752686, -99.71475953412087, -1.3310003611466736, 37.38264182681989, -4.352885915313928)
(6.920079231262207, -99.71475953412087, -1.3310003611466736, 37.38264182681989, -4.36813190864276)
(6.988563776016235, -99.76134964020908, -1.4889092095921856, 37.41800515305458, -4.387252981962317)
(7.092638254165649, -99.76134964020908, -1.4889092095921856, 37.41800515305458, -4.405659544883221)
(7.199808835983276, -99.77997536781834, -1.6316509884026487, 37.31988491997776, -4.43573422881734)
(7.257097005844116, -99.77997536781834, -1.6316509884026487, 37.31988491997776, -4.433021047437778)
(7.3039186000823975, -99.77997536781834, -1.6316509884026487, 37.31988491997776, -4.433021047437778)
(7.348398208618164, -99.77997536781834, -1.6316509884026487, 37.31988491997776, -4.433021047437778)
(7.393952131271362, -99.97245156415788, -1.6833692144955161, 36.95678180420861, -4.4432481139879565)
(7.441411733627319, -99.97245156415788, -1.6833692144955161, 36.95678180420861, -4.4432481139879565)
(7.486465930938721, -99.97245156415788, -1.6833692144955161, 36.95678180420861, -4.446347721157823)
(7.55894136428833, -100.10034338441632, -1.208292717093697, 36.54498369354936, -4.440921121229293)
(7.644767761230469, -100.10034338441632, -1.208292717093697, 36.54498369354936, -4.440921121229293)
(7.723312616348267, -100.10034338441632, -1.208292717093697, 36.54498369354936, -4.428278806527503)
(7.7730796337127686, -100.32410528744202, -1.0540971695409673, 36.3281461713097, -4.44239930864665)
(7.818710088729858, -100.32410528744202, -1.0540971695409673, 36.3281461713097, -4.44239930864665)
(7.90037989616394, -100.32410528744202, -1.0540971695409673, 36.3281461713097, -4.444484779963499)
(7.999523162841797, -100.71269385497003, -0.9995017947849656, 36.302255585759056, -4.4336433024874795)
(8.095852851867676, -100.71269385497003, -0.9995017947849656, 36.302255585759056, -4.413263531345852)
(8.16269063949585, -100.8220323543326, -0.4914183055481778, 36.53317723653395, -4.403891039842344)
(8.213436365127563, -100.8220323543326, -0.4914183055481778, 36.53317723653395, -4.403891039842344)
(8.261318445205688, -100.8220323543326, -0.4914183055481778, 36.53317723653395, -4.400356076367451)
(8.309775352478027, -100.8220323543326, -0.4914183055481778, 36.53317723653395, -4.400356076367451)
(8.355303049087524, -100.9607450667769, 0.06036768683432969, 36.847160927595986, -4.382544591491261)
(8.400577545166016, -100.9607450667769, 0.06036768683432969, 36.847160927595986, -4.382544591491261)
(8.445858478546143, -100.9607450667769, 0.06036768683432969, 36.847160927595986, -4.385882103417446)
(8.520455598831177, -100.9607450667769, 0.06036768683432969, 36.847160927595986, -4.385882103417446)
(8.602710247039795, -100.88097599740561, 0.4602193181551375, 37.15898072394799, -4.363819826237009)
(8.678174257278442, -100.88097599740561, 0.4602193181551375, 37.15898072394799, -4.353573190427266)
(8.770572900772095, -100.96324899963251, 0.8518603546453318, 37.287195004199475, -4.3536874946998765)
(8.869373559951782, -100.96324899963251, 0.8518603546453318, 37.287195004199475, -4.340403555486507)
(8.933889627456665, -100.96324899963251, 0.8518603546453318, 37.287195004199475, -4.340403555486507)
(8.9843168258667, -100.8843699052853, 1.2187648460838147, 37.203791304080816, -4.321326677851506)
(9.068618059158325, -100.8843699052853, 1.2187648460838147, 37.203791304080816, -4.298381981598442)
(9.169613361358643, -100.57833302252644, 1.4653379762797454, 37.03667593062461, -4.288615211088847)
(9.238691568374634, -100.57833302252644, 1.4653379762797454, 37.03667593062461, -4.288615211088847)
(9.287444114685059, -100.57833302252644, 1.4653379762797454, 37.03667593062461, -4.3086227328315525)
(9.37031888961792, -100.5544917055164, 1.4586809608255562, 36.97203594437841, -4.30157555811509)
(9.481085538864136, -100.5544917055164, 1.4586809608255562, 36.97203594437841, -4.317855488800889)
(9.541582107543945, -100.5544917055164, 1.4586809608255562, 36.97203594437841, -4.317855488800889)
(9.590594291687012, -100.25414824590956, 1.3204463728769746, 37.033514807025504, -4.309394219333984)
(9.636247873306274, -100.25414824590956, 1.3204463728769746, 37.033514807025504, -4.309394219333984)
(9.683513641357422, -100.25414824590956, 1.3204463728769746, 37.033514807025504, -4.289691707141271)
(9.72879695892334, -100.25414824590956, 1.3204463728769746, 37.033514807025504, -4.289691707141271)
(9.777092456817627, -100.20304429254149, 1.1240257597051246, 37.09593640116358, -4.286414963590653)
(9.822760343551636, -100.20304429254149, 1.1240257597051246, 37.09593640116358, -4.286414963590653)
(9.868402481079102, -100.20304429254149, 1.1240257597051246, 37.09593640116358, -4.252537404741339)
(9.916704654693604, -100.20304429254149, 1.1240257597051246, 37.09593640116358, -4.252537404741339)
(9.959991931915283, -100.1493298299055, 0.958514962199065, 37.0684873201739, -4.222705029125711)
(10.003917455673218, -100.1493298299055, 0.958514962199065, 37.0684873201739, -4.222705029125711)
(10.047065496444702, -100.1493298299055, 0.958514962199065, 37.0684873201739, -4.222705029125711)
(10.089873790740967, -100.1493298299055, 0.958514962199065, 37.0684873201739, -4.243767338383642)
(10.133041381835938, -100.1493298299055, 0.958514962199065, 37.0684873201739, -4.243767338383642)
(10.175517320632935, -100.41731918883654, 0.8111822633170755, 37.00323420223289, -4.267893547571152)
(10.19190526008606, -100.41731918883654, 0.8111822633170755, 37.00323420223289, -4.267893547571152)
(10.204221725463867, -100.41731918883654, 0.8111822633170755, 37.00323420223289, -4.267893547571152)
(10.21810793876648, -100.41731918883654, 0.8111822633170755, 37.00323420223289, -4.267893547571152)
(10.23046612739563, -100.41731918883654, 0.8111822633170755, 37.00323420223289, -4.267893547571152)
(10.241271018981934, -100.41731918883654, 0.8111822633170755, 37.00323420223289, -4.267893547571152)
(10.252859592437744, -100.41731918883654, 0.8111822633170755, 37.00323420223289, -4.267893547571152)
(10.34157919883728, -100.41731918883654, 0.8111822633170755, 37.00323420223289, -4.304034937030597)
(10.363080024719238, -100.41731918883654, 0.8111822633170755, 37.00323420223289, -4.304034937030597)
(10.581682920455933, -100.38737594686515, 0.4589922450451154, 36.81232654573943, -4.333972047693333)
(10.604872703552246, -100.38737594686515, 0.4589922450451154, 36.81232654573943, -4.333972047693333)
(10.645415544509888, -100.38737594686515, 0.4589922450451154, 36.81232654573943, -4.330040422364958)
(10.674209356307983, -100.38737594686515, 0.4589922450451154, 36.81232654573943, -4.330040422364958)
(10.692870140075684, -100.38737594686515, 0.4589922450451154, 36.81232654573943, -4.330040422364958)
(10.913657188415527, -100.45284764208962, 0.2619446969504311, 36.69392968280516, -4.409978984379496)
(10.932887077331543, -100.38218361650686, 0.1785529223835729, 36.587893921126316, -4.410358661646072)
(10.947492361068726, -100.38218361650686, 0.1785529223835729, 36.587893921126316, -4.410358661646072)
(11.048620223999023, -100.38218361650686, 0.1785529223835729, 36.587893921126316, -4.370925418112555)
(11.078587293624878, -100.38218361650686, 0.1785529223835729, 36.587893921126316, -4.370925418112555)
(11.10666275024414, -100.38218361650686, 0.1785529223835729, 36.587893921126316, -4.370925418112555)
(11.127948999404907, -100.38218361650686, 0.1785529223835729, 36.587893921126316, -4.370925418112555)
(11.176977396011353, -100.44050397590642, -0.05115759297103839, 36.58934234625546, -4.319897730956489)
(11.204557418823242, -100.44050397590642, -0.05115759297103839, 36.58934234625546, -4.319897730956489)
(11.225039958953857, -100.44050397590642, -0.05115759297103839, 36.58934234625546, -4.319897730956489)
(11.442517518997192, -100.45323788277436, 0.08167352016754581, 36.731896085087904, -4.285243054963374)
(11.494683027267456, -100.45323788277436, 0.08167352016754581, 36.731896085087904, -4.285243054963374)
(11.540184736251831, -100.45323788277436, 0.08167352016754581, 36.731896085087904, -4.285243054963374)
(11.586421966552734, -100.42511351426808, 0.35726097565598836, 37.05606803504884, -4.289598842005273)
(11.632145404815674, -100.42511351426808, 0.35726097565598836, 37.05606803504884, -4.289598842005273)
(11.680357217788696, -100.42511351426808, 0.35726097565598836, 37.05606803504884, -4.2984568410471535)
(11.755847930908203, -100.50201559817738, 0.6288006012505876, 37.351204766227426, -4.270738311982528)
(11.844712257385254, -100.50201559817738, 0.6288006012505876, 37.351204766227426, -4.270738311982528)
(11.91836428642273, -100.50201559817738, 0.6288006012505876, 37.351204766227426, -4.283168840682858)
(11.97228479385376, -100.6216959094729, 0.7842763961964205, 37.57471562310825, -4.325903392250644)
(12.020010948181152, -100.6216959094729, 0.7842763961964205, 37.57471562310825, -4.325903392250644)
(12.100926637649536, -100.6216959094729, 0.7842763961964205, 37.57471562310825, -4.352465925529345)
(12.196739673614502, -100.65811882409207, 1.1306143968165594, 37.57910601265518, -4.373358678987228)
(12.26805853843689, -100.65811882409207, 1.1306143968165594, 37.57910601265518, -4.3475926955196975)
(12.317992210388184, -100.65811882409207, 1.1306143968165594, 37.57910601265518, -4.3475926955196975)
(12.360333681106567, -100.65811882409207, 1.1306143968165594, 37.57910601265518, -4.3475926955196975)
(12.405824899673462, -100.85275179738987, 1.3925830613786836, 37.48146324414459, -4.310081381723201)
(12.451580286026001, -100.85275179738987, 1.3925830613786836, 37.48146324414459, -4.310081381723201)
(12.526517868041992, -100.85275179738987, 1.3925830613786836, 37.48146324414459, -4.310603757461694)
(12.61826491355896, -101.01986141907545, 1.9592383950621675, 37.30648195685252, -4.309540210569395)
(12.689551591873169, -101.01986141907545, 1.9592383950621675, 37.30648195685252, -4.32874021349482)
(12.740791320800781, -101.12923630140835, 2.6305155779198217, 37.08800364210953, -4.368798431702967)
(12.786461591720581, -101.12923630140835, 2.6305155779198217, 37.08800364210953, -4.368798431702967)
(12.866006135940552, -101.12923630140835, 2.6305155779198217, 37.08800364210953, -4.39912889663667)
(12.961179971694946, -101.07570100936026, 3.3476815796547763, 36.78596947186595, -4.400681949625555)
(13.027112483978271, -101.07570100936026, 3.3476815796547763, 36.78596947186595, -4.392265947650259)
(13.076903581619263, -101.07570100936026, 3.3476815796547763, 36.78596947186595, -4.392265947650259)
(13.122221946716309, -101.07570100936026, 3.3476815796547763, 36.78596947186595, -4.392265947650259)
(13.167418479919434, -100.95168749665842, 3.589786770367888, 36.594285476788286, -4.394592532316205)
(13.215113639831543, -100.95168749665842, 3.589786770367888, 36.594285476788286, -4.394592532316205)
(13.233888626098633, -100.95168749665842, 3.589786770367888, 36.594285476788286, -4.405861267529662)
(13.251177310943604, -100.95168749665842, 3.589786770367888, 36.594285476788286, -4.405861267529662)
(13.26742935180664, -100.95168749665842, 3.589786770367888, 36.594285476788286, -4.405861267529662)
(13.29030728340149, -100.95168749665842, 3.589786770367888, 36.594285476788286, -4.405861267529662)
(13.318872451782227, -100.95168749665842, 3.589786770367888, 36.594285476788286, -4.405861267529662)
(13.33178162574768, -100.95168749665842, 3.589786770367888, 36.594285476788286, -4.405861267529662)
(13.345773696899414, -100.88821352523532, 3.687882086313131, 36.45661654615972, -4.402416013092619)
(13.362922191619873, -100.88821352523532, 3.687882086313131, 36.45661654615972, -4.402416013092619)
(13.376465082168579, -100.88821352523532, 3.687882086313131, 36.45661654615972, -4.402416013092619)
(13.415248394012451, -100.88821352523532, 3.687882086313131, 36.45661654615972, -4.402416013092619)
(13.432669878005981, -100.88821352523532, 3.687882086313131, 36.45661654615972, -4.402416013092619)
(13.449942350387573, -100.88821352523532, 3.687882086313131, 36.45661654615972, -4.3719035097312196)
(13.46460509300232, -100.88821352523532, 3.687882086313131, 36.45661654615972, -4.3719035097312196)
(13.478372812271118, -100.88821352523532, 3.687882086313131, 36.45661654615972, -4.3719035097312196)
(13.504602909088135, -100.88821352523532, 3.687882086313131, 36.45661654615972, -4.3719035097312196)
(13.51916217803955, -100.88821352523532, 3.687882086313131, 36.45661654615972, -4.3719035097312196)
(13.533017873764038, -100.88821352523532, 3.687882086313131, 36.45661654615972, -4.3719035097312196)
(13.548747539520264, -101.05411104742763, 3.5632346076245973, 36.44676462116724, -4.3540883471230565)
(13.564757347106934, -101.05411104742763, 3.5632346076245973, 36.44676462116724, -4.3540883471230565)
(13.578879117965698, -101.05411104742763, 3.5632346076245973, 36.44676462116724, -4.3540883471230565)
(13.593899965286255, -101.05411104742763, 3.5632346076245973, 36.44676462116724, -4.3540883471230565)
(13.611924648284912, -101.05411104742763, 3.5632346076245973, 36.44676462116724, -4.3540883471230565)
(13.626092672348022, -101.05411104742763, 3.5632346076245973, 36.44676462116724, -4.3540883471230565)
(13.64138412475586, -101.05411104742763, 3.5632346076245973, 36.44676462116724, -4.361805713404957)
(13.676338195800781, -101.05411104742763, 3.5632346076245973, 36.44676462116724, -4.361805713404957)
(13.690465927124023, -101.05411104742763, 3.5632346076245973, 36.44676462116724, -4.361805713404957)
(13.70553970336914, -101.05411104742763, 3.5632346076245973, 36.44676462116724, -4.361805713404957)
(13.73874545097351, -101.05411104742763, 3.5632346076245973, 36.44676462116724, -4.361805713404957)
(13.767151594161987, -101.08306611658229, 3.221290072879512, 36.56199355892718, -4.330336912492559)
(13.814486980438232, -101.08306611658229, 3.221290072879512, 36.56199355892718, -4.330336912492559)
(13.848528146743774, -101.08306611658229, 3.221290072879512, 36.56199355892718, -4.297735324614452)
(13.891112089157104, -101.08306611658229, 3.221290072879512, 36.56199355892718, -4.297735324614452)
(14.107938766479492, -100.82729603776471, 2.9748954436405333, 36.46505921360843, -4.2827150562506935)
(14.214110374450684, -100.44888492103198, 2.6324289782737735, 36.3784630606205, -4.290098772874046)
(14.3302903175354, -100.44888492103198, 2.6324289782737735, 36.3784630606205, -4.299647085809489)
(14.395532369613647, -99.98019966280198, 2.1295588484850616, 36.279997425347325, -4.272357890515998)
(14.453763961791992, -99.98019966280198, 2.1295588484850616, 36.279997425347325, -4.272357890515998)
(14.550150156021118, -99.98019966280198, 2.1295588484850616, 36.279997425347325, -4.258547937982595)
(14.651596784591675, -99.47267648785471, 1.5004474747610608, 36.31292748372202, -4.254855895323045)
(14.753382444381714, -99.47267648785471, 1.5004474747610608, 36.31292748372202, -4.2530669582895335)
(14.821945428848267, -99.10492402567462, 1.2174437694061444, 36.46843787521743, -4.25021627769749)
(14.866677522659302, -99.10492402567462, 1.2174437694061444, 36.46843787521743, -4.25021627769749)
(14.91401720046997, -99.10492402567462, 1.2174437694061444, 36.46843787521743, -4.265114834838238)
(14.959408044815063, -98.79778925644547, 0.8300721686931614, 36.781031072186664, -4.27681331953115)
(15.004390239715576, -98.79778925644547, 0.8300721686931614, 36.781031072186664, -4.27681331953115)
(15.049636840820312, -98.79778925644547, 0.8300721686931614, 36.781031072186664, -4.277106418008421)
(15.121439695358276, -98.79778925644547, 0.8300721686931614, 36.781031072186664, -4.277106418008421)
(15.205473899841309, -98.55845825604524, 0.2857389587887196, 37.356898421620286, -4.272029293320173)
(15.279192209243774, -98.55845825604524, 0.2857389587887196, 37.356898421620286, -4.276610871917445)
(15.297313690185547, -98.55845825604524, 0.2857389587887196, 37.356898421620286, -4.276610871917445)
(15.310848712921143, -98.55845825604524, 0.2857389587887196, 37.356898421620286, -4.276610871917445)
(15.32508134841919, -98.55845825604524, 0.2857389587887196, 37.356898421620286, -4.276610871917445)
(15.342093467712402, -98.39619363944503, -0.07700063411387714, 37.919514883804844, -4.300805728009561)
(15.355900049209595, -98.39619363944503, -0.07700063411387714, 37.919514883804844, -4.300805728009561)
(15.410699844360352, -98.39619363944503, -0.07700063411387714, 37.919514883804844, -4.300805728009561)
(15.45244312286377, -98.39619363944503, -0.07700063411387714, 37.919514883804844, -4.341690963832416)
(15.477058172225952, -98.39619363944503, -0.07700063411387714, 37.919514883804844, -4.341690963832416)
(15.510768413543701, -98.39619363944503, -0.07700063411387714, 37.919514883804844, -4.341690963832416)
(15.548210382461548, -98.26797293146649, -0.5539871471873998, 38.59510121630055, -4.324672226102021)
(15.565062522888184, -98.26797293146649, -0.5539871471873998, 38.59510121630055, -4.324672226102021)
(15.579564332962036, -98.26797293146649, -0.5539871471873998, 38.59510121630055, -4.324672226102021)
(15.600610256195068, -98.26797293146649, -0.5539871471873998, 38.59510121630055, -4.324672226102021)
(15.615005493164062, -98.26797293146649, -0.5539871471873998, 38.59510121630055, -4.324672226102021)
(15.629049062728882, -98.26797293146649, -0.5539871471873998, 38.59510121630055, -4.324672226102021)
(15.64330768585205, -98.26797293146649, -0.5539871471873998, 38.59510121630055, -4.31449935937276)
(15.661269903182983, -98.26797293146649, -0.5539871471873998, 38.59510121630055, -4.31449935937276)
(15.67518424987793, -98.26797293146649, -0.5539871471873998, 38.59510121630055, -4.31449935937276)
(15.713935375213623, -98.26797293146649, -0.5539871471873998, 38.59510121630055, -4.31449935937276)
(15.728332281112671, -98.26797293146649, -0.5539871471873998, 38.59510121630055, -4.31449935937276)
(15.74646520614624, -98.09759483515661, -0.7571552975965121, 39.09355325365257, -4.2967043657976385)
(15.765394926071167, -98.09759483515661, -0.7571552975965121, 39.09355325365257, -4.2967043657976385)
(15.779882192611694, -98.09759483515661, -0.7571552975965121, 39.09355325365257, -4.2967043657976385)
(15.820173501968384, -98.09759483515661, -0.7571552975965121, 39.09355325365257, -4.2967043657976385)
(15.838908672332764, -98.09759483515661, -0.7571552975965121, 39.09355325365257, -4.2967043657976385)
(15.857070207595825, -98.09759483515661, -0.7571552975965121, 39.09355325365257, -4.28803434158831)
(15.874446630477905, -98.09759483515661, -0.7571552975965121, 39.09355325365257, -4.28803434158831)
(15.893590450286865, -98.09759483515661, -0.7571552975965121, 39.09355325365257, -4.28803434158831)
(15.919583797454834, -98.09759483515661, -0.7571552975965121, 39.09355325365257, -4.28803434158831)
(15.968626976013184, -98.2714600267468, -1.0265066460632086, 39.372323217291004, -4.28722677666687)
(15.993736743927002, -98.2714600267468, -1.0265066460632086, 39.372323217291004, -4.28722677666687)
(16.019267559051514, -98.2714600267468, -1.0265066460632086, 39.372323217291004, -4.28722677666687)
(16.17106032371521, -98.14802150558624, -1.2982517740375419, 39.48399045932615, -4.27638622559296)
(16.21016263961792, -98.14802150558624, -1.2982517740375419, 39.48399045932615, -4.27638622559296)
(16.238433122634888, -98.14802150558624, -1.2982517740375419, 39.48399045932615, -4.27638622559296)
(16.252687454223633, -98.14802150558624, -1.2982517740375419, 39.48399045932615, -4.295538062148962)
(16.293801307678223, -98.14802150558624, -1.2982517740375419, 39.48399045932615, -4.295538062148962)
(16.32151436805725, -98.14802150558624, -1.2982517740375419, 39.48399045932615, -4.295538062148962)
(16.336528539657593, -98.14802150558624, -1.2982517740375419, 39.48399045932615, -4.295538062148962)
(16.35161018371582, -98.36750300601304, -1.2892341178838036, 39.52818136084141, -4.305271749298544)
(16.412667989730835, -98.36750300601304, -1.2892341178838036, 39.52818136084141, -4.305271749298544)
(16.447848320007324, -98.36750300601304, -1.2892341178838036, 39.52818136084141, -4.305271749298544)
(16.488673210144043, -98.36750300601304, -1.2892341178838036, 39.52818136084141, -4.323194094634326)
(16.53326392173767, -98.36750300601304, -1.2892341178838036, 39.52818136084141, -4.323194094634326)
(16.562958240509033, -98.50504407378507, -1.4939809407914337, 39.46152673928525, -4.320118229276661)
(16.57774829864502, -98.50504407378507, -1.4939809407914337, 39.46152673928525, -4.320118229276661)
(16.594874620437622, -98.50504407378507, -1.4939809407914337, 39.46152673928525, -4.320118229276661)
(16.619200944900513, -98.50504407378507, -1.4939809407914337, 39.46152673928525, -4.320118229276661)
(16.664848566055298, -98.50504407378507, -1.4939809407914337, 39.46152673928525, -4.317511526550488)
(16.70126962661743, -98.50504407378507, -1.4939809407914337, 39.46152673928525, -4.317511526550488)
(16.73789095878601, -98.50504407378507, -1.4939809407914337, 39.46152673928525, -4.317511526550488)
(16.7627911567688, -98.54745598322565, -1.555284452062912, 39.39858369363697, -4.301607540887583)
(16.792189836502075, -98.54745598322565, -1.555284452062912, 39.39858369363697, -4.301607540887583)
(16.81126117706299, -98.54745598322565, -1.555284452062912, 39.39858369363697, -4.301607540887583)
(16.85256552696228, -98.54745598322565, -1.555284452062912, 39.39858369363697, -4.301607540887583)
(16.871591806411743, -98.54745598322565, -1.555284452062912, 39.39858369363697, -4.296174407922944)
(16.89047384262085, -98.54745598322565, -1.555284452062912, 39.39858369363697, -4.296174407922944)
(16.90546727180481, -98.54745598322565, -1.555284452062912, 39.39858369363697, -4.296174407922944)
(16.91947603225708, -98.54745598322565, -1.555284452062912, 39.39858369363697, -4.296174407922944)
(17.076582670211792, -98.64108794666613, -1.6435501317388503, 39.19716819999227, -4.280171372569976)
(17.09460687637329, -98.64108794666613, -1.6435501317388503, 39.19716819999227, -4.280171372569976)
(17.14395833015442, -98.64655999436098, -1.5394057935085859, 39.043218812613674, -4.272658440006617)
(17.165913581848145, -98.64655999436098, -1.5394057935085859, 39.043218812613674, -4.272658440006617)
(17.18578600883484, -98.64655999436098, -1.5394057935085859, 39.043218812613674, -4.272658440006617)
(17.200185298919678, -98.64655999436098, -1.5394057935085859, 39.043218812613674, -4.272658440006617)
(17.2145094871521, -98.64655999436098, -1.5394057935085859, 39.043218812613674, -4.272658440006617)
(17.372963190078735, -98.71760994218224, -1.308207808004086, 38.83140982674494, -4.223916998559039)
(17.482924938201904, -98.71760994218224, -1.308207808004086, 38.83140982674494, -4.228116143940936)
(17.531033515930176, -98.78379750964856, -0.9049263562962018, 38.522039529534304, -4.248456653107041)
(17.574584245681763, -98.78379750964856, -0.9049263562962018, 38.522039529534304, -4.248456653107041)
(17.617437601089478, -98.78379750964856, -0.9049263562962018, 38.522039529534304, -4.248456653107041)
(17.693415880203247, -98.78379750964856, -0.9049263562962018, 38.522039529534304, -4.260023498487753)
(17.782875299453735, -98.82773583375433, -0.447975183032411, 38.33418543506062, -4.252123874202143)
(17.85418391227722, -98.82773583375433, -0.447975183032411, 38.33418543506062, -4.24663127233441)
(17.949946641921997, -98.86521534215298, -0.100094960638212, 38.232503331294495, -4.232227412153598)
(18.04906702041626, -98.86521534215298, -0.100094960638212, 38.232503331294495, -4.235077402933085)
(18.147297859191895, -98.72662542428765, 0.3312151911901384, 38.14986853798862, -4.252872194483285)
(18.202922582626343, -98.72662542428765, 0.3312151911901384, 38.14986853798862, -4.252872194483285)
(18.249464511871338, -98.72662542428765, 0.3312151911901384, 38.14986853798862, -4.239203699151005)
(18.2921302318573, -98.72662542428765, 0.3312151911901384, 38.14986853798862, -4.239203699151005)
(18.33512282371521, -98.72662542428765, 0.3312151911901384, 38.14986853798862, -4.239203699151005)
(18.37834405899048, -98.73432974412766, 0.5456441928816755, 38.032235608849426, -4.211730078153243)
(18.607977867126465, -98.79196756426254, 0.5343303120210825, 37.85641065982691, -4.234780819623959)
(18.640706539154053, -98.79196756426254, 0.5343303120210825, 37.85641065982691, -4.234780819623959)
(18.663270950317383, -98.79196756426254, 0.5343303120210825, 37.85641065982691, -4.243550383100531)
(18.68119764328003, -98.79196756426254, 0.5343303120210825, 37.85641065982691, -4.243550383100531)
(18.699655532836914, -98.79196756426254, 0.5343303120210825, 37.85641065982691, -4.243550383100531)
(18.721262216567993, -98.79196756426254, 0.5343303120210825, 37.85641065982691, -4.243550383100531)
(18.7374746799469, -98.79196756426254, 0.5343303120210825, 37.85641065982691, -4.243550383100531)
(18.777023315429688, -98.69123604160227, 0.5430405189493128, 37.484260386959626, -4.262868777889815)
(18.791296005249023, -98.69123604160227, 0.5430405189493128, 37.484260386959626, -4.262868777889815)
(18.812302112579346, -98.69123604160227, 0.5430405189493128, 37.484260386959626, -4.262868777889815)
(18.832704305648804, -98.69123604160227, 0.5430405189493128, 37.484260386959626, -4.262868777889815)
(18.84671139717102, -98.69123604160227, 0.5430405189493128, 37.484260386959626, -4.262868777889815)
(18.87943744659424, -98.69123604160227, 0.5430405189493128, 37.484260386959626, -4.322183073026135)
(18.900609731674194, -98.69123604160227, 0.5430405189493128, 37.484260386959626, -4.322183073026135)
(18.914865970611572, -98.69123604160227, 0.5430405189493128, 37.484260386959626, -4.322183073026135)
(18.92951250076294, -98.69123604160227, 0.5430405189493128, 37.484260386959626, -4.322183073026135)
(18.944435834884644, -98.69123604160227, 0.5430405189493128, 37.484260386959626, -4.322183073026135)
(18.95919680595398, -98.55617537405196, 0.6055025459655112, 37.108086220521386, -4.356251734385469)
(19.011934518814087, -98.55617537405196, 0.6055025459655112, 37.108086220521386, -4.356251734385469)
(19.06250786781311, -98.55617537405196, 0.6055025459655112, 37.108086220521386, -4.427705131236124)
(19.09080219268799, -98.55617537405196, 0.6055025459655112, 37.108086220521386, -4.427705131236124)
(19.13392972946167, -98.55617537405196, 0.6055025459655112, 37.108086220521386, -4.427705131236124)
(19.16460418701172, -98.21737221867413, 0.4264891603075276, 36.735251154828205, -4.454818159609607)
(19.178825616836548, -98.21737221867413, 0.4264891603075276, 36.735251154828205, -4.454818159609607)
(19.202457904815674, -98.21737221867413, 0.4264891603075276, 36.735251154828205, -4.454818159609607)
(19.225481033325195, -98.21737221867413, 0.4264891603075276, 36.735251154828205, -4.454818159609607)
(19.24379587173462, -98.21737221867413, 0.4264891603075276, 36.735251154828205, -4.454818159609607)
(19.281259775161743, -98.21737221867413, 0.4264891603075276, 36.735251154828205, -4.452194175961469)
(19.309752464294434, -98.21737221867413, 0.4264891603075276, 36.735251154828205, -4.452194175961469)
(19.324748754501343, -98.21737221867413, 0.4264891603075276, 36.735251154828205, -4.452194175961469)
(19.339204788208008, -98.21737221867413, 0.4264891603075276, 36.735251154828205, -4.452194175961469)
(19.35543990135193, -98.21737221867413, 0.4264891603075276, 36.735251154828205, -4.452194175961469)
(19.392614603042603, -98.2673143628662, 0.27890518205374226, 36.41972960961206, -4.461426843425146)
(19.416019439697266, -98.2673143628662, 0.27890518205374226, 36.41972960961206, -4.461426843425146)
(19.435383081436157, -98.2673143628662, 0.27890518205374226, 36.41972960961206, -4.461426843425146)
(19.45624041557312, -98.2673143628662, 0.27890518205374226, 36.41972960961206, -4.461426843425146)
(19.52313756942749, -98.32357217588121, 0.5712424359568407, 36.15862842370386, -4.382657503707382)
(19.563808917999268, -98.32357217588121, 0.5712424359568407, 36.15862842370386, -4.382657503707382)
(19.60075855255127, -98.32357217588121, 0.5712424359568407, 36.15862842370386, -4.382657503707382)
(19.638531923294067, -98.32357217588121, 0.5712424359568407, 36.15862842370386, -4.329570521820976)
(19.661360502243042, -98.32357217588121, 0.5712424359568407, 36.15862842370386, -4.329570521820976)
(19.679481267929077, -98.32357217588121, 0.5712424359568407, 36.15862842370386, -4.329570521820976)
(19.697967290878296, -98.32357217588121, 0.5712424359568407, 36.15862842370386, -4.329570521820976)
(19.71531581878662, -98.32357217588121, 0.5712424359568407, 36.15862842370386, -4.329570521820976)
(19.732903003692627, -97.77844283557761, 0.7830891884276292, 35.97640027525422, -4.272713438203409)
(19.75060248374939, -97.77844283557761, 0.7830891884276292, 35.97640027525422, -4.272713438203409)
(20.251619338989258, -96.71414179446633, 1.248742402657931, 36.01283238059373, -4.1390717270991715)
(20.752503633499146, -96.42366727085786, 3.058601486961571, 35.527358355560516, -4.087572177787701, 'fly')
(20.85733413696289, -96.42366727085786, 3.058601486961571, 35.527358355560516, -4.054842244079747, 'fly')
(20.94233989715576, -96.42366727085786, 3.058601486961571, 35.527358355560516, -4.054842244079747, 'fly')
(20.997228145599365, -96.54940435311927, 4.132410470242482, 35.145042678339124, -2.3012583611468638, 'fly')
(21.04479217529297, -96.54940435311927, 4.132410470242482, 35.145042678339124, -2.3012583611468638, 'fly')
(21.093410968780518, -96.54940435311927, 4.132410470242482, 35.145042678339124, 1.5442554137891964, 'fly')
(21.171202421188354, -96.81929323123556, 5.533509488276744, 34.778925797926945, 5.521106066148104, 'fly')
(21.26704740524292, -96.81929323123556, 5.533509488276744, 34.778925797926945, 8.224703441857862, 'fly')
(21.334325551986694, -96.81929323123556, 5.533509488276744, 34.778925797926945, 8.224703441857862, 'fly')
(21.383814811706543, -96.9485694319156, 7.648559725450932, 34.491056917860604, 8.933221117431602, 'fly')
(21.488007307052612, -96.9485694319156, 7.648559725450932, 34.491056917860604, 9.828659554965737, 'fly')
(21.586625337600708, -96.9165693850398, 10.633286810050791, 34.388984599757244, 12.277131932289727, 'fly')
(21.646788597106934, -96.9165693850398, 10.633286810050791, 34.388984599757244, 14.509925702356018, 'fly')
(21.69629144668579, -96.9165693850398, 10.633286810050791, 34.388984599757244, 14.509925702356018, 'fly')
(21.743749380111694, -96.53763592023087, 13.95432905033891, 34.986193554962085, 16.510524601295835, 'fly')
(21.788835048675537, -96.53763592023087, 13.95432905033891, 34.986193554962085, 16.510524601295835, 'fly')
(21.815163373947144, -96.53763592023087, 13.95432905033891, 34.986193554962085, 16.510524601295835, 'fly')
(21.83172869682312, -96.53763592023087, 13.95432905033891, 34.986193554962085, 16.612501727081018, 'fly')
(21.849727153778076, -96.53763592023087, 13.95432905033891, 34.986193554962085, 16.612501727081018, 'fly')
(21.86429500579834, -96.53763592023087, 13.95432905033891, 34.986193554962085, 16.612501727081018, 'fly')
(21.878005027770996, -96.53763592023087, 13.95432905033891, 34.986193554962085, 16.612501727081018, 'fly')
(21.892431259155273, -96.53763592023087, 13.95432905033891, 34.986193554962085, 16.612501727081018, 'fly')
(21.910372972488403, -96.53763592023087, 13.95432905033891, 34.986193554962085, 16.612501727081018, 'fly')
(21.929800748825073, -95.81590010868635, 17.648578412501394, 35.767643675667856, 15.860857076088095, 'fly')
(21.947247743606567, -95.81590010868635, 17.648578412501394, 35.767643675667856, 15.860857076088095, 'fly')
(21.982876539230347, -95.81590010868635, 17.648578412501394, 35.767643675667856, 15.860857076088095, 'fly')
(22.01183247566223, -95.81590010868635, 17.648578412501394, 35.767643675667856, 15.860857076088095, 'fly')
(22.032086849212646, -95.81590010868635, 17.648578412501394, 35.767643675667856, 16.340565391345038, 'fly')
(22.046924829483032, -95.81590010868635, 17.648578412501394, 35.767643675667856, 16.340565391345038, 'fly')
(22.10062551498413, -95.81590010868635, 17.648578412501394, 35.767643675667856, 16.340565391345038, 'fly')
(22.143916368484497, -94.65122253867834, 21.54306416132175, 36.125305761547395, 16.96432856420106, 'fly')
(22.17659306526184, -94.65122253867834, 21.54306416132175, 36.125305761547395, 16.96432856420106, 'fly')
(22.223874807357788, -94.65122253867834, 21.54306416132175, 36.125305761547395, 16.96432856420106, 'fly')
(22.276551723480225, -94.65122253867834, 21.54306416132175, 36.125305761547395, 17.514743593800247, 'fly')
(22.311537504196167, -94.65122253867834, 21.54306416132175, 36.125305761547395, 17.514743593800247, 'fly')
(22.346967697143555, -93.47213694077371, 25.359731409550225, 36.34460309354774, 17.765946396754043, 'fly')
(22.38671851158142, -93.47213694077371, 25.359731409550225, 36.34460309354774, 17.765946396754043, 'fly')
(22.4233500957489, -93.47213694077371, 25.359731409550225, 36.34460309354774, 17.765946396754043, 'fly')
(22.44124126434326, -93.47213694077371, 25.359731409550225, 36.34460309354774, 17.256534722656337, 'fly')
(22.460142374038696, -93.47213694077371, 25.359731409550225, 36.34460309354774, 17.256534722656337, 'fly')
(22.512672901153564, -93.47213694077371, 25.359731409550225, 36.34460309354774, 17.256534722656337, 'fly')
(22.539541244506836, -92.07690827367418, 29.405902315751295, 36.38827287204185, 16.74451125915736, 'fly')
(22.571102380752563, -92.07690827367418, 29.405902315751295, 36.38827287204185, 16.74451125915736, 'fly')
(22.612127780914307, -92.07690827367418, 29.405902315751295, 36.38827287204185, 16.74451125915736, 'fly')
(22.649338006973267, -92.07690827367418, 29.405902315751295, 36.38827287204185, 16.345772089294663, 'fly')
(22.671528100967407, -92.07690827367418, 29.405902315751295, 36.38827287204185, 16.345772089294663, 'fly')
(22.686763048171997, -92.07690827367418, 29.405902315751295, 36.38827287204185, 16.345772089294663, 'fly')
(22.703845024108887, -92.07690827367418, 29.405902315751295, 36.38827287204185, 16.345772089294663, 'fly')
(22.723526000976562, -92.07690827367418, 29.405902315751295, 36.38827287204185, 16.345772089294663, 'fly')
(22.745659828186035, -90.59861579628948, 33.039310823366364, 36.223637863634124, 16.018891202705007, 'fly')
(22.78844380378723, -90.59861579628948, 33.039310823366364, 36.223637863634124, 16.018891202705007, 'fly')
(22.824049949645996, -90.59861579628948, 33.039310823366364, 36.223637863634124, 16.018891202705007, 'fly')
(22.84564185142517, -90.59861579628948, 33.039310823366364, 36.223637863634124, 15.843128632443339, 'fly')
(22.886656761169434, -90.59861579628948, 33.039310823366364, 36.223637863634124, 15.843128632443339, 'fly')
(22.90651297569275, -90.59861579628948, 33.039310823366364, 36.223637863634124, 15.843128632443339, 'fly')
(22.924782752990723, -90.59861579628948, 33.039310823366364, 36.223637863634124, 15.843128632443339, 'fly')
(22.941490173339844, -90.59861579628948, 33.039310823366364, 36.223637863634124, 15.843128632443339, 'fly')
(22.978174924850464, -88.78354990560797, 36.789468658744234, 36.02688667353443, 15.750551485885637, 'fly')
(22.993415355682373, -88.78354990560797, 36.789468658744234, 36.02688667353443, 15.750551485885637, 'fly')
(23.008301258087158, -88.78354990560797, 36.789468658744234, 36.02688667353443, 15.750551485885637, 'fly')
(23.023730993270874, -88.78354990560797, 36.789468658744234, 36.02688667353443, 15.750551485885637, 'fly')
(23.07665228843689, -88.78354990560797, 36.789468658744234, 36.02688667353443, 15.682702818491034, 'fly')
(23.105002641677856, -88.78354990560797, 36.789468658744234, 36.02688667353443, 15.682702818491034, 'fly')
(23.131128549575806, -88.78354990560797, 36.789468658744234, 36.02688667353443, 15.682702818491034, 'fly')
(23.16002583503723, -86.9532770759147, 40.70173544190759, 35.73542344605809, 15.644751949969763, 'fly')
(23.195385932922363, -86.9532770759147, 40.70173544190759, 35.73542344605809, 15.644751949969763, 'fly')
(23.232280254364014, -86.9532770759147, 40.70173544190759, 35.73542344605809, 15.644751949969763, 'fly')
(23.260841369628906, -86.9532770759147, 40.70173544190759, 35.73542344605809, 15.600688269893269, 'fly')
(23.285583972930908, -86.9532770759147, 40.70173544190759, 35.73542344605809, 15.600688269893269, 'fly')
(23.326437950134277, -86.9532770759147, 40.70173544190759, 35.73542344605809, 15.600688269893269, 'fly')
(23.36148762702942, -85.54895852733245, 44.41049171536026, 35.68804320569415, 15.54842606110174, 'fly')
(23.39350390434265, -85.54895852733245, 44.41049171536026, 35.68804320569415, 15.54842606110174, 'fly')
(23.439542770385742, -85.54895852733245, 44.41049171536026, 35.68804320569415, 15.54842606110174, 'fly')
(23.47075653076172, -85.54895852733245, 44.41049171536026, 35.68804320569415, 15.539531512120988, 'fly')
(23.494581937789917, -85.54895852733245, 44.41049171536026, 35.68804320569415, 15.539531512120988, 'fly')
(23.510712146759033, -85.54895852733245, 44.41049171536026, 35.68804320569415, 15.539531512120988, 'fly')
(23.527225017547607, -85.54895852733245, 44.41049171536026, 35.68804320569415, 15.539531512120988, 'fly')
(23.554492235183716, -85.54895852733245, 44.41049171536026, 35.68804320569415, 15.539531512120988, 'fly')
(23.605609893798828, -84.03800050267742, 48.5297882579089, 35.814180931049115, 15.516466504097998, 'fly')
(23.638793230056763, -84.03800050267742, 48.5297882579089, 35.814180931049115, 15.516466504097998, 'fly')
(23.6656813621521, -84.03800050267742, 48.5297882579089, 35.814180931049115, 15.572104896360564, 'fly')
(23.693094968795776, -84.03800050267742, 48.5297882579089, 35.814180931049115, 15.572104896360564, 'fly')
(23.720155239105225, -84.03800050267742, 48.5297882579089, 35.814180931049115, 15.572104896360564, 'fly')
(23.74652409553528, -84.03800050267742, 48.5297882579089, 35.814180931049115, 15.572104896360564, 'fly')
(23.766905784606934, -83.19791764362897, 53.12389993077803, 35.851719288025635, 15.626258232652201, 'fly')
(23.78214430809021, -83.19791764362897, 53.12389993077803, 35.851719288025635, 15.626258232652201, 'fly')
(23.797367811203003, -83.19791764362897, 53.12389993077803, 35.851719288025635, 15.626258232652201, 'fly')
(23.82542848587036, -83.19791764362897, 53.12389993077803, 35.851719288025635, 15.626258232652201, 'fly')
(23.840380668640137, -83.19791764362897, 53.12389993077803, 35.851719288025635, 15.626258232652201, 'fly')
(23.86886477470398, -83.19791764362897, 53.12389993077803, 35.851719288025635, 15.647420757748943, 'fly')
(23.90134358406067, -83.19791764362897, 53.12389993077803, 35.851719288025635, 15.647420757748943, 'fly')
(23.919987201690674, -83.19791764362897, 53.12389993077803, 35.851719288025635, 15.647420757748943, 'fly')
(23.940412282943726, -83.19791764362897, 53.12389993077803, 35.851719288025635, 15.647420757748943, 'fly')
(23.974255800247192, -82.78343585074099, 57.57410260820395, 36.141288241582515, 15.699287097243822, 'fly')
(24.002788305282593, -82.78343585074099, 57.57410260820395, 36.141288241582515, 15.699287097243822, 'fly')
(24.024141550064087, -82.78343585074099, 57.57410260820395, 36.141288241582515, 15.739015729430182, 'fly')
(24.039384365081787, -82.78343585074099, 57.57410260820395, 36.141288241582515, 15.739015729430182, 'fly')
(24.07388663291931, -82.78343585074099, 57.57410260820395, 36.141288241582515, 15.739015729430182, 'fly')
(24.089637279510498, -82.78343585074099, 57.57410260820395, 36.141288241582515, 15.739015729430182, 'fly')
(24.11421227455139, -82.78343585074099, 57.57410260820395, 36.141288241582515, 15.739015729430182, 'fly')
(24.135519981384277, -82.40705836611944, 62.184999716802274, 36.41297372254201, 15.77275272381192, 'fly')
(24.150636911392212, -82.40705836611944, 62.184999716802274, 36.41297372254201, 15.77275272381192, 'fly')
(24.416794538497925, -82.36297503943459, 66.71252493582938, 36.95680526709297, 15.774244908904606, 'fly')
(24.456992626190186, -82.36297503943459, 66.71252493582938, 36.95680526709297, 15.794242099950868, 'fly')
(24.50651240348816, -82.36297503943459, 66.71252493582938, 36.95680526709297, 15.794242099950868, 'fly')
(24.546526193618774, -82.04224181485087, 71.51444781428819, 37.498232257481206, 15.813508653014711, 'fly')
(24.567390203475952, -82.04224181485087, 71.51444781428819, 37.498232257481206, 15.813508653014711, 'fly')
(24.58503246307373, -82.04224181485087, 71.51444781428819, 37.498232257481206, 15.813508653014711, 'fly')
(24.631516695022583, -82.04224181485087, 71.51444781428819, 37.498232257481206, 15.813508653014711, 'fly')
(24.68154501914978, -82.04224181485087, 71.51444781428819, 37.498232257481206, 15.822108718328348, 'fly')
(24.721267461776733, -82.04224181485087, 71.51444781428819, 37.498232257481206, 15.822108718328348, 'fly')
(24.749096393585205, -82.97070392124893, 76.80242555055796, 38.00519217331058, 15.785093044045638, 'fly')
(24.792952060699463, -82.97070392124893, 76.80242555055796, 38.00519217331058, 15.785093044045638, 'fly')
(24.828881978988647, -82.97070392124893, 76.80242555055796, 38.00519217331058, 15.785093044045638, 'fly')
(24.848588228225708, -82.97070392124893, 76.80242555055796, 38.00519217331058, 15.758873351108292, 'fly')
(24.864914178848267, -82.97070392124893, 76.80242555055796, 38.00519217331058, 15.758873351108292, 'fly')
(24.880200386047363, -82.97070392124893, 76.80242555055796, 38.00519217331058, 15.758873351108292, 'fly')
(24.89836049079895, -82.97070392124893, 76.80242555055796, 38.00519217331058, 15.758873351108292, 'fly')
(24.92668914794922, -82.97070392124893, 76.80242555055796, 38.00519217331058, 15.758873351108292, 'fly')
(24.947662830352783, -83.92606668426568, 82.05849392090552, 38.43603580421693, 15.773978446070409, 'fly')
(24.968109846115112, -83.92606668426568, 82.05849392090552, 38.43603580421693, 15.773978446070409, 'fly')
(24.990044832229614, -83.92606668426568, 82.05849392090552, 38.43603580421693, 15.773978446070409, 'fly')
(25.006253480911255, -83.92606668426568, 82.05849392090552, 38.43603580421693, 15.773978446070409, 'fly')
(25.023558139801025, -83.92606668426568, 82.05849392090552, 38.43603580421693, 15.773978446070409, 'fly')
(25.233315229415894, -84.82484933688556, 87.36388247485849, 38.45967933615623, 15.897173024858333, 'fly')
(25.2918758392334, -84.82484933688556, 87.36388247485849, 38.45967933615623, 15.777490088353602, 'fly')
(25.34062099456787, -84.82484933688556, 87.36388247485849, 38.45967933615623, 15.777490088353602, 'fly')
(25.387657642364502, -86.22228347443671, 92.34897440410882, 38.44733161313818, 15.66028715395289, 'fly')
(25.4681556224823, -86.22228347443671, 92.34897440410882, 38.44733161313818, 15.584727869707404, 'fly')
(25.561500310897827, -87.34689738309467, 97.95504904641427, 38.60833401031959, 15.604793080577089, 'fly')
(25.627689838409424, -87.34689738309467, 97.95504904641427, 38.60833401031959, 15.604793080577089, 'fly')
(25.676461696624756, -87.34689738309467, 97.95504904641427, 38.60833401031959, 15.604272259358211, 'fly')
(25.720558166503906, -87.34689738309467, 97.95504904641427, 38.60833401031959, 15.604272259358211, 'fly')
(25.798713207244873, -88.98897236160342, 103.64582505276694, 38.73562386322582, 15.67691866628434, 'fly')
(25.889947652816772, -88.98897236160342, 103.64582505276694, 38.73562386322582, 15.67691866628434, 'fly')
(25.964587450027466, -90.97130738908167, 108.77022453184348, 38.93747203920664, 15.696167818471043, 'fly')
(26.01306915283203, -90.97130738908167, 108.77022453184348, 38.93747203920664, 15.696167818471043, 'fly')
(26.057499885559082, -90.97130738908167, 108.77022453184348, 38.93747203920664, 15.696167818471043, 'fly')
(26.103924036026, -90.97130738908167, 108.77022453184348, 38.93747203920664, 15.692272394300314, 'fly')
(26.150051832199097, -92.35160816163017, 114.04806294863792, 39.023857749717834, 15.749598618010292, 'fly')
(26.194357872009277, -92.35160816163017, 114.04806294863792, 39.023857749717834, 15.749598618010292, 'fly')
(26.23796534538269, -92.35160816163017, 114.04806294863792, 39.023857749717834, 15.726775291690721, 'fly')
(26.280868768692017, -92.35160816163017, 114.04806294863792, 39.023857749717834, 15.726775291690721, 'fly')
(26.32417607307434, -93.20267396879375, 119.30011490709583, 39.061239319181404, 15.686946182774374, 'fly')
(26.367486476898193, -93.20267396879375, 119.30011490709583, 39.061239319181404, 15.686946182774374, 'fly')
(26.410829067230225, -93.20267396879375, 119.30011490709583, 39.061239319181404, 15.686946182774374, 'fly')
(26.454516172409058, -93.20267396879375, 119.30011490709583, 39.061239319181404, 15.7478775463367, 'fly')
(26.498124361038208, -93.20267396879375, 119.30011490709583, 39.061239319181404, 15.7478775463367, 'fly')
(26.541730403900146, -94.45857996589775, 124.18695130137161, 39.44976870332842, 15.743610962952417, 'fly')
(26.58508038520813, -94.45857996589775, 124.18695130137161, 39.44976870332842, 15.743610962952417, 'fly')
(26.65597891807556, -94.45857996589775, 124.18695130137161, 39.44976870332842, 15.64486930023769, 'fly')
(26.726789712905884, -94.45857996589775, 124.18695130137161, 39.44976870332842, 15.64486930023769, 'fly')
(26.79652237892151, -95.51428984285077, 129.32511087794896, 39.567987982801306, 15.696708832184878, 'fly')
(26.84415316581726, -95.51428984285077, 129.32511087794896, 39.567987982801306, 15.728929671644007, 'fly')
(26.887939929962158, -95.51428984285077, 129.32511087794896, 39.567987982801306, 15.728929671644007, 'fly')
(26.90487837791443, -95.51428984285077, 129.32511087794896, 39.567987982801306, 15.728929671644007, 'fly')
(26.92024254798889, -95.51428984285077, 129.32511087794896, 39.567987982801306, 15.728929671644007, 'fly')
(26.956329822540283, -95.7174955043384, 134.20059335852406, 39.591037087044626, 15.728705218621517, 'fly')
(26.97165536880493, -95.7174955043384, 134.20059335852406, 39.591037087044626, 15.728705218621517, 'fly')
(26.997649431228638, -95.7174955043384, 134.20059335852406, 39.591037087044626, 15.728705218621517, 'fly')
(27.044662952423096, -95.7174955043384, 134.20059335852406, 39.591037087044626, 15.694579511160303, 'fly')
(27.07416319847107, -95.7174955043384, 134.20059335852406, 39.591037087044626, 15.694579511160303, 'fly')
(27.115150928497314, -95.7174955043384, 134.20059335852406, 39.591037087044626, 15.694579511160303, 'fly')
(27.144773244857788, -95.6965926470608, 139.4038371915604, 39.019084720710204, 15.757152167301296, 'fly')
(27.1811625957489, -95.6965926470608, 139.4038371915604, 39.019084720710204, 15.757152167301296, 'fly')
(27.206523895263672, -95.6965926470608, 139.4038371915604, 39.019084720710204, 15.757152167301296, 'fly')
(27.22523045539856, -95.6965926470608, 139.4038371915604, 39.019084720710204, 15.757152167301296, 'fly')
(27.263575077056885, -95.6965926470608, 139.4038371915604, 39.019084720710204, 15.774045541707697, 'fly')
(27.306748390197754, -95.6965926470608, 139.4038371915604, 39.019084720710204, 15.774045541707697, 'fly')
(27.33816146850586, -95.6965926470608, 139.4038371915604, 39.019084720710204, 15.774045541707697, 'fly')
(27.571447134017944, -94.63430797510335, 149.8525720208547, 37.27098547704885, 15.747535683305447, 'fly')
(27.595057010650635, -94.63430797510335, 149.8525720208547, 37.27098547704885, 15.747535683305447, 'fly')
(27.617059469223022, -94.63430797510335, 149.8525720208547, 37.27098547704885, 15.747535683305447, 'fly')
(27.679061889648438, -94.63430797510335, 149.8525720208547, 37.27098547704885, 15.688546952494704, 'fly')
(27.710484743118286, -94.63430797510335, 149.8525720208547, 37.27098547704885, 15.688546952494704, 'fly')
(27.74749183654785, -94.63430797510335, 149.8525720208547, 37.27098547704885, 15.688546952494704, 'fly')
(27.781492471694946, -93.89221946225683, 154.21537094776338, 36.34912175630281, 13.45007921463598, 'fly')
(27.810815811157227, -93.89221946225683, 154.21537094776338, 36.34912175630281, 13.45007921463598, 'fly')
(27.83206057548523, -93.89221946225683, 154.21537094776338, 36.34912175630281, 13.45007921463598, 'fly')
(27.84782886505127, -93.89221946225683, 154.21537094776338, 36.34912175630281, 13.45007921463598, 'fly')
(27.88498282432556, -93.89221946225683, 154.21537094776338, 36.34912175630281, 13.718288764627445, 'fly')
(27.927277088165283, -93.89221946225683, 154.21537094776338, 36.34912175630281, 13.718288764627445, 'fly')
(27.972798824310303, -94.1092750758865, 154.20645255994182, 34.76313437003103, 15.296425863286249, 'fly')
('min', -114.92311241873534, 161.5178047146059, 35.23099673032011)
('max', -77.35164783712989, 175.53794488824983, 36.94637248299621)
('dlp', -97.01265577667995, 167.7473278833043, 36.94637248299621, 15.497112751762526)