====================== HEADER ======================
Odometry data will folow format (time, x, y, z, yaw)
Landing site: (-1, x, y, z, yaw)
X = left and right
Y = foraward backward
Z = height
=====================================================
('min', -67.07593428162211, 246.47613706082836, -265.0891643783505)
('max', -33.765050673754324, 260.42926661709373, -263.4367418310101)
('dlp', -50.12330625242318, 251.88473652266356, -263.4367418310101, 22.426442336601053)
(0, -45.69589290163758, 92.27768171995481, -242.3675816838634, -1.3895407838710885)
(0.00019693374633789062, -45.72596258268705, 92.02698281078567, -242.28595163350735, -1.3895407838710885)
(0.07300543785095215, -45.72596258268705, 92.02698281078567, -242.28595163350735, -1.0772682889227703)
(0.12348532676696777, -45.72596258268705, 92.02698281078567, -242.28595163350735, -1.0772682889227703)
(0.16789579391479492, -46.15743926628608, 91.67232374963021, -242.45748484052032, -0.8077429453313494)
(0.21065068244934082, -46.15743926628608, 91.67232374963021, -242.45748484052032, -0.8077429453313494)
(0.2534334659576416, -46.15743926628608, 91.67232374963021, -242.45748484052032, -0.8077429453313494)
(0.2964158058166504, -46.15743926628608, 91.67232374963021, -242.45748484052032, -0.7075047762196551)
(0.3391561508178711, -46.58116594464456, 91.40868083394152, -243.27629233057056, -0.6876946979636187)
(0.3818976879119873, -46.58116594464456, 91.40868083394152, -243.27629233057056, -0.6876946979636187)
(0.42505645751953125, -46.58116594464456, 91.40868083394152, -243.27629233057056, -0.6997164417122893)
(0.4681544303894043, -46.58116594464456, 91.40868083394152, -243.27629233057056, -0.6997164417122893)
(0.5112178325653076, -46.58116594464456, 91.40868083394152, -243.27629233057056, -0.6997164417122893)
(0.5540661811828613, -47.33321869534705, 91.36332943961968, -245.35204318168877, -0.6818625611729611)
(0.5970191955566406, -47.33321869534705, 91.36332943961968, -245.35204318168877, -0.6818625611729611)
(0.6401922702789307, -47.33321869534705, 91.36332943961968, -245.35204318168877, -0.6774235452626698)
(0.6831550598144531, -47.33321869534705, 91.36332943961968, -245.35204318168877, -0.6774235452626698)
(0.7258570194244385, -48.53571033017454, 91.50194377409, -248.34556174056405, -0.6293892021324057)
(0.7705948352813721, -48.53571033017454, 91.50194377409, -248.34556174056405, -0.6293892021324057)
(0.840991735458374, -48.53571033017454, 91.50194377409, -248.34556174056405, -0.6463770604968168)
(0.9108021259307861, -48.53571033017454, 91.50194377409, -248.34556174056405, -0.6463770604968168)
(0.9816403388977051, -49.73008039223067, 92.32962908964265, -251.2817133518661, -0.6030211073876687)
(1.026362419128418, -49.73008039223067, 92.32962908964265, -251.2817133518661, -0.6190500266128)
(1.0691137313842773, -49.73008039223067, 92.32962908964265, -251.2817133518661, -0.6190500266128)
(1.1451361179351807, -51.09871483410644, 92.99423599742462, -254.0099696353262, -0.6719026147689091)
(1.2352755069732666, -51.09871483410644, 92.99423599742462, -254.0099696353262, -0.7639672452601824)
(1.3088700771331787, -51.09871483410644, 92.99423599742462, -254.0099696353262, -0.7639672452601824)
(1.3568062782287598, -52.304060547301, 94.68574018852469, -256.4878508174386, -0.7397504421170928)
(1.4008989334106445, -52.304060547301, 94.68574018852469, -256.4878508174386, -0.7397504421170928)
(1.4435768127441406, -52.304060547301, 94.68574018852469, -256.4878508174386, -0.7908497245273648)
(1.4870142936706543, -52.304060547301, 94.68574018852469, -256.4878508174386, -0.7908497245273648)
(1.5297977924346924, -52.304060547301, 94.68574018852469, -256.4878508174386, -0.7908497245273648)
(1.572946548461914, -53.62768480792921, 96.7476329184835, -258.30908420211324, -0.7664552552346052)
(1.6154470443725586, -53.62768480792921, 96.7476329184835, -258.30908420211324, -0.7664552552346052)
(1.6578259468078613, -53.62768480792921, 96.7476329184835, -258.30908420211324, -0.8177651740756691)
(1.7004590034484863, -53.62768480792921, 96.7476329184835, -258.30908420211324, -0.8177651740756691)
(1.7701725959777832, -54.75943149285391, 98.48296618083725, -259.4508836423977, -0.8161668776542618)
(1.8450324535369873, -54.75943149285391, 98.48296618083725, -259.4508836423977, -0.9098960487435991)
(1.935180425643921, -54.75943149285391, 98.48296618083725, -259.4508836423977, -0.9098960487435991)
(2.0117251873016357, -55.42517725688365, 99.6090241318141, -260.3283567154715, -0.9391572802640107)
(2.0594263076782227, -55.42517725688365, 99.6090241318141, -260.3283567154715, -0.9899997110100562)
(2.103024959564209, -55.42517725688365, 99.6090241318141, -260.3283567154715, -0.9899997110100562)
(2.1498239040374756, -55.76010664190138, 100.74131809085577, -261.4035255856449, -1.014992976600128)
(2.194962739944458, -55.76010664190138, 100.74131809085577, -261.4035255856449, -1.014992976600128)
(2.2398416996002197, -55.76010664190138, 100.74131809085577, -261.4035255856449, -1.014992976600128)
(2.284874200820923, -55.76010664190138, 100.74131809085577, -261.4035255856449, -1.0086804731107077)
(2.332489490509033, -55.76010664190138, 100.74131809085577, -261.4035255856449, -1.0086804731107077)
(2.436849594116211, -55.79223510415654, 101.84713044630188, -263.12086340343996, -0.989170630996953)
(2.527648687362671, -55.79223510415654, 101.84713044630188, -263.12086340343996, -0.9571962005632647)
(2.592585325241089, -55.71974433599397, 102.69470720551375, -265.40540868459954, -0.9196494880191222)
(2.648177146911621, -55.71974433599397, 102.69470720551375, -265.40540868459954, -0.8370417738055912)
(2.6940603256225586, -55.71974433599397, 102.69470720551375, -265.40540868459954, -0.8370417738055912)
(2.749985456466675, -55.5206870311258, 103.88676129996469, -267.7798895577978, -0.8828083727565351)
(2.8190619945526123, -55.5206870311258, 103.88676129996469, -267.7798895577978, -0.9180993328006448)
(2.9062232971191406, -55.5206870311258, 103.88676129996469, -267.7798895577978, -0.9180993328006448)
(2.968395233154297, -55.06726060522373, 104.75407890314072, -269.5061669927678, -0.8851894230163865)
(2.9850008487701416, -55.06726060522373, 104.75407890314072, -269.5061669927678, -0.8851894230163865)
(3.000107765197754, -55.06726060522373, 104.75407890314072, -269.5061669927678, -0.8851894230163865)
(3.1699886322021484, -54.44895197875386, 105.40341907377434, -270.29029084745724, -0.9522162398987815)
(3.191298007965088, -54.44895197875386, 105.40341907377434, -270.29029084745724, -0.9522162398987815)
(3.3055245876312256, -54.44895197875386, 105.40341907377434, -270.29029084745724, -0.9523760746164485)
(3.473971366882324, -53.75295090130512, 106.44159913178623, -270.7385068456051, -0.8490072525991693)
(3.5044450759887695, -53.75295090130512, 106.44159913178623, -270.7385068456051, -0.8490072525991693)
(3.5252468585968018, -53.75295090130512, 106.44159913178623, -270.7385068456051, -0.8490072525991693)
(3.5440547466278076, -52.75254184181473, 107.44257661453459, -270.6696474834358, -0.8832608032052737)
(3.561805009841919, -52.75254184181473, 107.44257661453459, -270.6696474834358, -0.8832608032052737)
(3.5997226238250732, -52.75254184181473, 107.44257661453459, -270.6696474834358, -0.8832608032052737)
(3.616755723953247, -52.75254184181473, 107.44257661453459, -270.6696474834358, -0.8832608032052737)
(3.657308578491211, -52.75254184181473, 107.44257661453459, -270.6696474834358, -0.8925607260342354)
(3.673220157623291, -52.75254184181473, 107.44257661453459, -270.6696474834358, -0.8925607260342354)
(3.6903579235076904, -52.75254184181473, 107.44257661453459, -270.6696474834358, -0.8925607260342354)
(3.7081449031829834, -52.75254184181473, 107.44257661453459, -270.6696474834358, -0.8925607260342354)
(3.7222909927368164, -52.75254184181473, 107.44257661453459, -270.6696474834358, -0.8925607260342354)
(3.754035472869873, -51.88035602178595, 108.43285380891511, -270.53525399726664, -0.8949946081177518)
(3.7805230617523193, -51.88035602178595, 108.43285380891511, -270.53525399726664, -0.8949946081177518)
(3.795557737350464, -51.88035602178595, 108.43285380891511, -270.53525399726664, -0.8949946081177518)
(3.8238942623138428, -51.88035602178595, 108.43285380891511, -270.53525399726664, -0.8949946081177518)
(3.8457579612731934, -51.88035602178595, 108.43285380891511, -270.53525399726664, -0.8898192948612829)
(3.8700194358825684, -51.88035602178595, 108.43285380891511, -270.53525399726664, -0.8898192948612829)
(3.884530544281006, -51.88035602178595, 108.43285380891511, -270.53525399726664, -0.8898192948612829)
(3.8986170291900635, -51.88035602178595, 108.43285380891511, -270.53525399726664, -0.8898192948612829)
(3.92659330368042, -51.88035602178595, 108.43285380891511, -270.53525399726664, -0.8898192948612829)
(3.940779447555542, -51.88035602178595, 108.43285380891511, -270.53525399726664, -0.8898192948612829)
(3.954998016357422, -51.88035602178595, 108.43285380891511, -270.53525399726664, -0.8898192948612829)
(3.972935914993286, -51.14610968799216, 108.94069264564895, -270.01665178514963, -0.9029145034862743)
(3.9950833320617676, -51.14610968799216, 108.94069264564895, -270.01665178514963, -0.9029145034862743)
(4.050560712814331, -51.14610968799216, 108.94069264564895, -270.01665178514963, -0.8593428865838845)
(4.095256805419922, -51.14610968799216, 108.94069264564895, -270.01665178514963, -0.8593428865838845)
(4.129390001296997, -51.14610968799216, 108.94069264564895, -270.01665178514963, -0.8593428865838845)
(4.1780924797058105, -50.3366991615009, 109.52339061041829, -269.2388722010641, -0.8543282634233331)
(4.2193992137908936, -50.3366991615009, 109.52339061041829, -269.2388722010641, -0.8543282634233331)
(4.239760875701904, -50.3366991615009, 109.52339061041829, -269.2388722010641, -0.8543282634233331)
(4.25433087348938, -50.3366991615009, 109.52339061041829, -269.2388722010641, -0.8736125182450183)
(4.268148899078369, -50.3366991615009, 109.52339061041829, -269.2388722010641, -0.8736125182450183)
(4.321302890777588, -50.3366991615009, 109.52339061041829, -269.2388722010641, -0.8736125182450183)
(4.3552892208099365, -49.70017357942013, 110.22919708270643, -268.35253214996413, -0.8616073202286283)
(4.3898234367370605, -49.70017357942013, 110.22919708270643, -268.35253214996413, -0.8616073202286283)
(4.423099040985107, -49.70017357942013, 110.22919708270643, -268.35253214996413, -0.8616073202286283)
(4.450978994369507, -49.70017357942013, 110.22919708270643, -268.35253214996413, -0.8738846424351)
(4.473411321640015, -49.70017357942013, 110.22919708270643, -268.35253214996413, -0.8738846424351)
(4.494356870651245, -49.70017357942013, 110.22919708270643, -268.35253214996413, -0.8738846424351)
(4.6011962890625, -49.446947989114655, 111.28328153186405, -267.2976875529516, -0.850054598710555)
(4.621098518371582, -49.446947989114655, 111.28328153186405, -267.2976875529516, -0.850054598710555)
(4.673516511917114, -49.446947989114655, 111.28328153186405, -267.2976875529516, -0.7896812509513239)
(4.698479890823364, -49.446947989114655, 111.28328153186405, -267.2976875529516, -0.7896812509513239)
(4.715492010116577, -49.446947989114655, 111.28328153186405, -267.2976875529516, -0.7896812509513239)
(4.730333089828491, -49.446947989114655, 111.28328153186405, -267.2976875529516, -0.7896812509513239)
(4.8276026248931885, -49.538490661543754, 112.13549853548184, -266.0347600898695, -0.7557290740413795)
(4.848690986633301, -49.538490661543754, 112.13549853548184, -266.0347600898695, -0.7557290740413795)
(4.886101007461548, -49.538490661543754, 112.13549853548184, -266.0347600898695, -0.7557290740413795)
(4.907078504562378, -49.538490661543754, 112.13549853548184, -266.0347600898695, -0.7557290740413795)
(4.93040919303894, -49.847950833868595, 112.94462774364371, -264.88275855852663, -0.7676977794994544)
(5.033030271530151, -49.847950833868595, 112.94462774364371, -264.88275855852663, -0.8052774227786125)
(5.534063100814819, -51.40231159082214, 117.25206247299101, -264.23076276305864, -0.7753505343119901)
(6.034959554672241, -52.15551563053015, 119.43849639329387, -264.2238162852309, -0.7507694025758258, 'fly')
(6.191447496414185, -52.208265299099985, 121.18802107505363, -264.07674925267264, -0.6891058457025858, 'fly')
(6.294396877288818, -52.208265299099985, 121.18802107505363, -264.07674925267264, 2.240662729060684, 'fly')
(6.343586206436157, -52.208265299099985, 121.18802107505363, -264.07674925267264, 2.240662729060684, 'fly')
(6.387786149978638, -52.383826648207595, 123.54392048945398, -263.33934350805447, 5.695063858077238, 'fly')
(6.430896282196045, -52.383826648207595, 123.54392048945398, -263.33934350805447, 5.695063858077238, 'fly')
(6.474286794662476, -52.383826648207595, 123.54392048945398, -263.33934350805447, 9.034461625271446, 'fly')
(6.5172271728515625, -52.383826648207595, 123.54392048945398, -263.33934350805447, 9.034461625271446, 'fly')
(6.560383081436157, -52.313900555913115, 125.98582115311521, -262.4436386555113, 11.524519047590138, 'fly')
(6.60407280921936, -52.313900555913115, 125.98582115311521, -262.4436386555113, 11.524519047590138, 'fly')
(6.6599366664886475, -52.313900555913115, 125.98582115311521, -262.4436386555113, 13.535355588609912, 'fly')
(6.735451936721802, -52.340408560909765, 129.40433358746867, -261.9142128752955, 15.484747427880217, 'fly')
(6.819754123687744, -52.340408560909765, 129.40433358746867, -261.9142128752955, 17.97494561456169, 'fly')
(6.8721160888671875, -52.340408560909765, 129.40433358746867, -261.9142128752955, 17.97494561456169, 'fly')
(6.917399883270264, -52.12509239943993, 133.65432043587901, -261.42287060652677, 18.003245240742853, 'fly')
(6.960501432418823, -52.12509239943993, 133.65432043587901, -261.42287060652677, 18.003245240742853, 'fly')
(7.003761053085327, -52.12509239943993, 133.65432043587901, -261.42287060652677, 18.003245240742853, 'fly')
(7.047219276428223, -52.12509239943993, 133.65432043587901, -261.42287060652677, 17.801306415838845, 'fly')
(7.066009521484375, -52.12509239943993, 133.65432043587901, -261.42287060652677, 17.801306415838845, 'fly')
(7.227040767669678, -51.90225083563754, 138.37011610302932, -260.7714231259931, 19.3533946356824, 'fly')
(7.287568092346191, -51.90225083563754, 138.37011610302932, -260.7714231259931, 19.3533946356824, 'fly')
(7.310538291931152, -51.90225083563754, 138.37011610302932, -260.7714231259931, 19.3533946356824, 'fly')
(7.327407360076904, -51.90225083563754, 138.37011610302932, -260.7714231259931, 19.3533946356824, 'fly')
(7.343930721282959, -51.27435158165164, 143.1558104885775, -260.39746729379965, 20.303830975861448, 'fly')
(7.3593175411224365, -51.27435158165164, 143.1558104885775, -260.39746729379965, 20.303830975861448, 'fly')
(7.588334321975708, -50.57302022221766, 148.23778390657588, -260.18049292765977, 20.71847334214707, 'fly')
(7.602940797805786, -50.57302022221766, 148.23778390657588, -260.18049292765977, 20.71847334214707, 'fly')
(7.618286609649658, -50.57302022221766, 148.23778390657588, -260.18049292765977, 20.71847334214707, 'fly')
(7.633223533630371, -50.57302022221766, 148.23778390657588, -260.18049292765977, 20.7304791798932, 'fly')
(7.648934602737427, -50.57302022221766, 148.23778390657588, -260.18049292765977, 20.7304791798932, 'fly')
(7.663737535476685, -50.57302022221766, 148.23778390657588, -260.18049292765977, 20.7304791798932, 'fly')
(7.694988489151001, -50.57302022221766, 148.23778390657588, -260.18049292765977, 20.7304791798932, 'fly')
(7.710344314575195, -50.57302022221766, 148.23778390657588, -260.18049292765977, 20.7304791798932, 'fly')
(7.726517677307129, -50.57302022221766, 148.23778390657588, -260.18049292765977, 20.7304791798932, 'fly')
(7.742330074310303, -49.66250692433463, 153.6450238192365, -260.0655829803921, 20.736450211596686, 'fly')
(7.757336616516113, -49.66250692433463, 153.6450238192365, -260.0655829803921, 20.736450211596686, 'fly')
(7.7745277881622314, -49.66250692433463, 153.6450238192365, -260.0655829803921, 20.736450211596686, 'fly')
(7.79386568069458, -49.66250692433463, 153.6450238192365, -260.0655829803921, 20.736450211596686, 'fly')
(7.813307046890259, -49.66250692433463, 153.6450238192365, -260.0655829803921, 20.736450211596686, 'fly')
(7.829026699066162, -49.66250692433463, 153.6450238192365, -260.0655829803921, 20.736450211596686, 'fly')
(8.026443004608154, -48.825090214285396, 159.40221980324876, -260.34553538898496, 20.543026552961088, 'fly')
(8.056474208831787, -48.825090214285396, 159.40221980324876, -260.34553538898496, 20.498291177350772, 'fly')
(8.081889867782593, -48.825090214285396, 159.40221980324876, -260.34553538898496, 20.498291177350772, 'fly')
(8.097662925720215, -48.825090214285396, 159.40221980324876, -260.34553538898496, 20.498291177350772, 'fly')
(8.221284866333008, -47.55321498818373, 164.83746590243638, -260.89999023267075, 20.504225430666814, 'fly')
(8.25235629081726, -47.55321498818373, 164.83746590243638, -260.89999023267075, 20.631251678235135, 'fly')
(8.284374713897705, -47.55321498818373, 164.83746590243638, -260.89999023267075, 20.631251678235135, 'fly')
(8.315469026565552, -47.55321498818373, 164.83746590243638, -260.89999023267075, 20.631251678235135, 'fly')
(8.3387610912323, -47.55321498818373, 164.83746590243638, -260.89999023267075, 20.631251678235135, 'fly')
(8.361101627349854, -46.171090991896655, 170.2627803358703, -261.5533406627625, 20.690584485382892, 'fly')
(8.378912925720215, -46.171090991896655, 170.2627803358703, -261.5533406627625, 20.690584485382892, 'fly')
(8.397695779800415, -46.171090991896655, 170.2627803358703, -261.5533406627625, 20.690584485382892, 'fly')
(8.415998935699463, -46.171090991896655, 170.2627803358703, -261.5533406627625, 20.690584485382892, 'fly')
(8.434131860733032, -46.171090991896655, 170.2627803358703, -261.5533406627625, 20.690584485382892, 'fly')
(8.616909265518188, -44.93555572471255, 175.45664834031598, -261.9842379730175, 20.720647108657566, 'fly')
(8.645754098892212, -44.93555572471255, 175.45664834031598, -261.9842379730175, 20.720647108657566, 'fly')
(8.661654472351074, -44.93555572471255, 175.45664834031598, -261.9842379730175, 20.687096292408935, 'fly')
(8.677080869674683, -44.93555572471255, 175.45664834031598, -261.9842379730175, 20.687096292408935, 'fly')
(8.692576169967651, -44.93555572471255, 175.45664834031598, -261.9842379730175, 20.687096292408935, 'fly')
(8.707574844360352, -44.93555572471255, 175.45664834031598, -261.9842379730175, 20.687096292408935, 'fly')
(8.920015573501587, -41.91663429206933, 186.05106570921177, -262.81644473154955, 20.231796321083884, 'fly')
(8.979596138000488, -41.91663429206933, 186.05106570921177, -262.81644473154955, 20.231796321083884, 'fly')
(9.030027151107788, -41.91663429206933, 186.05106570921177, -262.81644473154955, 20.19321995368888, 'fly')
(9.075056552886963, -41.91663429206933, 186.05106570921177, -262.81644473154955, 20.19321995368888, 'fly')
(9.091262578964233, -41.91663429206933, 186.05106570921177, -262.81644473154955, 20.19321995368888, 'fly')
(9.103603601455688, -41.91663429206933, 186.05106570921177, -262.81644473154955, 20.19321995368888, 'fly')
(9.12789511680603, -40.63661801635733, 191.5282081304758, -263.24422866484184, 20.488687631098145, 'fly')
(9.14124584197998, -40.63661801635733, 191.5282081304758, -263.24422866484184, 20.488687631098145, 'fly')
(9.155490159988403, -40.63661801635733, 191.5282081304758, -263.24422866484184, 20.488687631098145, 'fly')
(9.170091152191162, -40.63661801635733, 191.5282081304758, -263.24422866484184, 20.488687631098145, 'fly')
(9.34640383720398, -39.90983949077836, 196.98019266118317, -263.36653638809355, 20.979978596920766, 'fly')
(9.379016399383545, -39.90983949077836, 196.98019266118317, -263.36653638809355, 20.979978596920766, 'fly')
(9.397077560424805, -39.90983949077836, 196.98019266118317, -263.36653638809355, 20.979978596920766, 'fly')
(9.412865400314331, -39.90983949077836, 196.98019266118317, -263.36653638809355, 20.979978596920766, 'fly')
(9.458340406417847, -39.90983949077836, 196.98019266118317, -263.36653638809355, 21.04974960986532, 'fly')
(9.512428760528564, -39.90983949077836, 196.98019266118317, -263.36653638809355, 21.04974960986532, 'fly')
(9.570073127746582, -39.512447233272376, 203.12175034772437, -263.6332581249408, 20.94160183031663, 'fly')
(9.615267276763916, -39.512447233272376, 203.12175034772437, -263.6332581249408, 20.94160183031663, 'fly')
(9.649688720703125, -39.512447233272376, 203.12175034772437, -263.6332581249408, 20.90432268164795, 'fly')
(9.668894529342651, -39.512447233272376, 203.12175034772437, -263.6332581249408, 20.90432268164795, 'fly')
(9.684526443481445, -39.512447233272376, 203.12175034772437, -263.6332581249408, 20.90432268164795, 'fly')
(9.699709177017212, -39.512447233272376, 203.12175034772437, -263.6332581249408, 20.90432268164795, 'fly')
(9.745392560958862, -39.69431475868685, 209.28077908727138, -264.0145591893851, 21.135862663495782, 'fly')
(9.760738611221313, -39.69431475868685, 209.28077908727138, -264.0145591893851, 21.135862663495782, 'fly')
(9.780333042144775, -39.69431475868685, 209.28077908727138, -264.0145591893851, 21.135862663495782, 'fly')
(9.795453548431396, -39.69431475868685, 209.28077908727138, -264.0145591893851, 21.135862663495782, 'fly')
(9.877328395843506, -39.69431475868685, 209.28077908727138, -264.0145591893851, 21.42595988748565, 'fly')
(9.919958114624023, -39.69431475868685, 209.28077908727138, -264.0145591893851, 21.42595988748565, 'fly')
(9.955548524856567, -40.56301539796185, 215.82618404121737, -264.1694687755947, 21.751842562340556, 'fly')
(9.993901014328003, -40.56301539796185, 215.82618404121737, -264.1694687755947, 21.751842562340556, 'fly')
(10.038385152816772, -40.56301539796185, 215.82618404121737, -264.1694687755947, 21.799020283791165, 'fly')
(10.053843975067139, -40.56301539796185, 215.82618404121737, -264.1694687755947, 21.799020283791165, 'fly')
(10.069685220718384, -40.56301539796185, 215.82618404121737, -264.1694687755947, 21.799020283791165, 'fly')
(10.085186958312988, -40.56301539796185, 215.82618404121737, -264.1694687755947, 21.799020283791165, 'fly')
(10.139822959899902, -41.64139731444551, 221.8796443004314, -264.17526098888646, 21.503569101941245, 'fly')
(10.155253648757935, -41.64139731444551, 221.8796443004314, -264.17526098888646, 21.503569101941245, 'fly')
(10.173576831817627, -41.64139731444551, 221.8796443004314, -264.17526098888646, 21.503569101941245, 'fly')
(10.188719749450684, -41.64139731444551, 221.8796443004314, -264.17526098888646, 21.503569101941245, 'fly')
(10.228484153747559, -41.64139731444551, 221.8796443004314, -264.17526098888646, 21.503569101941245, 'fly')
(10.251534223556519, -41.64139731444551, 221.8796443004314, -264.17526098888646, 21.145593964012747, 'fly')
(10.26732087135315, -41.64139731444551, 221.8796443004314, -264.17526098888646, 21.145593964012747, 'fly')
(10.282460927963257, -41.64139731444551, 221.8796443004314, -264.17526098888646, 21.145593964012747, 'fly')
(10.2978675365448, -41.64139731444551, 221.8796443004314, -264.17526098888646, 21.145593964012747, 'fly')
(10.31334376335144, -41.64139731444551, 221.8796443004314, -264.17526098888646, 21.145593964012747, 'fly')
(10.328983068466187, -41.64139731444551, 221.8796443004314, -264.17526098888646, 21.145593964012747, 'fly')
(10.344213724136353, -43.30971578809533, 227.69908576599764, -264.20728895693145, 20.876329716056283, 'fly')
(10.358997344970703, -43.30971578809533, 227.69908576599764, -264.20728895693145, 20.876329716056283, 'fly')
(10.37476897239685, -43.30971578809533, 227.69908576599764, -264.20728895693145, 20.876329716056283, 'fly')
(10.389560222625732, -43.30971578809533, 227.69908576599764, -264.20728895693145, 20.876329716056283, 'fly')
(10.404353141784668, -43.30971578809533, 227.69908576599764, -264.20728895693145, 20.876329716056283, 'fly')
(10.422914981842041, -43.30971578809533, 227.69908576599764, -264.20728895693145, 20.876329716056283, 'fly')
(10.438241243362427, -43.30971578809533, 227.69908576599764, -264.20728895693145, 20.876329716056283, 'fly')
(10.45374846458435, -43.30971578809533, 227.69908576599764, -264.20728895693145, 20.76879615486843, 'fly')
(10.468900918960571, -43.30971578809533, 227.69908576599764, -264.20728895693145, 20.76879615486843, 'fly')
(10.484695196151733, -43.30971578809533, 227.69908576599764, -264.20728895693145, 20.76879615486843, 'fly')
(10.499526500701904, -43.30971578809533, 227.69908576599764, -264.20728895693145, 20.76879615486843, 'fly')
(10.514544486999512, -43.30971578809533, 227.69908576599764, -264.20728895693145, 20.76879615486843, 'fly')
(10.529776096343994, -43.30971578809533, 227.69908576599764, -264.20728895693145, 20.76879615486843, 'fly')
(10.54546046257019, -43.30971578809533, 227.69908576599764, -264.20728895693145, 20.738230564572806, 'fly')
(10.560294151306152, -45.21919319428072, 233.30836952463054, -264.0100591002768, 20.738230564572806, 'fly')
(10.575652360916138, -45.21919319428072, 233.30836952463054, -264.0100591002768, 20.738230564572806, 'fly')
(10.590503454208374, -45.21919319428072, 233.30836952463054, -264.0100591002768, 20.738230564572806, 'fly')
(10.605234146118164, -45.21919319428072, 233.30836952463054, -264.0100591002768, 20.738230564572806, 'fly')
(10.62646222114563, -45.21919319428072, 233.30836952463054, -264.0100591002768, 20.738230564572806, 'fly')
(10.641809701919556, -45.21919319428072, 233.30836952463054, -264.0100591002768, 20.738230564572806, 'fly')
(10.656946897506714, -45.21919319428072, 233.30836952463054, -264.0100591002768, 20.74003741627399, 'fly')
(10.671818017959595, -45.21919319428072, 233.30836952463054, -264.0100591002768, 20.74003741627399, 'fly')
(10.68736219406128, -45.21919319428072, 233.30836952463054, -264.0100591002768, 20.74003741627399, 'fly')
(10.702984094619751, -45.21919319428072, 233.30836952463054, -264.0100591002768, 20.74003741627399, 'fly')
(10.759391784667969, -47.15026045372566, 238.5074570122517, -263.59999042924017, 20.833395335728696, 'fly')
(10.78729772567749, -47.15026045372566, 238.5074570122517, -263.59999042924017, 20.833395335728696, 'fly')
(10.80904746055603, -47.15026045372566, 238.5074570122517, -263.59999042924017, 20.833395335728696, 'fly')
(10.853672742843628, -47.15026045372566, 238.5074570122517, -263.59999042924017, 21.019440572652336, 'fly')
(10.893280982971191, -47.15026045372566, 238.5074570122517, -263.59999042924017, 21.019440572652336, 'fly')
(10.910873413085938, -47.15026045372566, 238.5074570122517, -263.59999042924017, 21.019440572652336, 'fly')
(10.926221132278442, -47.15026045372566, 238.5074570122517, -263.59999042924017, 21.019440572652336, 'fly')
(10.941577911376953, -47.15026045372566, 238.5074570122517, -263.59999042924017, 21.019440572652336, 'fly')
(10.956522226333618, -49.191829156338024, 244.15899591866437, -263.424889333506, 21.275833158592885, 'fly')
(10.971231937408447, -49.191829156338024, 244.15899591866437, -263.424889333506, 21.275833158592885, 'fly')
(10.986120700836182, -49.191829156338024, 244.15899591866437, -263.424889333506, 21.275833158592885, 'fly')
(11.001051425933838, -49.191829156338024, 244.15899591866437, -263.424889333506, 21.275833158592885, 'fly')
(11.200251579284668, -51.18215632183196, 249.7406145949248, -262.9674648941361, 21.289204808506987, 'fly')
('min', -67.07593428162211, 246.47613706082836, -265.0891643783505)
('max', -33.765050673754324, 260.42926661709373, -263.4367418310101)
('dlp', -50.12330625242318, 251.88473652266356, -263.4367418310101, 22.426442336601053)