====================== HEADER ======================
Odometry data will folow format (time, x, y, z, yaw)
Landing site: (-1, x, y, z, yaw)
X = left and right
Y = foraward backward
Z = height
=====================================================
('min', -498.94541266462056, 173.97116069195462, -53.556677949119305)
('max', -456.5282288215552, 178.16940938641733, -52.81586529366025)
('dlp', -484.9500828733774, 176.7552624577562, -52.82366332161245, 17.088646747610653)
(0, -483.27765734831155, 21.78541613100644, -31.629400026488998, 11.423135675782973)
(0.0006103515625, -483.27765734831155, 21.78541613100644, -31.629400026488998, 11.423135675782973)
(0.0167691707611084, -483.27765734831155, 21.78541613100644, -31.629400026488998, 11.423135675782973)
(0.03650689125061035, -483.27765734831155, 21.78541613100644, -31.629400026488998, 11.423135675782973)
(0.08113384246826172, -483.2833373926785, 21.64198388213623, -31.855972813099093, 11.778422882390124)
(0.09938192367553711, -483.2833373926785, 21.64198388213623, -31.855972813099093, 11.778422882390124)
(0.11586737632751465, -483.2833373926785, 21.64198388213623, -31.855972813099093, 11.778422882390124)
(0.1567540168762207, -483.2833373926785, 21.64198388213623, -31.855972813099093, 11.778422882390124)
(0.18556714057922363, -483.2833373926785, 21.64198388213623, -31.855972813099093, 11.820751231214183)
(0.20350217819213867, -483.2833373926785, 21.64198388213623, -31.855972813099093, 11.820751231214183)
(0.21790742874145508, -483.2833373926785, 21.64198388213623, -31.855972813099093, 11.820751231214183)
(0.24444985389709473, -483.2833373926785, 21.64198388213623, -31.855972813099093, 11.820751231214183)
(0.2702310085296631, -483.2833373926785, 21.64198388213623, -31.855972813099093, 11.820751231214183)
(0.2840886116027832, -483.2833373926785, 21.64198388213623, -31.855972813099093, 11.820751231214183)
(0.2987971305847168, -483.2833373926785, 21.64198388213623, -31.855972813099093, 11.820751231214183)
(0.3129749298095703, -483.2833373926785, 21.64198388213623, -31.855972813099093, 11.820751231214183)
(0.3271501064300537, -483.2833373926785, 21.64198388213623, -31.855972813099093, 11.820751231214183)
(0.34496402740478516, -483.1268560959209, 21.40851131922646, -32.13262039100157, 11.83214750861423)
(0.3589756488800049, -483.1268560959209, 21.40851131922646, -32.13262039100157, 11.83214750861423)
(0.3727579116821289, -483.1268560959209, 21.40851131922646, -32.13262039100157, 11.83214750861423)
(0.38823866844177246, -483.1268560959209, 21.40851131922646, -32.13262039100157, 11.83214750861423)
(0.40506768226623535, -483.1268560959209, 21.40851131922646, -32.13262039100157, 11.831014997859668)
(0.41959166526794434, -483.1268560959209, 21.40851131922646, -32.13262039100157, 11.831014997859668)
(0.4335472583770752, -483.1268560959209, 21.40851131922646, -32.13262039100157, 11.831014997859668)
(0.4479970932006836, -483.1268560959209, 21.40851131922646, -32.13262039100157, 11.831014997859668)
(0.4620530605316162, -483.1268560959209, 21.40851131922646, -32.13262039100157, 11.831014997859668)
(0.47629213333129883, -483.1268560959209, 21.40851131922646, -32.13262039100157, 11.831014997859668)
(0.49232912063598633, -483.4508227747309, 21.418218585818455, -33.43820447468297, 11.820025852446966)
(0.5071170330047607, -483.4508227747309, 21.418218585818455, -33.43820447468297, 11.820025852446966)
(0.521632194519043, -483.4508227747309, 21.418218585818455, -33.43820447468297, 11.820025852446966)
(0.5355610847473145, -483.4508227747309, 21.418218585818455, -33.43820447468297, 11.820025852446966)
(0.5505309104919434, -483.4508227747309, 21.418218585818455, -33.43820447468297, 11.820025852446966)
(0.5648691654205322, -483.4508227747309, 21.418218585818455, -33.43820447468297, 11.820025852446966)
(0.5798687934875488, -483.4508227747309, 21.418218585818455, -33.43820447468297, 11.820025852446966)
(0.5951156616210938, -483.4508227747309, 21.418218585818455, -33.43820447468297, 11.809908059285487)
(0.6103329658508301, -483.4508227747309, 21.418218585818455, -33.43820447468297, 11.809908059285487)
(0.624467134475708, -483.4508227747309, 21.418218585818455, -33.43820447468297, 11.809908059285487)
(0.6383388042449951, -483.4508227747309, 21.418218585818455, -33.43820447468297, 11.809908059285487)
(0.6521444320678711, -484.32553803858065, 21.50545377711775, -35.90851299507848, 11.823808420926422)
(0.6659252643585205, -484.32553803858065, 21.50545377711775, -35.90851299507848, 11.823808420926422)
(0.6803784370422363, -484.32553803858065, 21.50545377711775, -35.90851299507848, 11.823808420926422)
(0.6949498653411865, -484.32553803858065, 21.50545377711775, -35.90851299507848, 11.823808420926422)
(0.7086641788482666, -484.32553803858065, 21.50545377711775, -35.90851299507848, 11.823808420926422)
(0.7228381633758545, -484.32553803858065, 21.50545377711775, -35.90851299507848, 11.823808420926422)
(0.7364246845245361, -484.32553803858065, 21.50545377711775, -35.90851299507848, 11.823808420926422)
(0.7500319480895996, -484.32553803858065, 21.50545377711775, -35.90851299507848, 11.823808420926422)
(0.7643749713897705, -484.32553803858065, 21.50545377711775, -35.90851299507848, 11.820802262717407)
(0.7781937122344971, -484.32553803858065, 21.50545377711775, -35.90851299507848, 11.820802262717407)
(0.7923583984375, -484.32553803858065, 21.50545377711775, -35.90851299507848, 11.820802262717407)
(0.8061037063598633, -484.32553803858065, 21.50545377711775, -35.90851299507848, 11.820802262717407)
(0.8199608325958252, -484.32553803858065, 21.50545377711775, -35.90851299507848, 11.820802262717407)
(0.8335695266723633, -484.32553803858065, 21.50545377711775, -35.90851299507848, 11.820802262717407)
(0.8471086025238037, -484.32553803858065, 21.50545377711775, -35.90851299507848, 11.820802262717407)
(0.8609211444854736, -485.58356722629475, 21.01297136351699, -38.94530185058075, 11.817771895246775)
(0.8743104934692383, -485.58356722629475, 21.01297136351699, -38.94530185058075, 11.817771895246775)
(0.8877809047698975, -485.58356722629475, 21.01297136351699, -38.94530185058075, 11.817771895246775)
(0.9014384746551514, -485.58356722629475, 21.01297136351699, -38.94530185058075, 11.817771895246775)
(0.9156115055084229, -485.58356722629475, 21.01297136351699, -38.94530185058075, 11.817771895246775)
(0.9288773536682129, -485.58356722629475, 21.01297136351699, -38.94530185058075, 11.817771895246775)
(0.9422826766967773, -485.58356722629475, 21.01297136351699, -38.94530185058075, 11.817771895246775)
(0.9560270309448242, -485.58356722629475, 21.01297136351699, -38.94530185058075, 11.820249822382895)
(0.9692566394805908, -485.58356722629475, 21.01297136351699, -38.94530185058075, 11.820249822382895)
(0.9824180603027344, -485.58356722629475, 21.01297136351699, -38.94530185058075, 11.820249822382895)
(0.9956164360046387, -485.58356722629475, 21.01297136351699, -38.94530185058075, 11.820249822382895)
(1.0086712837219238, -485.58356722629475, 21.01297136351699, -38.94530185058075, 11.820249822382895)
(1.0218653678894043, -485.58356722629475, 21.01297136351699, -38.94530185058075, 11.820249822382895)
(1.0353596210479736, -485.58356722629475, 21.01297136351699, -38.94530185058075, 11.820249822382895)
(1.048638105392456, -485.58356722629475, 21.01297136351699, -38.94530185058075, 11.820249822382895)
(1.0625407695770264, -487.1642247212509, 20.963477109215457, -42.28497150534258, 11.832571149130747)
(1.0758211612701416, -487.1642247212509, 20.963477109215457, -42.28497150534258, 11.832571149130747)
(1.0891642570495605, -487.1642247212509, 20.963477109215457, -42.28497150534258, 11.832571149130747)
(1.10231614112854, -487.1642247212509, 20.963477109215457, -42.28497150534258, 11.832571149130747)
(1.1160833835601807, -487.1642247212509, 20.963477109215457, -42.28497150534258, 11.832571149130747)
(1.1293034553527832, -487.1642247212509, 20.963477109215457, -42.28497150534258, 11.832571149130747)
(1.1424386501312256, -487.1642247212509, 20.963477109215457, -42.28497150534258, 11.832571149130747)
(1.155785083770752, -487.1642247212509, 20.963477109215457, -42.28497150534258, 11.832571149130747)
(1.1697988510131836, -487.1642247212509, 20.963477109215457, -42.28497150534258, 11.830332190365336)
(1.1935455799102783, -487.1642247212509, 20.963477109215457, -42.28497150534258, 11.830332190365336)
(1.2195541858673096, -487.1642247212509, 20.963477109215457, -42.28497150534258, 11.830332190365336)
(1.2460718154907227, -487.1642247212509, 20.963477109215457, -42.28497150534258, 11.830332190365336)
(1.2604491710662842, -488.6117611381777, 21.41328782458709, -45.53432688510806, 11.824005034641601)
(1.3025293350219727, -488.6117611381777, 21.41328782458709, -45.53432688510806, 11.824005034641601)
(1.3539142608642578, -488.6117611381777, 21.41328782458709, -45.53432688510806, 11.824005034641601)
(1.3890712261199951, -488.6117611381777, 21.41328782458709, -45.53432688510806, 11.824005034641601)
(1.4263391494750977, -488.6117611381777, 21.41328782458709, -45.53432688510806, 11.782176285137844)
(1.4755136966705322, -490.3954618167814, 21.757158903784795, -48.516991689550125, 11.767106603118046)
(1.4927470684051514, -490.3954618167814, 21.757158903784795, -48.516991689550125, 11.767106603118046)
(1.510270595550537, -490.3954618167814, 21.757158903784795, -48.516991689550125, 11.767106603118046)
(1.526625633239746, -490.3954618167814, 21.757158903784795, -48.516991689550125, 11.767106603118046)
(1.543823480606079, -490.3954618167814, 21.757158903784795, -48.516991689550125, 11.767106603118046)
(1.5596885681152344, -490.3954618167814, 21.757158903784795, -48.516991689550125, 11.767106603118046)
(1.5811636447906494, -490.3954618167814, 21.757158903784795, -48.516991689550125, 11.759622168594575)
(1.617361307144165, -490.3954618167814, 21.757158903784795, -48.516991689550125, 11.759622168594575)
(1.641481876373291, -490.3954618167814, 21.757158903784795, -48.516991689550125, 11.759622168594575)
(1.6568431854248047, -490.3954618167814, 21.757158903784795, -48.516991689550125, 11.759622168594575)
(1.677952766418457, -492.06758252205884, 22.060158052969783, -51.71581464998132, 11.72344906256363)
(1.6945626735687256, -492.06758252205884, 22.060158052969783, -51.71581464998132, 11.72344906256363)
(1.7567644119262695, -492.06758252205884, 22.060158052969783, -51.71581464998132, 11.72344906256363)
(1.7804858684539795, -492.06758252205884, 22.060158052969783, -51.71581464998132, 11.72344906256363)
(1.8081743717193604, -492.06758252205884, 22.060158052969783, -51.71581464998132, 11.750076955722971)
(1.8431751728057861, -492.06758252205884, 22.060158052969783, -51.71581464998132, 11.750076955722971)
(1.879896879196167, -493.74918266178474, 22.327565254504457, -54.99573041733469, 11.755123703071348)
(1.9088459014892578, -493.74918266178474, 22.327565254504457, -54.99573041733469, 11.755123703071348)
(1.9311277866363525, -493.74918266178474, 22.327565254504457, -54.99573041733469, 11.755123703071348)
(1.9457688331604004, -493.74918266178474, 22.327565254504457, -54.99573041733469, 11.755123703071348)
(1.960768699645996, -493.74918266178474, 22.327565254504457, -54.99573041733469, 11.755123703071348)
(1.9794025421142578, -493.74918266178474, 22.327565254504457, -54.99573041733469, 11.825183444711255)
(2.000063419342041, -493.74918266178474, 22.327565254504457, -54.99573041733469, 11.825183444711255)
(2.0142674446105957, -493.74918266178474, 22.327565254504457, -54.99573041733469, 11.825183444711255)
(2.030794620513916, -493.74918266178474, 22.327565254504457, -54.99573041733469, 11.825183444711255)
(2.074706792831421, -493.74918266178474, 22.327565254504457, -54.99573041733469, 11.825183444711255)
(2.0951154232025146, -493.74918266178474, 22.327565254504457, -54.99573041733469, 11.825183444711255)
(2.112316608428955, -493.74918266178474, 22.327565254504457, -54.99573041733469, 11.825183444711255)
(2.132148265838623, -495.0458546092021, 22.664524512618716, -58.22984302238752, 11.871138484172828)
(2.173800468444824, -495.0458546092021, 22.664524512618716, -58.22984302238752, 11.871138484172828)
(2.198212146759033, -495.0458546092021, 22.664524512618716, -58.22984302238752, 11.897275861912494)
(2.2162764072418213, -495.0458546092021, 22.664524512618716, -58.22984302238752, 11.897275861912494)
(2.2586917877197266, -495.0458546092021, 22.664524512618716, -58.22984302238752, 11.897275861912494)
(2.273827314376831, -495.0458546092021, 22.664524512618716, -58.22984302238752, 11.897275861912494)
(2.2908542156219482, -495.83618611956956, 23.93711428692593, -61.053938173490074, 11.904369183781156)
(2.3333942890167236, -495.83618611956956, 23.93711428692593, -61.053938173490074, 11.904369183781156)
(2.3495497703552246, -495.83618611956956, 23.93711428692593, -61.053938173490074, 11.904369183781156)
(2.3696506023406982, -495.83618611956956, 23.93711428692593, -61.053938173490074, 11.904369183781156)
(2.3862929344177246, -495.83618611956956, 23.93711428692593, -61.053938173490074, 11.904369183781156)
(2.4019670486450195, -495.83618611956956, 23.93711428692593, -61.053938173490074, 11.875392356286333)
(2.432119369506836, -495.83618611956956, 23.93711428692593, -61.053938173490074, 11.875392356286333)
(2.4578120708465576, -495.83618611956956, 23.93711428692593, -61.053938173490074, 11.875392356286333)
(2.4759552478790283, -495.83618611956956, 23.93711428692593, -61.053938173490074, 11.875392356286333)
(2.489870071411133, -496.23684005530527, 25.35878677060976, -62.94960621569527, 11.828311063286613)
(2.5270729064941406, -496.23684005530527, 25.35878677060976, -62.94960621569527, 11.828311063286613)
(2.5469799041748047, -496.23684005530527, 25.35878677060976, -62.94960621569527, 11.828311063286613)
(2.566612720489502, -496.23684005530527, 25.35878677060976, -62.94960621569527, 11.828311063286613)
(2.5817267894744873, -496.23684005530527, 25.35878677060976, -62.94960621569527, 11.828311063286613)
(2.6210930347442627, -496.23684005530527, 25.35878677060976, -62.94960621569527, 11.77939215912729)
(2.6359522342681885, -496.23684005530527, 25.35878677060976, -62.94960621569527, 11.77939215912729)
(2.656168222427368, -496.3219212502832, 26.69518401187483, -63.56112609610779, 11.737535006563828)
(2.6760268211364746, -496.3219212502832, 26.69518401187483, -63.56112609610779, 11.737535006563828)
(2.689875364303589, -496.3219212502832, 26.69518401187483, -63.56112609610779, 11.737535006563828)
(2.724644899368286, -496.3219212502832, 26.69518401187483, -63.56112609610779, 11.737535006563828)
(2.7510130405426025, -496.3219212502832, 26.69518401187483, -63.56112609610779, 11.734077269421348)
(2.768854856491089, -496.3219212502832, 26.69518401187483, -63.56112609610779, 11.734077269421348)
(2.783726930618286, -496.3219212502832, 26.69518401187483, -63.56112609610779, 11.734077269421348)
(2.8116326332092285, -496.3219212502832, 26.69518401187483, -63.56112609610779, 11.734077269421348)
(2.8377723693847656, -496.3219212502832, 26.69518401187483, -63.56112609610779, 11.734077269421348)
(2.8567817211151123, -496.38120692704126, 27.666375203107947, -63.143345112786555, 11.70830071654381)
(2.883024215698242, -496.38120692704126, 27.666375203107947, -63.143345112786555, 11.70830071654381)
(2.912991523742676, -496.38120692704126, 27.666375203107947, -63.143345112786555, 11.70830071654381)
(2.929659366607666, -496.38120692704126, 27.666375203107947, -63.143345112786555, 11.70830071654381)
(2.944690227508545, -496.38120692704126, 27.666375203107947, -63.143345112786555, 11.70830071654381)
(2.967412233352661, -496.38120692704126, 27.666375203107947, -63.143345112786555, 11.675382348277196)
(2.985466480255127, -496.38120692704126, 27.666375203107947, -63.143345112786555, 11.675382348277196)
(3.0059237480163574, -496.38120692704126, 27.666375203107947, -63.143345112786555, 11.675382348277196)
(3.0567739009857178, -496.3192510827349, 28.33154505765163, -61.94542515026771, 11.675574559070384)
(3.11680269241333, -496.3192510827349, 28.33154505765163, -61.94542515026771, 11.675574559070384)
(3.140306234359741, -496.3192510827349, 28.33154505765163, -61.94542515026771, 11.675574559070384)
(3.1673941612243652, -496.3192510827349, 28.33154505765163, -61.94542515026771, 11.666417983099748)
(3.1915719509124756, -496.3192510827349, 28.33154505765163, -61.94542515026771, 11.666417983099748)
(3.238340139389038, -496.3192510827349, 28.33154505765163, -61.94542515026771, 11.666417983099748)
(3.2547402381896973, -496.3192510827349, 28.33154505765163, -61.94542515026771, 11.666417983099748)
(3.2691564559936523, -495.961152492416, 29.1999343933547, -60.12965500475832, 11.632361246561452)
(3.28542423248291, -495.961152492416, 29.1999343933547, -60.12965500475832, 11.632361246561452)
(3.3155014514923096, -495.961152492416, 29.1999343933547, -60.12965500475832, 11.632361246561452)
(3.3494136333465576, -495.961152492416, 29.1999343933547, -60.12965500475832, 11.632361246561452)
(3.3667752742767334, -495.961152492416, 29.1999343933547, -60.12965500475832, 11.632313399351567)
(3.381300449371338, -495.961152492416, 29.1999343933547, -60.12965500475832, 11.632313399351567)
(3.3950576782226562, -495.961152492416, 29.1999343933547, -60.12965500475832, 11.632313399351567)
(3.4089841842651367, -495.961152492416, 29.1999343933547, -60.12965500475832, 11.632313399351567)
(3.4313483238220215, -495.961152492416, 29.1999343933547, -60.12965500475832, 11.632313399351567)
(3.449132204055786, -495.961152492416, 29.1999343933547, -60.12965500475832, 11.632313399351567)
(3.464073419570923, -495.961152492416, 29.1999343933547, -60.12965500475832, 11.632313399351567)
(3.481260299682617, -495.32267653096545, 29.531202622596357, -58.112053916011334, 11.635633288869279)
(3.522042989730835, -495.32267653096545, 29.531202622596357, -58.112053916011334, 11.635633288869279)
(3.5527050495147705, -495.32267653096545, 29.531202622596357, -58.112053916011334, 11.635633288869279)
(3.5886118412017822, -495.32267653096545, 29.531202622596357, -58.112053916011334, 11.63912853000725)
(3.615011692047119, -495.32267653096545, 29.531202622596357, -58.112053916011334, 11.63912853000725)
(3.639030694961548, -495.32267653096545, 29.531202622596357, -58.112053916011334, 11.63912853000725)
(3.66231369972229, -495.32267653096545, 29.531202622596357, -58.112053916011334, 11.63912853000725)
(3.6859629154205322, -494.6354148364847, 29.45999249370734, -55.83537295551378, 11.647256875200606)
(3.701932430267334, -494.6354148364847, 29.45999249370734, -55.83537295551378, 11.647256875200606)
(3.7163197994232178, -494.6354148364847, 29.45999249370734, -55.83537295551378, 11.647256875200606)
(3.730335235595703, -494.6354148364847, 29.45999249370734, -55.83537295551378, 11.647256875200606)
(3.744339942932129, -494.6354148364847, 29.45999249370734, -55.83537295551378, 11.647256875200606)
(3.7580697536468506, -494.6354148364847, 29.45999249370734, -55.83537295551378, 11.647256875200606)
(3.771857261657715, -494.6354148364847, 29.45999249370734, -55.83537295551378, 11.647256875200606)
(3.785879135131836, -494.6354148364847, 29.45999249370734, -55.83537295551378, 11.699722352142732)
(3.7999119758605957, -494.6354148364847, 29.45999249370734, -55.83537295551378, 11.699722352142732)
(3.813835859298706, -494.6354148364847, 29.45999249370734, -55.83537295551378, 11.699722352142732)
(3.82820725440979, -494.6354148364847, 29.45999249370734, -55.83537295551378, 11.699722352142732)
(3.842095136642456, -494.6354148364847, 29.45999249370734, -55.83537295551378, 11.699722352142732)
(3.856226921081543, -494.6354148364847, 29.45999249370734, -55.83537295551378, 11.699722352142732)
(3.870086669921875, -494.6354148364847, 29.45999249370734, -55.83537295551378, 11.699722352142732)
(3.8846664428710938, -493.9837394775846, 29.41006411688066, -53.52624651708987, 11.754001988214473)
(3.8986268043518066, -493.9837394775846, 29.41006411688066, -53.52624651708987, 11.754001988214473)
(3.912520170211792, -493.9837394775846, 29.41006411688066, -53.52624651708987, 11.754001988214473)
(3.926532506942749, -493.9837394775846, 29.41006411688066, -53.52624651708987, 11.754001988214473)
(3.9404854774475098, -493.9837394775846, 29.41006411688066, -53.52624651708987, 11.754001988214473)
(3.9548892974853516, -493.9837394775846, 29.41006411688066, -53.52624651708987, 11.754001988214473)
(3.969059467315674, -493.9837394775846, 29.41006411688066, -53.52624651708987, 11.754001988214473)
(4.005182266235352, -493.9837394775846, 29.41006411688066, -53.52624651708987, 11.777083538053754)
(4.030506610870361, -493.9837394775846, 29.41006411688066, -53.52624651708987, 11.777083538053754)
(4.058920621871948, -493.9837394775846, 29.41006411688066, -53.52624651708987, 11.777083538053754)
(4.095668315887451, -493.48889612378724, 29.35438795744124, -51.4470403110762, 11.794763443924204)
(4.118610382080078, -493.48889612378724, 29.35438795744124, -51.4470403110762, 11.794763443924204)
(4.1556501388549805, -493.48889612378724, 29.35438795744124, -51.4470403110762, 11.794763443924204)
(4.185714960098267, -493.48889612378724, 29.35438795744124, -51.4470403110762, 11.794763443924204)
(4.218241453170776, -493.48889612378724, 29.35438795744124, -51.4470403110762, 11.798674184715619)
(4.235661745071411, -493.48889612378724, 29.35438795744124, -51.4470403110762, 11.798674184715619)
(4.419739007949829, -493.4234878813817, 29.569972868076345, -49.93538354493217, 11.793973120921258)
(4.4481425285339355, -493.51031965395765, 29.401915336149198, -49.19763710536282, 11.767144342872275)
(4.463608980178833, -493.51031965395765, 29.401915336149198, -49.19763710536282, 11.767144342872275)
(4.479074239730835, -493.51031965395765, 29.401915336149198, -49.19763710536282, 11.767144342872275)
(4.512760400772095, -493.51031965395765, 29.401915336149198, -49.19763710536282, 11.767144342872275)
(4.701474905014038, -493.45398769723755, 29.412730745368698, -48.99271529958668, 11.717741734682978)
(4.721678256988525, -493.45398769723755, 29.412730745368698, -48.99271529958668, 11.717741734682978)
(4.736443519592285, -493.45398769723755, 29.412730745368698, -48.99271529958668, 11.717741734682978)
(4.785816431045532, -493.45398769723755, 29.412730745368698, -48.99271529958668, 11.676114484281847)
(4.810608625411987, -493.45398769723755, 29.412730745368698, -48.99271529958668, 11.676114484281847)
(4.837472915649414, -493.45398769723755, 29.412730745368698, -48.99271529958668, 11.676114484281847)
(4.868833065032959, -493.45398769723755, 29.412730745368698, -48.99271529958668, 11.676114484281847)
(5.055335998535156, -493.3637450056486, 29.49806587360329, -48.70749726306486, 11.649320755192612)
(5.075998544692993, -493.3637450056486, 29.49806587360329, -48.70749726306486, 11.649320755192612)
(5.090918064117432, -493.3637450056486, 29.49806587360329, -48.70749726306486, 11.649320755192612)
(5.105108976364136, -493.3637450056486, 29.49806587360329, -48.70749726306486, 11.649320755192612)
(5.11922550201416, -493.3637450056486, 29.49806587360329, -48.70749726306486, 11.649320755192612)
(5.133500337600708, -493.3637450056486, 29.49806587360329, -48.70749726306486, 11.649320755192612)
(5.147604942321777, -493.3637450056486, 29.49806587360329, -48.70749726306486, 11.649320755192612)
(5.162133693695068, -493.3637450056486, 29.49806587360329, -48.70749726306486, 11.649320755192612)
(5.176095247268677, -493.3637450056486, 29.49806587360329, -48.70749726306486, 11.649320755192612)
(5.189829111099243, -493.3637450056486, 29.49806587360329, -48.70749726306486, 11.649320755192612)
(5.203630447387695, -493.3637450056486, 29.49806587360329, -48.70749726306486, 11.649320755192612)
(5.259153842926025, -493.33590531934146, 29.8256069741499, -48.560666554896265, 11.638506307938592)
(5.306096792221069, -493.16623522427795, 29.844775684385176, -48.75129180327536, 11.642293909623977)
(5.330216646194458, -493.16623522427795, 29.844775684385176, -48.75129180327536, 11.642293909623977)
(5.362453937530518, -493.16623522427795, 29.844775684385176, -48.75129180327536, 11.642293909623977)
(5.3889853954315186, -493.16623522427795, 29.844775684385176, -48.75129180327536, 11.676996231923805)
(5.41715931892395, -493.16623522427795, 29.844775684385176, -48.75129180327536, 11.676996231923805)
(5.443430423736572, -493.16623522427795, 29.844775684385176, -48.75129180327536, 11.676996231923805)
(5.471889019012451, -493.16623522427795, 29.844775684385176, -48.75129180327536, 11.676996231923805)
(5.5076634883880615, -493.09250598161066, 29.480928023341757, -49.274936052050165, 11.683484671818551)
(5.522795677185059, -493.09250598161066, 29.480928023341757, -49.274936052050165, 11.683484671818551)
(5.537616729736328, -493.09250598161066, 29.480928023341757, -49.274936052050165, 11.683484671818551)
(5.552545070648193, -493.09250598161066, 29.480928023341757, -49.274936052050165, 11.683484671818551)
(5.581383228302002, -493.09250598161066, 29.480928023341757, -49.274936052050165, 11.684864509840073)
(5.59750509262085, -493.09250598161066, 29.480928023341757, -49.274936052050165, 11.684864509840073)
(5.613410234451294, -493.09250598161066, 29.480928023341757, -49.274936052050165, 11.684864509840073)
(5.630017518997192, -493.09250598161066, 29.480928023341757, -49.274936052050165, 11.684864509840073)
(5.645810842514038, -493.09250598161066, 29.480928023341757, -49.274936052050165, 11.684864509840073)
(5.661554574966431, -493.09250598161066, 29.480928023341757, -49.274936052050165, 11.684864509840073)
(5.822420358657837, -493.5922022206366, 29.23271197798483, -50.33980702759628, 11.65569283301889)
(5.865291357040405, -493.5922022206366, 29.23271197798483, -50.33980702759628, 11.65569283301889)
(5.879717826843262, -493.5922022206366, 29.23271197798483, -50.33980702759628, 11.65569283301889)
(5.897781133651733, -493.884777483947, 29.046777670589414, -51.80598748364214, 11.642153283748632)
(5.911430597305298, -493.884777483947, 29.046777670589414, -51.80598748364214, 11.642153283748632)
(5.9251134395599365, -493.884777483947, 29.046777670589414, -51.80598748364214, 11.642153283748632)
(5.938555717468262, -493.884777483947, 29.046777670589414, -51.80598748364214, 11.642153283748632)
(5.952448606491089, -493.884777483947, 29.046777670589414, -51.80598748364214, 11.642153283748632)
(5.9664599895477295, -493.884777483947, 29.046777670589414, -51.80598748364214, 11.642153283748632)
(6.1484105587005615, -494.1964148561168, 28.543234129720055, -53.29458623134795, 11.64788745082789)
(6.182124376296997, -494.1964148561168, 28.543234129720055, -53.29458623134795, 11.64788745082789)
(6.1984710693359375, -494.1964148561168, 28.543234129720055, -53.29458623134795, 11.64788745082789)
(6.225215435028076, -494.1964148561168, 28.543234129720055, -53.29458623134795, 11.64788745082789)
(6.25050687789917, -494.4143912899578, 28.193948166970948, -54.32540755447587, 11.699099662014813)
(6.264361619949341, -494.4143912899578, 28.193948166970948, -54.32540755447587, 11.699099662014813)
(6.5041656494140625, -494.6227545319786, 28.14376492934177, -55.06853952115549, 11.746184666218294)
(6.5262651443481445, -494.6227545319786, 28.14376492934177, -55.06853952115549, 11.746184666218294)
(6.5726401805877686, -494.6227545319786, 28.14376492934177, -55.06853952115549, 11.746184666218294)
(6.606071472167969, -494.6227545319786, 28.14376492934177, -55.06853952115549, 11.743871426048667)
(6.636944770812988, -494.6227545319786, 28.14376492934177, -55.06853952115549, 11.743871426048667)
(6.668980121612549, -494.6227545319786, 28.14376492934177, -55.06853952115549, 11.743871426048667)
(6.698601007461548, -494.76731159081476, 28.13140378645812, -55.44583087334888, 11.748557087352177)
(6.880306959152222, -494.76731159081476, 28.13140378645812, -55.44583087334888, 11.697577254115352)
(6.903494834899902, -495.1298361039662, 28.586147373812754, -55.51251021399374, 11.671129384017414)
(6.929574489593506, -495.1298361039662, 28.586147373812754, -55.51251021399374, 11.671129384017414)
(6.947628974914551, -495.1298361039662, 28.586147373812754, -55.51251021399374, 11.671129384017414)
(6.966607093811035, -495.1298361039662, 28.586147373812754, -55.51251021399374, 11.671129384017414)
(7.007447957992554, -495.1298361039662, 28.586147373812754, -55.51251021399374, 11.668491479485242)
(7.034497022628784, -495.1298361039662, 28.586147373812754, -55.51251021399374, 11.668491479485242)
(7.068496227264404, -495.43862825904336, 29.226741573956247, -54.9236330492971, 11.629263188219564)
(7.11278772354126, -495.43862825904336, 29.226741573956247, -54.9236330492971, 11.629263188219564)
(7.1449854373931885, -495.43862825904336, 29.226741573956247, -54.9236330492971, 11.583485446320644)
(7.170913457870483, -495.43862825904336, 29.226741573956247, -54.9236330492971, 11.583485446320644)
(7.185880899429321, -495.43862825904336, 29.226741573956247, -54.9236330492971, 11.583485446320644)
(7.1998679637908936, -495.43862825904336, 29.226741573956247, -54.9236330492971, 11.583485446320644)
(7.384073734283447, -495.50847818616035, 29.981077841614226, -54.185586048936145, 11.508043740081648)
(7.420061111450195, -495.50847818616035, 29.981077841614226, -54.185586048936145, 11.508043740081648)
(7.437727689743042, -495.50847818616035, 29.981077841614226, -54.185586048936145, 11.508043740081648)
(7.458120584487915, -495.4785141196038, 30.61951033740873, -54.11433942341632, 11.500863950666364)
(7.480944395065308, -495.4785141196038, 30.61951033740873, -54.11433942341632, 11.500863950666364)
(7.514088869094849, -495.4785141196038, 30.61951033740873, -54.11433942341632, 11.500863950666364)
(7.53514552116394, -495.4785141196038, 30.61951033740873, -54.11433942341632, 11.500863950666364)
(7.54980731010437, -495.4785141196038, 30.61951033740873, -54.11433942341632, 11.500863950666364)
(7.573786497116089, -495.4785141196038, 30.61951033740873, -54.11433942341632, 11.485501440384674)
(7.596984624862671, -495.4785141196038, 30.61951033740873, -54.11433942341632, 11.485501440384674)
(7.615010499954224, -495.4785141196038, 30.61951033740873, -54.11433942341632, 11.485501440384674)
(7.632965803146362, -495.4785141196038, 30.61951033740873, -54.11433942341632, 11.485501440384674)
(7.6659770011901855, -495.15465510523046, 31.148331080041647, -54.10390203405692, 11.463742202587396)
(7.683491945266724, -495.15465510523046, 31.148331080041647, -54.10390203405692, 11.463742202587396)
(7.701499700546265, -495.15465510523046, 31.148331080041647, -54.10390203405692, 11.463742202587396)
(7.757297992706299, -495.15465510523046, 31.148331080041647, -54.10390203405692, 11.463742202587396)
(7.8285088539123535, -495.15465510523046, 31.148331080041647, -54.10390203405692, 11.480050351231869)
(7.854681968688965, -495.15465510523046, 31.148331080041647, -54.10390203405692, 11.480050351231869)
(7.878793239593506, -494.67939888912474, 31.686041554816086, -54.03983918714333, 11.459419695400374)
(7.913486480712891, -494.67939888912474, 31.686041554816086, -54.03983918714333, 11.459419695400374)
(7.951889276504517, -494.67939888912474, 31.686041554816086, -54.03983918714333, 11.459419695400374)
(7.982701301574707, -494.67939888912474, 31.686041554816086, -54.03983918714333, 11.45162684418533)
(7.9978532791137695, -494.67939888912474, 31.686041554816086, -54.03983918714333, 11.45162684418533)
(8.012722969055176, -494.67939888912474, 31.686041554816086, -54.03983918714333, 11.45162684418533)
(8.026947975158691, -494.67939888912474, 31.686041554816086, -54.03983918714333, 11.45162684418533)
(8.044472217559814, -494.67939888912474, 31.686041554816086, -54.03983918714333, 11.45162684418533)
(8.058988332748413, -494.67939888912474, 31.686041554816086, -54.03983918714333, 11.45162684418533)
(8.07604432106018, -493.85210238855996, 32.28714217035541, -53.96965207768644, 11.481844239942248)
(8.090293884277344, -493.85210238855996, 32.28714217035541, -53.96965207768644, 11.481844239942248)
(8.105102777481079, -493.85210238855996, 32.28714217035541, -53.96965207768644, 11.481844239942248)
(8.119333267211914, -493.85210238855996, 32.28714217035541, -53.96965207768644, 11.481844239942248)
(8.174701690673828, -493.85210238855996, 32.28714217035541, -53.96965207768644, 11.506507736515179)
(8.214512825012207, -493.85210238855996, 32.28714217035541, -53.96965207768644, 11.506507736515179)
(8.443494319915771, -493.449727911319, 32.65256402629632, -53.99290306842249, 11.52612357265793)
(8.517792701721191, -492.82143198998045, 32.689417969761024, -53.93809801069856, 11.55460456266243)
(8.574480056762695, -492.82143198998045, 32.689417969761024, -53.93809801069856, 11.55460456266243)
(8.617036581039429, -492.82143198998045, 32.689417969761024, -53.93809801069856, 11.576807085930458)
(8.659328937530518, -492.82143198998045, 32.689417969761024, -53.93809801069856, 11.576807085930458)
(8.702166557312012, -492.33129408158777, 32.972526929515865, -53.792075978340115, 11.61361721442492)
(8.744945287704468, -492.33129408158777, 32.972526929515865, -53.792075978340115, 11.61361721442492)
(8.787111043930054, -492.33129408158777, 32.972526929515865, -53.792075978340115, 11.626751830740638)
(8.829828977584839, -492.33129408158777, 32.972526929515865, -53.792075978340115, 11.626751830740638)
(8.900306463241577, -491.7345612605496, 33.177424652794784, -53.728846290228475, 11.677172360379164)
(8.980447053909302, -491.7345612605496, 33.177424652794784, -53.728846290228475, 11.677172360379164)
(9.071672439575195, -491.7345612605496, 33.177424652794784, -53.728846290228475, 11.72342574407783)
(9.141579151153564, -490.98416257978556, 33.22278085758421, -53.81469697983094, 11.775212206441397)
(9.1890709400177, -490.98416257978556, 33.22278085758421, -53.81469697983094, 11.794400253370256)
(9.233246803283691, -490.98416257978556, 33.22278085758421, -53.81469697983094, 11.794400253370256)
(9.311893939971924, -490.7010582893627, 33.17626947371062, -53.860700024400025, 11.809525439292653)
(9.40290093421936, -490.7010582893627, 33.17626947371062, -53.860700024400025, 11.822794073883177)
(9.472609519958496, -490.4872384735453, 33.24103622277357, -53.92251822959756, 11.820930605844481)
(9.490042209625244, -490.4872384735453, 33.24103622277357, -53.92251822959756, 11.820930605844481)
(9.506837368011475, -490.4872384735453, 33.24103622277357, -53.92251822959756, 11.820930605844481)
(9.537251949310303, -490.4872384735453, 33.24103622277357, -53.92251822959756, 11.820930605844481)
(9.645867586135864, -490.4872384735453, 33.24103622277357, -53.92251822959756, 11.812941680001028)
(9.668976783752441, -490.24985699717666, 33.18891889278402, -54.083578546162556, 11.80475528578322)
(9.702876806259155, -490.24985699717666, 33.18891889278402, -54.083578546162556, 11.80475528578322)
(9.734803438186646, -490.24985699717666, 33.18891889278402, -54.083578546162556, 11.80475528578322)
(9.75784158706665, -490.24985699717666, 33.18891889278402, -54.083578546162556, 11.80475528578322)
(9.790068626403809, -490.24985699717666, 33.18891889278402, -54.083578546162556, 11.774584461021103)
(9.809266328811646, -490.24985699717666, 33.18891889278402, -54.083578546162556, 11.774584461021103)
(9.82477068901062, -490.24985699717666, 33.18891889278402, -54.083578546162556, 11.774584461021103)
(9.866653442382812, -490.1420012832582, 33.09334395109289, -54.32118201175361, 11.708930786544048)
(9.90796160697937, -490.1420012832582, 33.09334395109289, -54.32118201175361, 11.708930786544048)
(9.955328226089478, -490.1420012832582, 33.09334395109289, -54.32118201175361, 11.708930786544048)
(9.991025924682617, -490.1420012832582, 33.09334395109289, -54.32118201175361, 11.677184973787833)
(10.027209520339966, -490.1420012832582, 33.09334395109289, -54.32118201175361, 11.677184973787833)
(10.064757108688354, -490.1420012832582, 33.09334395109289, -54.32118201175361, 11.677184973787833)
(10.086697578430176, -489.88894130073766, 32.78955339730677, -54.4901281296132, 11.654125971861545)
(10.100878715515137, -489.88894130073766, 32.78955339730677, -54.4901281296132, 11.654125971861545)
(10.120075941085815, -489.88894130073766, 32.78955339730677, -54.4901281296132, 11.654125971861545)
(10.138342380523682, -489.88894130073766, 32.78955339730677, -54.4901281296132, 11.654125971861545)
(10.164626359939575, -489.88894130073766, 32.78955339730677, -54.4901281296132, 11.654125971861545)
(10.185643911361694, -489.88894130073766, 32.78955339730677, -54.4901281296132, 11.624486660976219)
(10.204043865203857, -489.88894130073766, 32.78955339730677, -54.4901281296132, 11.624486660976219)
(10.233810663223267, -489.88894130073766, 32.78955339730677, -54.4901281296132, 11.624486660976219)
(10.251177549362183, -489.88894130073766, 32.78955339730677, -54.4901281296132, 11.624486660976219)
(10.2682785987854, -489.88894130073766, 32.78955339730677, -54.4901281296132, 11.624486660976219)
(10.285562515258789, -489.88894130073766, 32.78955339730677, -54.4901281296132, 11.624486660976219)
(10.30861496925354, -489.88894130073766, 32.78955339730677, -54.4901281296132, 11.624486660976219)
(10.34428882598877, -489.60068558241204, 32.120224898127574, -54.36435974933788, 11.629759595479364)
(10.368746995925903, -489.60068558241204, 32.120224898127574, -54.36435974933788, 11.629759595479364)
(10.38475751876831, -489.60068558241204, 32.120224898127574, -54.36435974933788, 11.63446826286366)
(10.3987557888031, -489.60068558241204, 32.120224898127574, -54.36435974933788, 11.63446826286366)
(10.412480354309082, -489.60068558241204, 32.120224898127574, -54.36435974933788, 11.63446826286366)
(10.426908731460571, -489.60068558241204, 32.120224898127574, -54.36435974933788, 11.63446826286366)
(10.440964698791504, -489.60068558241204, 32.120224898127574, -54.36435974933788, 11.63446826286366)
(10.454993724822998, -489.60068558241204, 32.120224898127574, -54.36435974933788, 11.63446826286366)
(10.482089757919312, -489.1783562245347, 31.923855245832552, -53.972259581792535, 11.654184389121772)
(10.509929418563843, -489.1783562245347, 31.923855245832552, -53.972259581792535, 11.654184389121772)
(10.525388956069946, -489.1783562245347, 31.923855245832552, -53.972259581792535, 11.654184389121772)
(10.53977656364441, -489.1783562245347, 31.923855245832552, -53.972259581792535, 11.654184389121772)
(10.556338787078857, -489.1783562245347, 31.923855245832552, -53.972259581792535, 11.654184389121772)
(10.570409297943115, -489.1783562245347, 31.923855245832552, -53.972259581792535, 11.654184389121772)
(10.60691237449646, -489.1783562245347, 31.923855245832552, -53.972259581792535, 11.664214348280154)
(10.630957841873169, -489.1783562245347, 31.923855245832552, -53.972259581792535, 11.664214348280154)
(10.664756298065186, -489.1783562245347, 31.923855245832552, -53.972259581792535, 11.664214348280154)
(10.678800821304321, -489.1783562245347, 31.923855245832552, -53.972259581792535, 11.664214348280154)
(10.692541360855103, -488.7485676124955, 31.6394678531375, -53.35304390364489, 11.696174862500467)
(10.70789122581482, -488.7485676124955, 31.6394678531375, -53.35304390364489, 11.696174862500467)
(10.725231885910034, -488.7485676124955, 31.6394678531375, -53.35304390364489, 11.696174862500467)
(10.742664098739624, -488.7485676124955, 31.6394678531375, -53.35304390364489, 11.696174862500467)
(10.76085114479065, -488.7485676124955, 31.6394678531375, -53.35304390364489, 11.696174862500467)
(10.77853012084961, -488.7485676124955, 31.6394678531375, -53.35304390364489, 11.696174862500467)
(10.799177885055542, -488.7485676124955, 31.6394678531375, -53.35304390364489, 11.686016218629835)
(10.908984899520874, -488.6901151943197, 31.569182613383052, -52.520473521492086, 11.657464198015589)
(10.944019556045532, -488.6901151943197, 31.569182613383052, -52.520473521492086, 11.660981845805917)
(10.984230279922485, -488.6901151943197, 31.569182613383052, -52.520473521492086, 11.660981845805917)
(11.013628482818604, -488.6901151943197, 31.569182613383052, -52.520473521492086, 11.660981845805917)
(11.041053295135498, -488.6901151943197, 31.569182613383052, -52.520473521492086, 11.660981845805917)
(11.055994749069214, -488.7299552495411, 31.49262846558255, -51.891754888559795, 11.672198590184273)
(11.071702003479004, -488.7299552495411, 31.49262846558255, -51.891754888559795, 11.672198590184273)
(11.096465587615967, -488.7299552495411, 31.49262846558255, -51.891754888559795, 11.672198590184273)
(11.145822525024414, -488.7299552495411, 31.49262846558255, -51.891754888559795, 11.672198590184273)
(11.182461977005005, -488.7299552495411, 31.49262846558255, -51.891754888559795, 11.683133278339367)
(11.213253021240234, -488.7299552495411, 31.49262846558255, -51.891754888559795, 11.683133278339367)
(11.242871522903442, -488.7299552495411, 31.49262846558255, -51.891754888559795, 11.683133278339367)
(11.270976543426514, -489.001150208733, 31.09570626343834, -51.42216638702768, 11.72108463854176)
(11.308724164962769, -489.001150208733, 31.09570626343834, -51.42216638702768, 11.72108463854176)
(11.322979211807251, -489.001150208733, 31.09570626343834, -51.42216638702768, 11.72108463854176)
(11.337839603424072, -489.001150208733, 31.09570626343834, -51.42216638702768, 11.72108463854176)
(11.351845979690552, -489.001150208733, 31.09570626343834, -51.42216638702768, 11.72108463854176)
(11.374254941940308, -489.001150208733, 31.09570626343834, -51.42216638702768, 11.750159197554954)
(11.398689031600952, -489.001150208733, 31.09570626343834, -51.42216638702768, 11.750159197554954)
(11.42217230796814, -489.001150208733, 31.09570626343834, -51.42216638702768, 11.750159197554954)
(11.448250770568848, -489.001150208733, 31.09570626343834, -51.42216638702768, 11.750159197554954)
(11.47117018699646, -489.31612878199286, 30.48813158377811, -51.03069282786729, 11.745861461854432)
(11.494582176208496, -489.31612878199286, 30.48813158377811, -51.03069282786729, 11.745861461854432)
(11.61043643951416, -489.31612878199286, 30.48813158377811, -51.03069282786729, 11.716928238016084)
(11.67137861251831, -489.4688554044222, 30.309122986404187, -51.0957811281736, 11.694560513390588)
(11.728868961334229, -489.4688554044222, 30.309122986404187, -51.0957811281736, 11.694560513390588)
(11.819026708602905, -489.4688554044222, 30.309122986404187, -51.0957811281736, 11.68269849569064)
(11.948179960250854, -489.5776076915968, 30.079407688458456, -51.209816572600786, 11.68237953428945)
(12.00966215133667, -489.5776076915968, 30.079407688458456, -51.209816572600786, 11.687389752676964)
(12.056219339370728, -489.5776076915968, 30.079407688458456, -51.209816572600786, 11.687389752676964)
(12.108831644058228, -489.6697563010825, 29.786580762852974, -51.24899735577185, 11.705347834613466)
(12.15788745880127, -489.6697563010825, 29.786580762852974, -51.24899735577185, 11.705347834613466)
(12.205579042434692, -489.6697563010825, 29.786580762852974, -51.24899735577185, 11.724258690433055)
(12.255356788635254, -489.6697563010825, 29.786580762852974, -51.24899735577185, 11.724258690433055)
(12.29964542388916, -489.63018956742303, 29.49460557959518, -51.301531228524176, 11.729054525161548)
(12.354762315750122, -489.63018956742303, 29.49460557959518, -51.301531228524176, 11.729054525161548)
(12.426596879959106, -489.63018956742303, 29.49460557959518, -51.301531228524176, 11.735727615313701)
(12.508710861206055, -489.3477562438624, 29.8717354159842, -51.44417043338853, 11.740437203540367)
(12.533681392669678, -489.3477562438624, 29.8717354159842, -51.44417043338853, 11.740437203540367)
(12.708071947097778, -489.4032335796757, 30.313547686028553, -51.73901979679313, 11.755311910485265)
(12.740061521530151, -489.4032335796757, 30.313547686028553, -51.73901979679313, 11.755311910485265)
(12.755028009414673, -489.4032335796757, 30.313547686028553, -51.73901979679313, 11.755311910485265)
(12.769957542419434, -489.4032335796757, 30.313547686028553, -51.73901979679313, 11.755311910485265)
(12.784058570861816, -489.4032335796757, 30.313547686028553, -51.73901979679313, 11.755311910485265)
(12.799177646636963, -489.4032335796757, 30.313547686028553, -51.73901979679313, 11.77778031492451)
(12.852789402008057, -489.4032335796757, 30.313547686028553, -51.73901979679313, 11.77778031492451)
(12.881876707077026, -489.4032335796757, 30.313547686028553, -51.73901979679313, 11.77778031492451)
(12.903810739517212, -489.4032335796757, 30.313547686028553, -51.73901979679313, 11.77778031492451)
(12.942826747894287, -489.4331626024677, 30.46990506649929, -52.128421980278524, 11.769149682449031)
(12.987327098846436, -489.4331626024677, 30.46990506649929, -52.128421980278524, 11.769149682449031)
(13.00865912437439, -489.4331626024677, 30.46990506649929, -52.128421980278524, 11.782934104411373)
(13.023582696914673, -489.4331626024677, 30.46990506649929, -52.128421980278524, 11.782934104411373)
(13.039004564285278, -489.4331626024677, 30.46990506649929, -52.128421980278524, 11.782934104411373)
(13.073864221572876, -489.4331626024677, 30.46990506649929, -52.128421980278524, 11.782934104411373)
(13.106653690338135, -489.34902761133554, 30.732018671359057, -52.45581174720992, 11.80901861620104)
(13.137678861618042, -489.34902761133554, 30.732018671359057, -52.45581174720992, 11.80901861620104)
(13.174032926559448, -489.34902761133554, 30.732018671359057, -52.45581174720992, 11.813355817447524)
(13.203399181365967, -489.34902761133554, 30.732018671359057, -52.45581174720992, 11.813355817447524)
(13.241451263427734, -489.34902761133554, 30.732018671359057, -52.45581174720992, 11.813355817447524)
(13.27431035041809, -489.3082395529409, 30.999390179059, -52.592525783874436, 11.822422530043532)
(13.292581558227539, -489.3082395529409, 30.999390179059, -52.592525783874436, 11.822422530043532)
(13.329372644424438, -489.3082395529409, 30.999390179059, -52.592525783874436, 11.822422530043532)
(13.350542306900024, -489.3082395529409, 30.999390179059, -52.592525783874436, 11.82725593217079)
(13.370418787002563, -489.3082395529409, 30.999390179059, -52.592525783874436, 11.82725593217079)
(13.391621112823486, -489.3082395529409, 30.999390179059, -52.592525783874436, 11.82725593217079)
(13.409974813461304, -489.3082395529409, 30.999390179059, -52.592525783874436, 11.82725593217079)
(13.428361415863037, -489.3082395529409, 30.999390179059, -52.592525783874436, 11.82725593217079)
(13.469260692596436, -489.3119153231798, 31.27427403605947, -52.563234616735215, 11.871677751383531)
(13.48355770111084, -489.3119153231798, 31.27427403605947, -52.563234616735215, 11.871677751383531)
(13.498547554016113, -489.3119153231798, 31.27427403605947, -52.563234616735215, 11.871677751383531)
(13.512689352035522, -489.3119153231798, 31.27427403605947, -52.563234616735215, 11.871677751383531)
(13.729008674621582, -489.3642121054922, 31.62652532697818, -52.49213733832003, 11.912591398705091)
(13.832740068435669, -489.3642121054922, 31.62652532697818, -52.49213733832003, 11.930425512022694)
(13.934106349945068, -489.3595586570633, 31.924937780520438, -52.52375779011271, 11.932144977261164)
(13.988764762878418, -489.3595586570633, 31.924937780520438, -52.52375779011271, 11.968735550464624)
(14.034756422042847, -489.3595586570633, 31.924937780520438, -52.52375779011271, 11.968735550464624)
(14.114081382751465, -489.2953365554822, 31.911399466121097, -52.50184172170535, 11.977838777781312)
(14.204017639160156, -489.2953365554822, 31.911399466121097, -52.50184172170535, 11.968050185801955)
(14.27187466621399, -489.2953365554822, 31.911399466121097, -52.50184172170535, 11.968050185801955)
(14.31978702545166, -489.549203860308, 32.04866988056489, -52.47189856239894, 11.97238797425054)
(14.362878561019897, -489.549203860308, 32.04866988056489, -52.47189856239894, 11.97238797425054)
(14.441050291061401, -489.549203860308, 32.04866988056489, -52.47189856239894, 11.968054705362047)
(14.534084558486938, -489.56014789543195, 32.35938100413155, -52.52613629779706, 11.969309967730366)
(14.642935752868652, -489.3506184715084, 32.59992696341633, -52.69518989829158, 11.9844728456723)
(14.738749027252197, -489.3506184715084, 32.59992696341633, -52.69518989829158, 11.9844728456723)
(14.794997930526733, -489.3506184715084, 32.59992696341633, -52.69518989829158, 11.977741176340595)
(14.878376483917236, -489.3187395098452, 33.18898880494653, -52.82841050725652, 11.943475873573973)
(14.970562934875488, -489.3187395098452, 33.18898880494653, -52.82841050725652, 11.935154853760313)
(15.036664724349976, -489.3187395098452, 33.18898880494653, -52.82841050725652, 11.935154853760313)
(15.084757328033447, -488.8859700008157, 33.29710726998238, -52.955535102583866, 11.941101177037481)
(15.128825902938843, -488.8859700008157, 33.29710726998238, -52.955535102583866, 11.941101177037481)
(15.205931901931763, -488.8859700008157, 33.29710726998238, -52.955535102583866, 11.944575482783502)
(15.295949220657349, -488.9577701801096, 33.360057450166636, -52.915986276431866, 11.931305811096685)
(15.364413976669312, -488.9577701801096, 33.360057450166636, -52.915986276431866, 11.934803658390809)
(15.412939071655273, -488.9577701801096, 33.360057450166636, -52.915986276431866, 11.934803658390809)
(15.456365823745728, -488.9577701801096, 33.360057450166636, -52.915986276431866, 11.934803658390809)
(15.49908709526062, -488.543483849208, 33.15757669584907, -52.81589500694207, 11.935197260570114)
(15.542991876602173, -488.543483849208, 33.15757669584907, -52.81589500694207, 11.935197260570114)
(15.560341119766235, -488.543483849208, 33.15757669584907, -52.81589500694207, 11.877374310306724)
(15.573390483856201, -488.543483849208, 33.15757669584907, -52.81589500694207, 11.877374310306724)
(15.584617853164673, -488.543483849208, 33.15757669584907, -52.81589500694207, 11.877374310306724)
(15.595603942871094, -488.543483849208, 33.15757669584907, -52.81589500694207, 11.877374310306724)
(15.60716199874878, -488.543483849208, 33.15757669584907, -52.81589500694207, 11.877374310306724)
(15.619666576385498, -488.543483849208, 33.15757669584907, -52.81589500694207, 11.877374310306724)
(15.632060050964355, -488.543483849208, 33.15757669584907, -52.81589500694207, 11.877374310306724)
(15.651403427124023, -488.543483849208, 33.15757669584907, -52.81589500694207, 11.877374310306724)
(15.673551082611084, -488.4495989318389, 33.290081587397374, -52.74114944841701, 11.825924244335955)
(15.69292163848877, -488.4495989318389, 33.290081587397374, -52.74114944841701, 11.825924244335955)
(15.708859205245972, -488.4495989318389, 33.290081587397374, -52.74114944841701, 11.825924244335955)
(15.723108530044556, -488.4495989318389, 33.290081587397374, -52.74114944841701, 11.825924244335955)
(15.776807069778442, -488.4495989318389, 33.290081587397374, -52.74114944841701, 11.815195573734991)
(15.799514055252075, -488.4495989318389, 33.290081587397374, -52.74114944841701, 11.815195573734991)
(15.826860189437866, -488.4495989318389, 33.290081587397374, -52.74114944841701, 11.815195573734991)
(15.880768060684204, -488.4009574001254, 33.32309765738219, -52.740471998849245, 11.78751042593606)
(15.904579639434814, -488.4009574001254, 33.32309765738219, -52.740471998849245, 11.78751042593606)
(15.935181856155396, -488.4009574001254, 33.32309765738219, -52.740471998849245, 11.78751042593606)
(15.949329853057861, -488.4009574001254, 33.32309765738219, -52.740471998849245, 11.78751042593606)
(15.98945665359497, -488.4009574001254, 33.32309765738219, -52.740471998849245, 11.770699215133902)
(16.00789976119995, -488.4009574001254, 33.32309765738219, -52.740471998849245, 11.770699215133902)
(16.02181577682495, -488.4009574001254, 33.32309765738219, -52.740471998849245, 11.770699215133902)
(16.03926110267639, -488.4009574001254, 33.32309765738219, -52.740471998849245, 11.770699215133902)
(16.056539297103882, -488.4009574001254, 33.32309765738219, -52.740471998849245, 11.770699215133902)
(16.074186325073242, -488.35607199119346, 33.42768057076109, -52.76060943162448, 11.74484449081315)
(16.106077194213867, -488.35607199119346, 33.42768057076109, -52.76060943162448, 11.74484449081315)
(16.138582944869995, -488.35607199119346, 33.42768057076109, -52.76060943162448, 11.74484449081315)
(16.16252827644348, -488.35607199119346, 33.42768057076109, -52.76060943162448, 11.74484449081315)
(16.176857948303223, -488.35607199119346, 33.42768057076109, -52.76060943162448, 11.712137005166728)
(16.19126796722412, -488.35607199119346, 33.42768057076109, -52.76060943162448, 11.712137005166728)
(16.433102130889893, -488.3475649840283, 33.76494460126907, -52.80785504495078, 11.697457875239447)
(16.47353458404541, -488.3475649840283, 33.76494460126907, -52.80785504495078, 11.697457875239447)
(16.508204698562622, -488.3787522939172, 34.02779845036258, -53.023201901830255, 11.68634417601656)
(16.535242557525635, -488.3787522939172, 34.02779845036258, -53.023201901830255, 11.68634417601656)
(16.692839860916138, -488.55821938755105, 34.03803471593585, -53.15073353394615, 11.693603595545927)
(16.775211811065674, -488.55821938755105, 34.03803471593585, -53.15073353394615, 11.693603595545927)
(16.825239658355713, -488.55821938755105, 34.03803471593585, -53.15073353394615, 11.68682331981116)
(16.868264198303223, -488.55821938755105, 34.03803471593585, -53.15073353394615, 11.68682331981116)
(16.910771131515503, -488.36949184793787, 34.00588647957777, -53.17220065106048, 11.694089582520876)
(16.953072547912598, -488.36949184793787, 34.00588647957777, -53.17220065106048, 11.694089582520876)
(16.995810508728027, -488.36949184793787, 34.00588647957777, -53.17220065106048, 11.688796155629372)
(17.03920340538025, -488.36949184793787, 34.00588647957777, -53.17220065106048, 11.688796155629372)
(17.082541942596436, -488.2524870973085, 33.56964282004972, -53.10889853531218, 11.662083996079202)
(17.125861406326294, -488.2524870973085, 33.56964282004972, -53.10889853531218, 11.662083996079202)
(17.197356462478638, -488.2524870973085, 33.56964282004972, -53.10889853531218, 11.652843311611015)
(17.275922775268555, -488.3372464790595, 33.22007385569675, -52.99117712162427, 11.640348532499964)
(17.352818250656128, -488.3372464790595, 33.22007385569675, -52.99117712162427, 11.61387672119514)
(17.402600049972534, -488.3372464790595, 33.22007385569675, -52.99117712162427, 11.61387672119514)
(17.44632387161255, -488.3372464790595, 33.22007385569675, -52.99117712162427, 11.61387672119514)
(17.48867678642273, -488.41539565673077, 33.0014379754636, -52.9996299742444, 11.601206260299545)
(17.53135347366333, -488.41539565673077, 33.0014379754636, -52.9996299742444, 11.601206260299545)
(17.60365343093872, -488.41539565673077, 33.0014379754636, -52.9996299742444, 11.627932636126683)
(17.70110559463501, -488.46452670421655, 32.7945211043267, -52.99769950239281, 11.641081650951818)
(17.769556999206543, -488.46452670421655, 32.7945211043267, -52.99769950239281, 11.6482700058652)
(17.818082809448242, -488.46452670421655, 32.7945211043267, -52.99769950239281, 11.6482700058652)
(17.861311674118042, -488.5165164844173, 32.54771463412767, -53.017068821186676, 11.66060515586075)
(17.903705596923828, -488.5165164844173, 32.54771463412767, -53.017068821186676, 11.66060515586075)
(17.946128129959106, -488.5165164844173, 32.54771463412767, -53.017068821186676, 11.66060515586075)
(17.98819613456726, -488.5165164844173, 32.54771463412767, -53.017068821186676, 11.663205124741971)
(18.030438661575317, -488.5165164844173, 32.54771463412767, -53.017068821186676, 11.663205124741971)
(18.072866678237915, -488.4990548897713, 32.19670590220735, -53.11575240949185, 11.665128254733826)
(18.115418434143066, -488.4990548897713, 32.19670590220735, -53.11575240949185, 11.665128254733826)
(18.15764355659485, -488.4990548897713, 32.19670590220735, -53.11575240949185, 11.665128254733826)
(18.199968814849854, -488.4990548897713, 32.19670590220735, -53.11575240949185, 11.673297792086188)
(18.241990566253662, -488.4990548897713, 32.19670590220735, -53.11575240949185, 11.673297792086188)
(18.283886909484863, -488.2680460013296, 31.76248531040446, -53.198029087482006, 11.695310624983573)
(18.32676339149475, -488.2680460013296, 31.76248531040446, -53.198029087482006, 11.695310624983573)
(18.369925498962402, -488.2680460013296, 31.76248531040446, -53.198029087482006, 11.736900915759556)
(18.412522792816162, -488.2680460013296, 31.76248531040446, -53.198029087482006, 11.736900915759556)
(18.4554181098938, -488.2680460013296, 31.76248531040446, -53.198029087482006, 11.736900915759556)
(18.498648643493652, -488.0305453977464, 31.221880517331424, -53.23274945943596, 11.766567594073187)
(18.541239976882935, -488.0305453977464, 31.221880517331424, -53.23274945943596, 11.766567594073187)
(18.58374309539795, -488.0305453977464, 31.221880517331424, -53.23274945943596, 11.766567594073187)
(18.626299381256104, -488.0305453977464, 31.221880517331424, -53.23274945943596, 11.778916940105885)
(18.6463463306427, -488.0305453977464, 31.221880517331424, -53.23274945943596, 11.778916940105885)
(18.672147512435913, -488.0305453977464, 31.221880517331424, -53.23274945943596, 11.778916940105885)
(18.70898985862732, -487.5397351999078, 30.703599456145167, -53.251508001488354, 11.788651826336476)
(18.7381591796875, -487.5397351999078, 30.703599456145167, -53.251508001488354, 11.788651826336476)
(18.766050815582275, -487.5397351999078, 30.703599456145167, -53.251508001488354, 11.788651826336476)
(18.784789085388184, -487.5397351999078, 30.703599456145167, -53.251508001488354, 11.795672467921374)
(18.812727689743042, -487.5397351999078, 30.703599456145167, -53.251508001488354, 11.795672467921374)
(18.83403205871582, -487.5397351999078, 30.703599456145167, -53.251508001488354, 11.795672467921374)
(18.851929426193237, -487.5397351999078, 30.703599456145167, -53.251508001488354, 11.795672467921374)
(18.863735675811768, -487.5397351999078, 30.703599456145167, -53.251508001488354, 11.795672467921374)
(18.87626361846924, -487.5397351999078, 30.703599456145167, -53.251508001488354, 11.795672467921374)
(18.88913869857788, -486.9675345469295, 30.442432098845185, -53.199760155505, 11.77811545391234)
(18.902113676071167, -486.9675345469295, 30.442432098845185, -53.199760155505, 11.77811545391234)
(18.915255308151245, -486.9675345469295, 30.442432098845185, -53.199760155505, 11.77811545391234)
(18.94549560546875, -486.9675345469295, 30.442432098845185, -53.199760155505, 11.77811545391234)
(19.12776279449463, -486.3941662178421, 30.442719950415658, -53.12935909092522, 11.785489610096624)
(19.164040565490723, -486.3941662178421, 30.442719950415658, -53.12935909092522, 11.77625662183494)
(19.202661514282227, -486.3941662178421, 30.442719950415658, -53.12935909092522, 11.77625662183494)
(19.22808051109314, -486.3941662178421, 30.442719950415658, -53.12935909092522, 11.77625662183494)
(19.25748920440674, -485.777375862609, 30.33958177896356, -53.11219107025832, 11.791012834241052)
(19.758522510528564, -485.11787036512686, 29.644383564101418, -53.098574704628184, 11.872956548652752)
(20.25944709777832, -484.4589037526656, 29.236572524250757, -53.123099093408065, 11.904542925426789, 'fly')
(20.45229697227478, -484.37498494353144, 29.298067202088394, -53.282655319857945, 11.959962952024059, 'fly')
(20.531413793563843, -484.35599636533317, 30.370926422424706, -53.31308453242658, 13.88140694810823, 'fly')
(20.657145738601685, -483.88112584651344, 31.92694305472934, -53.318804285776, 18.060118007377596, 'fly')
(20.7510085105896, -483.88112584651344, 31.92694305472934, -53.318804285776, 18.046732238600363, 'fly')
(20.8041033744812, -483.88112584651344, 31.92694305472934, -53.318804285776, 18.046732238600363, 'fly')
(20.85327959060669, -483.5268094575104, 34.34294346616352, -53.249500769729515, 15.881601651001867, 'fly')
(20.91413640975952, -483.5268094575104, 34.34294346616352, -53.249500769729515, 15.881601651001867, 'fly')
(21.007521390914917, -483.5268094575104, 34.34294346616352, -53.249500769729515, 14.945647585402462, 'fly')
(21.088526010513306, -483.43160547812516, 38.17842605040911, -53.338587119393914, 17.077045748897667, 'fly')
(21.141611576080322, -483.43160547812516, 38.17842605040911, -53.338587119393914, 17.077045748897667, 'fly')
(21.187878370285034, -483.43160547812516, 38.17842605040911, -53.338587119393914, 17.87951601462224, 'fly')
(21.2355694770813, -483.43160547812516, 38.17842605040911, -53.338587119393914, 17.87951601462224, 'fly')
(21.28119683265686, -483.1474321067772, 41.84115153550033, -53.217946616822246, 17.990379332849646, 'fly')
(21.30313515663147, -483.1474321067772, 41.84115153550033, -53.217946616822246, 17.990379332849646, 'fly')
(21.322312593460083, -483.1474321067772, 41.84115153550033, -53.217946616822246, 17.990379332849646, 'fly')
(21.33425521850586, -483.1474321067772, 41.84115153550033, -53.217946616822246, 17.990379332849646, 'fly')
(21.350934982299805, -483.1474321067772, 41.84115153550033, -53.217946616822246, 17.990379332849646, 'fly')
(21.380708694458008, -483.1474321067772, 41.84115153550033, -53.217946616822246, 18.026028548929894, 'fly')
(21.419806480407715, -483.1474321067772, 41.84115153550033, -53.217946616822246, 18.026028548929894, 'fly')
(21.45306921005249, -483.1474321067772, 41.84115153550033, -53.217946616822246, 18.026028548929894, 'fly')
(21.478691577911377, -482.83251823446136, 46.01399591217195, -53.07058753052999, 17.997999025472524, 'fly')
(21.507512092590332, -482.83251823446136, 46.01399591217195, -53.07058753052999, 17.997999025472524, 'fly')
(21.535253763198853, -482.83251823446136, 46.01399591217195, -53.07058753052999, 17.997999025472524, 'fly')
(21.572017908096313, -482.83251823446136, 46.01399591217195, -53.07058753052999, 17.824303575935012, 'fly')
(21.609175443649292, -482.83251823446136, 46.01399591217195, -53.07058753052999, 17.824303575935012, 'fly')
(21.640547275543213, -482.83251823446136, 46.01399591217195, -53.07058753052999, 17.824303575935012, 'fly')
(21.6557834148407, -482.83251823446136, 46.01399591217195, -53.07058753052999, 17.824303575935012, 'fly')
(21.67516040802002, -482.33063248594163, 50.56022451157068, -52.96486680301697, 17.594308260649957, 'fly')
(21.690359830856323, -482.33063248594163, 50.56022451157068, -52.96486680301697, 17.594308260649957, 'fly')
(21.713600873947144, -482.33063248594163, 50.56022451157068, -52.96486680301697, 17.594308260649957, 'fly')
(21.746132612228394, -482.33063248594163, 50.56022451157068, -52.96486680301697, 17.594308260649957, 'fly')
(21.778435468673706, -482.33063248594163, 50.56022451157068, -52.96486680301697, 17.403997477680807, 'fly')
(21.797520399093628, -482.33063248594163, 50.56022451157068, -52.96486680301697, 17.403997477680807, 'fly')
(21.813366889953613, -482.33063248594163, 50.56022451157068, -52.96486680301697, 17.403997477680807, 'fly')
(21.84377145767212, -482.33063248594163, 50.56022451157068, -52.96486680301697, 17.403997477680807, 'fly')
(21.871007204055786, -481.5479584159757, 55.53744893079765, -52.86944208856319, 17.182773711579138, 'fly')
(21.89058256149292, -481.5479584159757, 55.53744893079765, -52.86944208856319, 17.182773711579138, 'fly')
(21.940797567367554, -481.5479584159757, 55.53744893079765, -52.86944208856319, 17.182773711579138, 'fly')
(21.973424673080444, -481.5479584159757, 55.53744893079765, -52.86944208856319, 17.051613950158753, 'fly')
(22.007255792617798, -481.5479584159757, 55.53744893079765, -52.86944208856319, 17.051613950158753, 'fly')
(22.03843331336975, -481.5479584159757, 55.53744893079765, -52.86944208856319, 17.051613950158753, 'fly')
(22.07169008255005, -481.5479584159757, 55.53744893079765, -52.86944208856319, 17.051613950158753, 'fly')
(22.100449085235596, -480.274355272671, 60.60261016438049, -52.55669731276606, 17.038228300510873, 'fly')
(22.128621339797974, -480.274355272671, 60.60261016438049, -52.55669731276606, 17.038228300510873, 'fly')
(22.18538498878479, -480.274355272671, 60.60261016438049, -52.55669731276606, 17.049096960321968, 'fly')
(22.218634128570557, -480.274355272671, 60.60261016438049, -52.55669731276606, 17.049096960321968, 'fly')
(22.244555711746216, -480.274355272671, 60.60261016438049, -52.55669731276606, 17.049096960321968, 'fly')
(22.26200795173645, -480.274355272671, 60.60261016438049, -52.55669731276606, 17.049096960321968, 'fly')
(22.28087544441223, -479.62675954030067, 65.78844322082628, -52.376969666927074, 17.05404775728071, 'fly')
(22.323198318481445, -479.62675954030067, 65.78844322082628, -52.376969666927074, 17.05404775728071, 'fly')
(22.34278655052185, -479.62675954030067, 65.78844322082628, -52.376969666927074, 17.05404775728071, 'fly')
(22.35878896713257, -479.62675954030067, 65.78844322082628, -52.376969666927074, 17.05404775728071, 'fly')
(22.409971237182617, -479.62675954030067, 65.78844322082628, -52.376969666927074, 17.075856396266055, 'fly')
(22.433439254760742, -479.62675954030067, 65.78844322082628, -52.376969666927074, 17.075856396266055, 'fly')
(22.48132610321045, -479.62675954030067, 65.78844322082628, -52.376969666927074, 17.075856396266055, 'fly')
(22.50907588005066, -478.87001899787913, 70.8636268704177, -52.326192935966354, 17.071009939576378, 'fly')
(22.551732063293457, -478.87001899787913, 70.8636268704177, -52.326192935966354, 17.071009939576378, 'fly')
(22.5765483379364, -478.87001899787913, 70.8636268704177, -52.326192935966354, 17.071009939576378, 'fly')
(22.60608410835266, -478.87001899787913, 70.8636268704177, -52.326192935966354, 17.048381269127795, 'fly')
(22.62986421585083, -478.87001899787913, 70.8636268704177, -52.326192935966354, 17.048381269127795, 'fly')
(22.675858974456787, -478.87001899787913, 70.8636268704177, -52.326192935966354, 17.048381269127795, 'fly')
(22.692940950393677, -478.5149081757734, 76.21295093473043, -52.15661287307538, 17.044288263649285, 'fly')
(22.712172985076904, -478.5149081757734, 76.21295093473043, -52.15661287307538, 17.044288263649285, 'fly')
(22.727425575256348, -478.5149081757734, 76.21295093473043, -52.15661287307538, 17.044288263649285, 'fly')
(22.79087471961975, -478.5149081757734, 76.21295093473043, -52.15661287307538, 17.044288263649285, 'fly')
(22.81902813911438, -478.5149081757734, 76.21295093473043, -52.15661287307538, 17.022879466323126, 'fly')
(22.86375617980957, -478.5149081757734, 76.21295093473043, -52.15661287307538, 17.022879466323126, 'fly')
(22.900859117507935, -478.78098675974496, 81.57043298438391, -52.260379923025106, 16.99408676667519, 'fly')
(22.927000999450684, -478.78098675974496, 81.57043298438391, -52.260379923025106, 16.99408676667519, 'fly')
(22.95584774017334, -478.78098675974496, 81.57043298438391, -52.260379923025106, 16.99408676667519, 'fly')
(23.176652908325195, -478.779351413398, 86.8640692409681, -52.21134539285255, 16.971786133316677, 'fly')
(23.23202633857727, -478.779351413398, 86.8640692409681, -52.21134539285255, 16.97117667548173, 'fly')
(23.3143527507782, -478.6730879598064, 92.3701253582239, -52.180198913992015, 16.983714668011913, 'fly')
(23.416523933410645, -478.6730879598064, 92.3701253582239, -52.180198913992015, 16.95721849546276, 'fly')
(23.480281352996826, -478.74856966009145, 97.72723250751275, -52.08276815716498, 16.94712412727035, 'fly')
(23.52802276611328, -478.74856966009145, 97.72723250751275, -52.08276815716498, 16.94712412727035, 'fly')
(23.608811855316162, -478.74856966009145, 97.72723250751275, -52.08276815716498, 16.96166857112957, 'fly')
(23.70543122291565, -479.21516625393826, 102.64629189445009, -52.29451723034458, 16.967100203178216, 'fly')
(23.80449414253235, -479.21516625393826, 102.64629189445009, -52.29451723034458, 16.963985800676276, 'fly')
(23.940619468688965, -479.5864974710343, 108.116958775581, -52.25403322851855, 17.021717056643084, 'fly')
(24.033413887023926, -479.5864974710343, 108.116958775581, -52.25403322851855, 17.05910871105672, 'fly')
(24.091891765594482, -479.9815753096497, 113.48939905086507, -52.43369396932407, 17.068692701076923, 'fly')
(24.14161491394043, -479.9815753096497, 113.48939905086507, -52.43369396932407, 17.068692701076923, 'fly')
(24.19205331802368, -479.9815753096497, 113.48939905086507, -52.43369396932407, 17.034460345181227, 'fly')
(24.23926591873169, -479.9815753096497, 113.48939905086507, -52.43369396932407, 17.034460345181227, 'fly')
(24.290834665298462, -480.3732997125206, 118.61899559558957, -52.202295358875745, 17.001919935032266, 'fly')
(24.336469888687134, -480.3732997125206, 118.61899559558957, -52.202295358875745, 17.001919935032266, 'fly')
(24.364052534103394, -480.3732997125206, 118.61899559558957, -52.202295358875745, 17.001919935032266, 'fly')
(24.38171935081482, -480.3732997125206, 118.61899559558957, -52.202295358875745, 17.001919935032266, 'fly')
(24.398621797561646, -480.3732997125206, 118.61899559558957, -52.202295358875745, 17.001919935032266, 'fly')
(24.41166114807129, -480.3732997125206, 118.61899559558957, -52.202295358875745, 17.001919935032266, 'fly')
(24.423935890197754, -480.3732997125206, 118.61899559558957, -52.202295358875745, 17.001919935032266, 'fly')
(24.437506675720215, -480.3732997125206, 118.61899559558957, -52.202295358875745, 17.00414381635263, 'fly')
(24.485994815826416, -480.3732997125206, 118.61899559558957, -52.202295358875745, 17.00414381635263, 'fly')
(24.521021604537964, -480.3732997125206, 118.61899559558957, -52.202295358875745, 17.00414381635263, 'fly')
(24.552817583084106, -480.2764997693974, 123.64623447917774, -52.27327305156372, 17.000832968585527, 'fly')
(24.586644172668457, -480.2764997693974, 123.64623447917774, -52.27327305156372, 17.03584461532288, 'fly')
(24.620361328125, -480.2764997693974, 123.64623447917774, -52.27327305156372, 17.03584461532288, 'fly')
(24.662010192871094, -480.2764997693974, 123.64623447917774, -52.27327305156372, 17.03584461532288, 'fly')
(24.704415559768677, -480.3495521831659, 128.51923941558488, -52.35131425605581, 17.088491339688872, 'fly')
(24.741628408432007, -480.3495521831659, 128.51923941558488, -52.35131425605581, 17.088491339688872, 'fly')
(24.769935846328735, -480.3495521831659, 128.51923941558488, -52.35131425605581, 17.137146894737292, 'fly')
(24.785236597061157, -480.3495521831659, 128.51923941558488, -52.35131425605581, 17.137146894737292, 'fly')
(24.800997257232666, -480.3495521831659, 128.51923941558488, -52.35131425605581, 17.137146894737292, 'fly')
(24.81606364250183, -480.3495521831659, 128.51923941558488, -52.35131425605581, 17.137146894737292, 'fly')
(24.854589462280273, -480.3495521831659, 128.51923941558488, -52.35131425605581, 17.137146894737292, 'fly')
(24.870367288589478, -480.4178642575049, 133.14871387663973, -52.383283628355215, 17.1655377993312, 'fly')
(24.88574242591858, -480.4178642575049, 133.14871387663973, -52.383283628355215, 17.1655377993312, 'fly')
(24.90174889564514, -480.4178642575049, 133.14871387663973, -52.383283628355215, 17.1655377993312, 'fly')
(24.9760160446167, -480.4178642575049, 133.14871387663973, -52.383283628355215, 17.20799883052819, 'fly')
(25.17320156097412, -480.3995391737012, 138.03160361321105, -52.403983216014, 17.22820052425069, 'fly')
(25.20359444618225, -480.3995391737012, 138.03160361321105, -52.403983216014, 17.21445282675002, 'fly')
(25.221494674682617, -480.3995391737012, 138.03160361321105, -52.403983216014, 17.21445282675002, 'fly')
(25.236387252807617, -480.3995391737012, 138.03160361321105, -52.403983216014, 17.21445282675002, 'fly')
(25.2517352104187, -480.3995391737012, 138.03160361321105, -52.403983216014, 17.21445282675002, 'fly')
(25.266860723495483, -480.3995391737012, 138.03160361321105, -52.403983216014, 17.21445282675002, 'fly')
(25.292754888534546, -480.6454856874246, 142.88035491089934, -52.2719597321048, 17.198743368772178, 'fly')
(25.308884382247925, -480.6454856874246, 142.88035491089934, -52.2719597321048, 17.198743368772178, 'fly')
(25.32823371887207, -480.6454856874246, 142.88035491089934, -52.2719597321048, 17.198743368772178, 'fly')
(25.343541383743286, -480.6454856874246, 142.88035491089934, -52.2719597321048, 17.198743368772178, 'fly')
(25.367117166519165, -480.6454856874246, 142.88035491089934, -52.2719597321048, 17.198743368772178, 'fly')
(25.565309047698975, -480.55263795089, 147.5365393987553, -52.249477501268174, 17.124084286175915, 'fly')
(25.59872555732727, -480.55263795089, 147.5365393987553, -52.249477501268174, 17.038768852882097, 'fly')
(25.622474908828735, -480.55263795089, 147.5365393987553, -52.249477501268174, 17.038768852882097, 'fly')
(25.64482879638672, -480.55263795089, 147.5365393987553, -52.249477501268174, 17.038768852882097, 'fly')
(25.665815114974976, -480.55263795089, 147.5365393987553, -52.249477501268174, 17.038768852882097, 'fly')
(25.685936212539673, -480.55263795089, 147.5365393987553, -52.249477501268174, 17.038768852882097, 'fly')
(25.705273628234863, -480.6013826739378, 152.15755071374457, -51.989993540871836, 17.012070756293618, 'fly')
(25.72479271888733, -480.6013826739378, 152.15755071374457, -51.989993540871836, 17.012070756293618, 'fly')
(25.744569063186646, -480.6013826739378, 152.15755071374457, -51.989993540871836, 17.012070756293618, 'fly')
(25.763478755950928, -480.6013826739378, 152.15755071374457, -51.989993540871836, 17.012070756293618, 'fly')
(25.79446029663086, -480.6013826739378, 152.15755071374457, -51.989993540871836, 17.036459895711182, 'fly')
(25.82776665687561, -480.6013826739378, 152.15755071374457, -51.989993540871836, 17.036459895711182, 'fly')
(25.864784717559814, -480.5179089431049, 156.2831545537168, -51.862048380482605, 17.11317557761351, 'fly')
(25.903307914733887, -480.5179089431049, 156.2831545537168, -51.862048380482605, 17.11317557761351, 'fly')
(26.01337957382202, -480.5179089431049, 156.2831545537168, -51.862048380482605, 17.166878705097268, 'fly')
(26.05570077896118, -480.5179089431049, 156.2831545537168, -51.862048380482605, 17.166878705097268, 'fly')
(26.103498935699463, -480.4305199846154, 160.57655108648873, -51.651735796340205, 17.20643193721322, 'fly')
(26.12994909286499, -480.4305199846154, 160.57655108648873, -51.651735796340205, 17.20643193721322, 'fly')
(26.152693033218384, -480.4305199846154, 160.57655108648873, -51.651735796340205, 17.20643193721322, 'fly')
(26.17418646812439, -480.4305199846154, 160.57655108648873, -51.651735796340205, 17.148670878973046, 'fly')
(26.195579767227173, -480.4305199846154, 160.57655108648873, -51.651735796340205, 17.148670878973046, 'fly')
(26.2809841632843, -480.74625655713635, 164.81403072071515, -51.64901070722241, 17.124086717189357, 'fly')
(26.318199157714844, -480.74625655713635, 164.81403072071515, -51.64901070722241, 17.124086717189357, 'fly')
(26.37149953842163, -480.74625655713635, 164.81403072071515, -51.64901070722241, 17.15653005451997, 'fly')
(26.447335720062256, -480.74625655713635, 164.81403072071515, -51.64901070722241, 17.15653005451997, 'fly')
(26.498177766799927, -480.7556919624569, 169.03228081802771, -51.91849851453738, 17.157678560918967, 'fly')
(26.59017038345337, -480.7556919624569, 169.03228081802771, -51.91849851453738, 17.167768290772372, 'fly')
(26.683692455291748, -481.19976134883234, 172.54636248398114, -52.2023825961002, 17.135814393509435, 'fly')
(26.746272325515747, -481.19976134883234, 172.54636248398114, -52.2023825961002, 17.135814393509435, 'fly')
(26.79391098022461, -481.19976134883234, 172.54636248398114, -52.2023825961002, 17.088369321838606, 'fly')
(26.87289547920227, -481.19976134883234, 172.54636248398114, -52.2023825961002, 17.088369321838606, 'fly')
(26.964495182037354, -481.404498844126, 175.59816120506258, -52.75453303983048, 17.084043070939817, 'fly')
(27.032475233078003, -481.404498844126, 175.59816120506258, -52.75453303983048, 17.040760386200468, 'fly')
(27.081397771835327, -482.0235179318501, 178.02205144893367, -53.12472204487994, 17.06171613236797, 'fly')
(27.125012636184692, -482.0235179318501, 178.02205144893367, -53.12472204487994, 17.06171613236797, 'fly')
(27.16781187057495, -482.0235179318501, 178.02205144893367, -53.12472204487994, 17.06171613236797, 'fly')
(27.210142850875854, -482.0235179318501, 178.02205144893367, -53.12472204487994, 17.114261546245885, 'fly')
(27.252620458602905, -482.0235179318501, 178.02205144893367, -53.12472204487994, 17.114261546245885, 'fly')
(27.295509815216064, -482.2992613411541, 180.1033479679382, -53.43294458181397, 17.064577390640732, 'fly')
(27.368465423583984, -482.2992613411541, 180.1033479679382, -53.43294458181397, 17.064577390640732, 'fly')
(27.463581323623657, -482.2992613411541, 180.1033479679382, -53.43294458181397, 17.080847103441776, 'fly')
(27.53292727470398, -482.8773083498197, 181.14974743832357, -53.56970417723378, 17.043862047278406, 'fly')
(27.62007212638855, -482.8773083498197, 181.14974743832357, -53.56970417723378, 17.043862047278406, 'fly')
(27.720137119293213, -482.8773083498197, 181.14974743832357, -53.56970417723378, 17.07096299650836, 'fly')
(27.782256841659546, -483.45594276664923, 181.62854857882368, -53.59146344191532, 17.099660720134196, 'fly')
(27.830583572387695, -483.45594276664923, 181.62854857882368, -53.59146344191532, 17.102940513667367, 'fly')
(27.874959468841553, -483.45594276664923, 181.62854857882368, -53.59146344191532, 17.102940513667367, 'fly')
(27.918347597122192, -484.25463776621604, 181.68454614001658, -53.50337969287268, 17.11623456535709, 'fly')
