====================== HEADER ======================
Odometry data will folow format (time, x, y, z, yaw)
Landing site: (-1, x, y, z, yaw)
X = left and right
Y = foraward backward
Z = height
=====================================================
('min', -628.3429410395971, 176.7247026800175, -281.483239793284)
('max', -594.6190106677298, 191.25897595029528, -279.27416247263756)
('dlp', -609.3853208011672, 182.43037947781556, -279.69866255594786, 20.75905460064137)
(0, -606.6287915225646, 43.72053446074969, -257.3015329698754, -2.1202404836717212)
(0.0004711151123046875, -606.6287915225646, 43.72053446074969, -257.3015329698754, -2.1202404836717212)
(0.09822654724121094, -606.601769665097, 43.31606400421441, -257.39401609869697, -2.252667587904277)
(0.17327308654785156, -606.601769665097, 43.31606400421441, -257.39401609869697, -2.321155128185629)
(0.22017979621887207, -606.601769665097, 43.31606400421441, -257.39401609869697, -2.321155128185629)
(0.2979850769042969, -606.6334141173969, 42.90322261157564, -257.63615301186127, -2.357288559460243)
(0.3878002166748047, -606.6334141173969, 42.90322261157564, -257.63615301186127, -2.3673322359484086)
(0.45923900604248047, -606.4592509980392, 42.268885445854814, -258.86664883167197, -2.395332008306279)
(0.5467526912689209, -606.4592509980392, 42.268885445854814, -258.86664883167197, -2.395332008306279)
(0.6471757888793945, -606.4592509980392, 42.268885445854814, -258.86664883167197, -2.3869792844044144)
(0.7123796939849854, -606.4898924609323, 41.80629100013452, -261.2343763664959, -2.394328525926269)
(0.7597224712371826, -606.4898924609323, 41.80629100013452, -261.2343763664959, -2.401847253035362)
(0.8032217025756836, -606.4898924609323, 41.80629100013452, -261.2343763664959, -2.401847253035362)
(0.8462545871734619, -606.4898924609323, 41.80629100013452, -261.2343763664959, -2.401847253035362)
(0.8898234367370605, -606.8136001878258, 41.193833205505925, -264.5792097183643, -2.4082723482486528)
(0.9629237651824951, -606.8136001878258, 41.193833205505925, -264.5792097183643, -2.4008597681289485)
(1.0506634712219238, -607.9071929425602, 40.87387462138675, -268.14036196521135, -2.375459748239562)
(1.1939828395843506, -607.9071929425602, 40.87387462138675, -268.14036196521135, -2.3788471371163045)
(1.3024559020996094, -609.3615085033914, 40.550973021830465, -270.7355999288354, -2.404058010673433)
(1.3512964248657227, -609.3615085033914, 40.550973021830465, -270.7355999288354, -2.4210449809952572)
(1.3954546451568604, -609.3615085033914, 40.550973021830465, -270.7355999288354, -2.4210449809952572)
(1.438474416732788, -610.8775466700579, 39.905594872222004, -272.2980572556228, -2.390574119789999)
(1.481379508972168, -610.8775466700579, 39.905594872222004, -272.2980572556228, -2.390574119789999)
(1.5246760845184326, -610.8775466700579, 39.905594872222004, -272.2980572556228, -2.3424151391277936)
(1.5998058319091797, -610.8775466700579, 39.905594872222004, -272.2980572556228, -2.3424151391277936)
(1.686743974685669, -612.4453053354731, 39.48204029782117, -274.0208467682107, -2.377953549724359)
(1.759371280670166, -612.4453053354731, 39.48204029782117, -274.0208467682107, -2.4032705673369854)
(1.856048822402954, -613.5545931477402, 38.835401701824246, -276.0794178970781, -2.410928076822765)
(1.9630005359649658, -613.5545931477402, 38.835401701824246, -276.0794178970781, -2.41158882405234)
(2.092587947845459, -614.9618996440356, 38.55492441932682, -278.4446253050219, -2.429536819149079)
(2.198556900024414, -614.9618996440356, 38.55492441932682, -278.4446253050219, -2.407478033865845)
(2.305570125579834, -615.9552265410493, 38.00348260664914, -280.6800120182452, -2.399191882266166)
(2.367339849472046, -615.9552265410493, 38.00348260664914, -280.6800120182452, -2.3713236945998117)
(2.4256348609924316, -615.9552265410493, 38.00348260664914, -280.6800120182452, -2.3713236945998117)
(2.4783201217651367, -616.8480888510081, 37.56134310844608, -282.9345258748642, -2.336187431384368)
(2.528165340423584, -616.8480888510081, 37.56134310844608, -282.9345258748642, -2.336187431384368)
(2.5813121795654297, -616.8480888510081, 37.56134310844608, -282.9345258748642, -2.313559726731601)
(2.6306400299072266, -616.8480888510081, 37.56134310844608, -282.9345258748642, -2.313559726731601)
(2.68084454536438, -617.18692196115, 36.920545258532506, -284.7754194020448, -2.29608015058398)
(2.7298145294189453, -617.18692196115, 36.920545258532506, -284.7754194020448, -2.29608015058398)
(2.780367136001587, -617.18692196115, 36.920545258532506, -284.7754194020448, -2.2598086059134275)
(2.828463554382324, -617.18692196115, 36.920545258532506, -284.7754194020448, -2.2598086059134275)
(2.879845380783081, -616.9901107853382, 36.21255664972144, -285.8834322748654, -2.264287454487625)
(2.927717924118042, -616.9901107853382, 36.21255664972144, -285.8834322748654, -2.264287454487625)
(2.9794933795928955, -616.9901107853382, 36.21255664972144, -285.8834322748654, -2.201170573125343)
(3.025294303894043, -616.9901107853382, 36.21255664972144, -285.8834322748654, -2.201170573125343)
(3.0819928646087646, -616.2727689986947, 35.54775327664541, -286.45557013549745, -2.1599839108047783)
(3.151524066925049, -616.2727689986947, 35.54775327664541, -286.45557013549745, -2.1599839108047783)
(3.221946954727173, -616.2727689986947, 35.54775327664541, -286.45557013549745, -2.1420953980332094)
(3.2767772674560547, -615.4744569959889, 35.23408446455176, -286.3072709697144, -2.1752375981505545)
(3.3202171325683594, -615.4744569959889, 35.23408446455176, -286.3072709697144, -2.1752375981505545)
(3.3973841667175293, -615.4744569959889, 35.23408446455176, -286.3072709697144, -2.154201605398362)
(3.4865033626556396, -614.9393527535424, 35.18768195715449, -285.9363929160774, -2.170335098377838)
(3.567431926727295, -614.9393527535424, 35.18768195715449, -285.9363929160774, -2.199213656144713)
(3.615349769592285, -614.7322093390951, 35.33718043188257, -285.66822840600787, -2.2205709454730425)
(3.6582789421081543, -614.7322093390951, 35.33718043188257, -285.66822840600787, -2.2205709454730425)
(3.7012412548065186, -614.7322093390951, 35.33718043188257, -285.66822840600787, -2.2205709454730425)
(3.7438347339630127, -614.7322093390951, 35.33718043188257, -285.66822840600787, -2.207326039491673)
(3.7869882583618164, -614.7322093390951, 35.33718043188257, -285.66822840600787, -2.207326039491673)
(3.8587043285369873, -614.3853232018844, 35.576954107580285, -285.59372264251584, -2.1560343728509705)
(3.945260763168335, -614.3853232018844, 35.576954107580285, -285.59372264251584, -2.138763684510492)
(4.021167278289795, -614.3853232018844, 35.576954107580285, -285.59372264251584, -2.138763684510492)
(4.109284400939941, -614.9080849770432, 36.65622424451593, -285.6109131422043, -2.1346461615158994)
(4.202651262283325, -614.9080849770432, 36.65622424451593, -285.6109131422043, -2.074029180494908)
(4.270286321640015, -615.231434561502, 37.38210089963873, -285.6229172298332, -2.099607970173277)
(4.29726243019104, -615.231434561502, 37.38210089963873, -285.6229172298332, -2.099607970173277)
(4.31712007522583, -615.231434561502, 37.38210089963873, -285.6229172298332, -2.099607970173277)
(4.3331298828125, -615.231434561502, 37.38210089963873, -285.6229172298332, -2.1593976257566636)
(4.347457408905029, -615.231434561502, 37.38210089963873, -285.6229172298332, -2.1593976257566636)
(4.365495920181274, -615.231434561502, 37.38210089963873, -285.6229172298332, -2.1593976257566636)
(4.379345417022705, -615.231434561502, 37.38210089963873, -285.6229172298332, -2.1593976257566636)
(4.394108295440674, -615.231434561502, 37.38210089963873, -285.6229172298332, -2.1593976257566636)
(4.4136152267456055, -615.231434561502, 37.38210089963873, -285.6229172298332, -2.1593976257566636)
(4.433142423629761, -615.231434561502, 37.38210089963873, -285.6229172298332, -2.1593976257566636)
(4.449281692504883, -615.5637955814333, 37.88845536227345, -285.34975384330113, -2.171556914218851)
(4.699661016464233, -615.7114391273052, 38.34851120875221, -284.7089171343819, -2.1447395899206847)
(4.728344917297363, -615.7114391273052, 38.34851120875221, -284.7089171343819, -2.1447395899206847)
(4.761857271194458, -615.7114391273052, 38.34851120875221, -284.7089171343819, -2.168701674252726)
(4.972441673278809, -615.5580014531012, 38.84555269304205, -284.3141836321287, -2.186671645094707)
(5.0215983390808105, -615.5580014531012, 38.84555269304205, -284.3141836321287, -2.186671645094707)
(5.048643350601196, -615.4187600454069, 38.602297780455054, -284.08237962212314, -2.142769132994739)
(5.0867838859558105, -615.4187600454069, 38.602297780455054, -284.08237962212314, -2.142769132994739)
(5.127080678939819, -615.4187600454069, 38.602297780455054, -284.08237962212314, -2.142769132994739)
(5.165179491043091, -615.4187600454069, 38.602297780455054, -284.08237962212314, -2.1535007561716837)
(5.200793266296387, -615.4187600454069, 38.602297780455054, -284.08237962212314, -2.1535007561716837)
(5.2182862758636475, -615.4187600454069, 38.602297780455054, -284.08237962212314, -2.1535007561716837)
(5.234836578369141, -615.4187600454069, 38.602297780455054, -284.08237962212314, -2.1535007561716837)
(5.249637842178345, -615.3482134968826, 37.981291916274266, -283.46761818709666, -2.1812681513360115)
(5.269459962844849, -615.3482134968826, 37.981291916274266, -283.46761818709666, -2.1812681513360115)
(5.303436756134033, -615.3482134968826, 37.981291916274266, -283.46761818709666, -2.1812681513360115)
(5.329812049865723, -615.3482134968826, 37.981291916274266, -283.46761818709666, -2.1812681513360115)
(5.349029302597046, -615.3482134968826, 37.981291916274266, -283.46761818709666, -2.1812681513360115)
(5.368916749954224, -615.3482134968826, 37.981291916274266, -283.46761818709666, -2.1879977425863055)
(5.383771657943726, -615.3482134968826, 37.981291916274266, -283.46761818709666, -2.1879977425863055)
(5.446708917617798, -615.3482134968826, 37.981291916274266, -283.46761818709666, -2.1879977425863055)
(5.4847731590271, -615.0602979473294, 37.60677047853248, -282.42213791034436, -2.181592700154221)
(5.5156238079071045, -615.0602979473294, 37.60677047853248, -282.42213791034436, -2.181592700154221)
(5.550393581390381, -615.0602979473294, 37.60677047853248, -282.42213791034436, -2.181592700154221)
(5.595318794250488, -615.0602979473294, 37.60677047853248, -282.42213791034436, -2.1705686849641843)
(5.628207445144653, -614.5344474509243, 37.51740239814937, -281.034366621347, -2.195737041968549)
(5.642512083053589, -614.5344474509243, 37.51740239814937, -281.034366621347, -2.195737041968549)
(5.675690412521362, -614.5344474509243, 37.51740239814937, -281.034366621347, -2.195737041968549)
(5.702524662017822, -614.5344474509243, 37.51740239814937, -281.034366621347, -2.195737041968549)
(5.7174296379089355, -614.5344474509243, 37.51740239814937, -281.034366621347, -2.173969022554317)
(5.73630166053772, -614.5344474509243, 37.51740239814937, -281.034366621347, -2.173969022554317)
(5.750347852706909, -614.5344474509243, 37.51740239814937, -281.034366621347, -2.173969022554317)
(5.9934751987457275, -614.497251625248, 37.36718948167346, -279.6996136879049, -2.164598924753034)
(6.045575857162476, -614.6807445133576, 36.921592684455135, -278.5229730884394, -2.1722148297734454)
(6.09066367149353, -614.6807445133576, 36.921592684455135, -278.5229730884394, -2.1722148297734454)
(6.133189916610718, -614.6807445133576, 36.921592684455135, -278.5229730884394, -2.142696264159378)
(6.175234317779541, -614.6807445133576, 36.921592684455135, -278.5229730884394, -2.142696264159378)
(6.217532157897949, -614.6807445133576, 36.921592684455135, -278.5229730884394, -2.142696264159378)
(6.260077238082886, -614.9987287348107, 36.755536671297286, -277.4153946582437, -2.1362314724851448)
(6.3026251792907715, -614.9987287348107, 36.755536671297286, -277.4153946582437, -2.1362314724851448)
(6.31876277923584, -614.9987287348107, 36.755536671297286, -277.4153946582437, -2.1362314724851448)
(6.330407619476318, -614.9987287348107, 36.755536671297286, -277.4153946582437, -2.123954948605059)
(6.341719150543213, -614.9987287348107, 36.755536671297286, -277.4153946582437, -2.123954948605059)
(6.352615594863892, -614.9987287348107, 36.755536671297286, -277.4153946582437, -2.123954948605059)
(6.366815567016602, -614.9987287348107, 36.755536671297286, -277.4153946582437, -2.123954948605059)
(6.377722501754761, -614.9987287348107, 36.755536671297286, -277.4153946582437, -2.123954948605059)
(6.389052867889404, -614.9987287348107, 36.755536671297286, -277.4153946582437, -2.123954948605059)
(6.402055263519287, -614.9987287348107, 36.755536671297286, -277.4153946582437, -2.123954948605059)
(6.4152867794036865, -614.9987287348107, 36.755536671297286, -277.4153946582437, -2.123954948605059)
(6.42869758605957, -615.4552167474271, 36.55584212564117, -276.97455977100094, -2.1198047025539073)
(6.4422056674957275, -615.4552167474271, 36.55584212564117, -276.97455977100094, -2.1198047025539073)
(6.455418109893799, -615.4552167474271, 36.55584212564117, -276.97455977100094, -2.1198047025539073)
(6.507820129394531, -615.4552167474271, 36.55584212564117, -276.97455977100094, -2.1198047025539073)
(6.546857118606567, -615.4552167474271, 36.55584212564117, -276.97455977100094, -2.1069686172863697)
(6.575152397155762, -615.4552167474271, 36.55584212564117, -276.97455977100094, -2.1069686172863697)
(6.601800203323364, -615.4552167474271, 36.55584212564117, -276.97455977100094, -2.1069686172863697)
(6.6515491008758545, -616.2630078756812, 36.85782934917394, -277.03106719359073, -2.06971788666288)
(6.675322771072388, -616.2630078756812, 36.85782934917394, -277.03106719359073, -2.06971788666288)
(6.693968057632446, -616.2630078756812, 36.85782934917394, -277.03106719359073, -2.06971788666288)
(6.7089362144470215, -616.2630078756812, 36.85782934917394, -277.03106719359073, -2.06971788666288)
(6.741208076477051, -616.2630078756812, 36.85782934917394, -277.03106719359073, -2.0507596406058517)
(6.755759954452515, -616.2630078756812, 36.85782934917394, -277.03106719359073, -2.0507596406058517)
(6.78049898147583, -616.2630078756812, 36.85782934917394, -277.03106719359073, -2.0507596406058517)
(6.797327280044556, -616.2630078756812, 36.85782934917394, -277.03106719359073, -2.0507596406058517)
(6.811596632003784, -616.2630078756812, 36.85782934917394, -277.03106719359073, -2.0507596406058517)
(6.840744495391846, -617.0126052100218, 36.764729575614666, -277.35139940034463, -2.038426804176157)
(6.869203329086304, -617.0126052100218, 36.764729575614666, -277.35139940034463, -2.038426804176157)
(6.884949207305908, -617.0126052100218, 36.764729575614666, -277.35139940034463, -2.038426804176157)
(6.904605865478516, -617.0126052100218, 36.764729575614666, -277.35139940034463, -2.038426804176157)
(6.9184746742248535, -617.0126052100218, 36.764729575614666, -277.35139940034463, -2.038426804176157)
(6.944980621337891, -617.0126052100218, 36.764729575614666, -277.35139940034463, -2.0721564979759424)
(6.977997541427612, -617.0126052100218, 36.764729575614666, -277.35139940034463, -2.0721564979759424)
(6.996065616607666, -617.0126052100218, 36.764729575614666, -277.35139940034463, -2.0721564979759424)
(7.010781288146973, -617.0126052100218, 36.764729575614666, -277.35139940034463, -2.0721564979759424)
(7.0439887046813965, -617.6078465806393, 36.77683217195414, -277.8525079297167, -2.0651493020727902)
(7.069228887557983, -617.6078465806393, 36.77683217195414, -277.8525079297167, -2.0651493020727902)
(7.083835601806641, -617.6078465806393, 36.77683217195414, -277.8525079297167, -2.0651493020727902)
(7.1045920848846436, -617.6078465806393, 36.77683217195414, -277.8525079297167, -2.0651493020727902)
(7.142798185348511, -617.6078465806393, 36.77683217195414, -277.8525079297167, -2.0641747498477683)
(7.157642841339111, -617.6078465806393, 36.77683217195414, -277.8525079297167, -2.0641747498477683)
(7.173691749572754, -617.6078465806393, 36.77683217195414, -277.8525079297167, -2.0641747498477683)
(7.193978309631348, -617.6078465806393, 36.77683217195414, -277.8525079297167, -2.0641747498477683)
(7.208400249481201, -617.6078465806393, 36.77683217195414, -277.8525079297167, -2.0641747498477683)
(7.234143257141113, -617.6078465806393, 36.77683217195414, -277.8525079297167, -2.0641747498477683)
(7.47332239151001, -617.9395958602814, 36.13272709271853, -278.64794320743084, -2.0317030757822256)
(7.502744913101196, -617.9395958602814, 36.13272709271853, -278.64794320743084, -2.0317030757822256)
(7.5240795612335205, -617.9395958602814, 36.13272709271853, -278.64794320743084, -2.0317030757822256)
(7.548079013824463, -617.9395958602814, 36.13272709271853, -278.64794320743084, -2.0317030757822256)
(7.600448369979858, -617.9395958602814, 36.13272709271853, -278.64794320743084, -2.0279103987760903)
(7.631978750228882, -617.9395958602814, 36.13272709271853, -278.64794320743084, -2.0279103987760903)
(7.658867597579956, -617.9387014816214, 35.88855973768421, -278.8936703383456, -2.0280628639726754)
(7.682721138000488, -617.9387014816214, 35.88855973768421, -278.8936703383456, -2.0280628639726754)
(7.717196941375732, -617.9387014816214, 35.88855973768421, -278.8936703383456, -2.0280628639726754)
(7.766372203826904, -617.9387014816214, 35.88855973768421, -278.8936703383456, -2.0355963293821984)
(7.795328855514526, -617.9387014816214, 35.88855973768421, -278.8936703383456, -2.0355963293821984)
(7.819103002548218, -617.9387014816214, 35.88855973768421, -278.8936703383456, -2.0355963293821984)
(7.874099969863892, -617.9435899631007, 35.852166334241375, -279.2916891786458, -2.0211118505391523)
(7.8993730545043945, -617.9435899631007, 35.852166334241375, -279.2916891786458, -2.0211118505391523)
(7.9425740242004395, -617.9435899631007, 35.852166334241375, -279.2916891786458, -2.012844505378757)
(7.957194805145264, -617.9435899631007, 35.852166334241375, -279.2916891786458, -2.012844505378757)
(7.976937770843506, -617.9435899631007, 35.852166334241375, -279.2916891786458, -2.012844505378757)
(7.996570110321045, -617.9435899631007, 35.852166334241375, -279.2916891786458, -2.012844505378757)
(8.010846853256226, -617.6118609732855, 35.730055479185665, -279.65356838143293, -1.9927577663982037)
(8.067480325698853, -617.6118609732855, 35.730055479185665, -279.65356838143293, -1.9927577663982037)
(8.109858274459839, -617.6118609732855, 35.730055479185665, -279.65356838143293, -1.9927577663982037)
(8.142370223999023, -617.6118609732855, 35.730055479185665, -279.65356838143293, -1.9867748897760655)
(8.174838542938232, -617.6118609732855, 35.730055479185665, -279.65356838143293, -1.9867748897760655)
(8.207552433013916, -617.6118609732855, 35.730055479185665, -279.65356838143293, -1.9867748897760655)
(8.244014501571655, -617.2801280568729, 35.46524323089201, -279.8143263380186, -1.9807483380499973)
(8.258424282073975, -617.2801280568729, 35.46524323089201, -279.8143263380186, -1.9807483380499973)
(8.272521257400513, -617.2801280568729, 35.46524323089201, -279.8143263380186, -1.9807483380499973)
(8.287371158599854, -617.2801280568729, 35.46524323089201, -279.8143263380186, -1.9807483380499973)
(8.38862943649292, -617.2801280568729, 35.46524323089201, -279.8143263380186, -1.9729939964339764)
(8.43633246421814, -616.8942533719887, 34.94357641429488, -279.6270497651209, -1.96645341891861)
(8.46459174156189, -616.8942533719887, 34.94357641429488, -279.6270497651209, -1.96645341891861)
(8.575281620025635, -616.8942533719887, 34.94357641429488, -279.6270497651209, -1.9530624347324452)
(8.67229151725769, -616.55636599417, 34.78498849379922, -279.481157568846, -1.9415224504066293)
(8.729912996292114, -616.55636599417, 34.78498849379922, -279.481157568846, -1.9620715381091618)
(8.775524854660034, -616.55636599417, 34.78498849379922, -279.481157568846, -1.9620715381091618)
(8.81864857673645, -616.55636599417, 34.78498849379922, -279.481157568846, -1.9620715381091618)
(8.861193180084229, -616.4913415121429, 34.31786982479715, -279.5851852023849, -1.9914429796786823)
(8.903282880783081, -616.4913415121429, 34.31786982479715, -279.5851852023849, -1.9914429796786823)
(8.945422887802124, -616.4913415121429, 34.31786982479715, -279.5851852023849, -2.016305491154285)
(8.987914800643921, -616.4913415121429, 34.31786982479715, -279.5851852023849, -2.016305491154285)
(9.03033995628357, -616.4913415121429, 34.31786982479715, -279.5851852023849, -2.016305491154285)
(9.072764158248901, -616.3247785228514, 33.70677320642365, -279.7326125985146, -2.0318119779369597)
(9.115354537963867, -616.3247785228514, 33.70677320642365, -279.7326125985146, -2.0318119779369597)
(9.186450481414795, -616.3247785228514, 33.70677320642365, -279.7326125985146, -2.0129066251816767)
(9.259662389755249, -616.0919347855904, 33.14243856988748, -279.9212490330005, -1.987279542217838)
(9.33818244934082, -616.0919347855904, 33.14243856988748, -279.9212490330005, -1.977727650264797)
(9.388540506362915, -616.0919347855904, 33.14243856988748, -279.9212490330005, -1.977727650264797)
(9.43395447731018, -616.0919347855904, 33.14243856988748, -279.9212490330005, -1.977727650264797)
(9.4770827293396, -616.0642914283713, 32.87776513773123, -280.1932554349899, -1.9400684627689864)
(9.492950677871704, -616.0642914283713, 32.87776513773123, -280.1932554349899, -1.9400684627689864)
(9.504689455032349, -616.0642914283713, 32.87776513773123, -280.1932554349899, -1.9400684627689864)
(9.515916585922241, -616.0642914283713, 32.87776513773123, -280.1932554349899, -1.9400684627689864)
(9.528128147125244, -616.0642914283713, 32.87776513773123, -280.1932554349899, -1.9400684627689864)
(9.540216207504272, -616.0642914283713, 32.87776513773123, -280.1932554349899, -1.9400684627689864)
(9.552641868591309, -616.0642914283713, 32.87776513773123, -280.1932554349899, -1.906702784632211)
(9.566083192825317, -616.0642914283713, 32.87776513773123, -280.1932554349899, -1.906702784632211)
(9.58027696609497, -616.0642914283713, 32.87776513773123, -280.1932554349899, -1.906702784632211)
(9.593485355377197, -616.0642914283713, 32.87776513773123, -280.1932554349899, -1.906702784632211)
(9.607433557510376, -616.0642914283713, 32.87776513773123, -280.1932554349899, -1.906702784632211)
(9.635159730911255, -616.0642914283713, 32.87776513773123, -280.1932554349899, -1.906702784632211)
(9.659347534179688, -616.0171651289766, 32.683881431528334, -280.37147684984427, -1.8941859272471215)
(9.677627325057983, -616.0171651289766, 32.683881431528334, -280.37147684984427, -1.8941859272471215)
(9.716424942016602, -616.0171651289766, 32.683881431528334, -280.37147684984427, -1.8941859272471215)
(9.740506649017334, -616.0171651289766, 32.683881431528334, -280.37147684984427, -1.8941859272471215)
(9.760523080825806, -616.0171651289766, 32.683881431528334, -280.37147684984427, -1.9137489776399907)
(9.778669357299805, -616.0171651289766, 32.683881431528334, -280.37147684984427, -1.9137489776399907)
(9.79767656326294, -616.0171651289766, 32.683881431528334, -280.37147684984427, -1.9137489776399907)
(9.818262100219727, -616.0171651289766, 32.683881431528334, -280.37147684984427, -1.9137489776399907)
(9.839354991912842, -616.0171651289766, 32.683881431528334, -280.37147684984427, -1.9137489776399907)
(9.87846040725708, -615.7932822065652, 32.53965036170387, -280.42630870096286, -1.9227430608992657)
(9.901137828826904, -615.7932822065652, 32.53965036170387, -280.42630870096286, -1.9227430608992657)
(9.920060634613037, -615.7932822065652, 32.53965036170387, -280.42630870096286, -1.9227430608992657)
(9.934555292129517, -615.7932822065652, 32.53965036170387, -280.42630870096286, -1.9227430608992657)
(9.948669672012329, -615.7932822065652, 32.53965036170387, -280.42630870096286, -1.9227430608992657)
(10.010775804519653, -615.7932822065652, 32.53965036170387, -280.42630870096286, -1.9302200901056286)
(10.050899505615234, -615.7932822065652, 32.53965036170387, -280.42630870096286, -1.9302200901056286)
(10.081130981445312, -616.2412714982278, 32.52578204554721, -280.45744837211095, -1.898444632131553)
(10.113548755645752, -616.2412714982278, 32.52578204554721, -280.45744837211095, -1.8843803721755128)
(10.149352312088013, -616.2412714982278, 32.52578204554721, -280.45744837211095, -1.8843803721755128)
(10.20253872871399, -616.2412714982278, 32.52578204554721, -280.45744837211095, -1.8843803721755128)
(10.234981060028076, -616.5096204315299, 32.46986612732164, -280.60871779196833, -1.8780123164484905)
(10.272737979888916, -616.5096204315299, 32.46986612732164, -280.60871779196833, -1.8780123164484905)
(10.3188955783844, -616.5096204315299, 32.46986612732164, -280.60871779196833, -1.8757462032326893)
(10.336979150772095, -616.5096204315299, 32.46986612732164, -280.60871779196833, -1.8757462032326893)
(10.352407693862915, -616.5096204315299, 32.46986612732164, -280.60871779196833, -1.8757462032326893)
(10.366692304611206, -616.5096204315299, 32.46986612732164, -280.60871779196833, -1.8757462032326893)
(10.380835056304932, -616.5096204315299, 32.46986612732164, -280.60871779196833, -1.8757462032326893)
(10.415067672729492, -616.3619252865578, 32.59547511247419, -280.94368919639567, -1.896851189227521)
(10.461470365524292, -616.3619252865578, 32.59547511247419, -280.94368919639567, -1.896851189227521)
(10.491215944290161, -616.3619252865578, 32.59547511247419, -280.94368919639567, -1.896851189227521)
(10.658740520477295, -616.0469335615828, 32.99396776634668, -281.1294038976336, -1.9611461862306476)
(10.738345861434937, -616.0469335615828, 32.99396776634668, -281.1294038976336, -1.962526370067611)
(10.80365777015686, -616.0469335615828, 32.99396776634668, -281.1294038976336, -1.962526370067611)
(10.890673398971558, -615.5539123159703, 33.429257097417405, -281.1261545294772, -2.002421198596845)
(10.943612098693848, -615.5539123159703, 33.429257097417405, -281.1261545294772, -2.0200710059157325)
(10.988999843597412, -615.5539123159703, 33.429257097417405, -281.1261545294772, -2.0200710059157325)
(11.068267345428467, -615.5729378820752, 34.07894920744306, -280.70136587502446, -2.0141971668276293)
(11.160274028778076, -615.5729378820752, 34.07894920744306, -280.70136587502446, -1.9911753442700326)
(11.229404926300049, -615.5729378820752, 34.07894920744306, -280.70136587502446, -1.9911753442700326)
(11.27784514427185, -615.592403762134, 34.307942547094854, -280.3847207311351, -1.9714023206898277)
(11.32104778289795, -615.592403762134, 34.307942547094854, -280.3847207311351, -1.9714023206898277)
(11.398821830749512, -615.592403762134, 34.307942547094854, -280.3847207311351, -1.9852295372120148)
(11.489026546478271, -615.7252824536871, 34.16451797519405, -280.2421039966589, -1.9909030361562887)
(11.566581010818481, -615.7252824536871, 34.16451797519405, -280.2421039966589, -1.977086285542069)
(11.614617347717285, -615.7252824536871, 34.16451797519405, -280.2421039966589, -1.977086285542069)
(11.657791137695312, -615.432581911715, 34.221804773871185, -280.09264637307444, -2.0102367874574805)
(11.736023664474487, -615.432581911715, 34.221804773871185, -280.09264637307444, -2.0102367874574805)
(11.82638955116272, -615.432581911715, 34.221804773871185, -280.09264637307444, -2.0385760744919708)
(11.896882772445679, -614.794836791092, 34.17282010566952, -279.7844465379721, -2.0661091086781966)
(11.94571590423584, -614.794836791092, 34.17282010566952, -279.7844465379721, -2.0661091086781966)
(11.989006996154785, -614.794836791092, 34.17282010566952, -279.7844465379721, -2.116869167532329)
(12.031233549118042, -614.794836791092, 34.17282010566952, -279.7844465379721, -2.116869167532329)
(12.073498964309692, -614.0142799248955, 34.22665022214801, -279.5379152387258, -2.1499526891080976)
(12.115798950195312, -614.0142799248955, 34.22665022214801, -279.5379152387258, -2.1499526891080976)
(12.158313035964966, -614.0142799248955, 34.22665022214801, -279.5379152387258, -2.1765407750604804)
(12.200344800949097, -614.0142799248955, 34.22665022214801, -279.5379152387258, -2.1765407750604804)
(12.242281198501587, -614.0142799248955, 34.22665022214801, -279.5379152387258, -2.1765407750604804)
(12.285000324249268, -613.1143361612601, 34.378700056222186, -279.1401433904079, -2.2085515448468778)
(12.327678442001343, -613.1143361612601, 34.378700056222186, -279.1401433904079, -2.2085515448468778)
(12.370066165924072, -613.1143361612601, 34.378700056222186, -279.1401433904079, -2.2421690412048734)
(12.412461042404175, -611.9873131196215, 33.5909567350626, -278.3056838737709, -2.2537693991740273)
(12.4548020362854, -611.9873131196215, 33.5909567350626, -278.3056838737709, -2.2537693991740273)
(12.49739146232605, -611.9873131196215, 33.5909567350626, -278.3056838737709, -2.2537693991740273)
(12.51314377784729, -611.9873131196215, 33.5909567350626, -278.3056838737709, -2.2537693991740273)
(12.528378248214722, -611.9873131196215, 33.5909567350626, -278.3056838737709, -2.2389121490118358)
(12.543999910354614, -611.9873131196215, 33.5909567350626, -278.3056838737709, -2.2389121490118358)
(12.558799505233765, -611.9873131196215, 33.5909567350626, -278.3056838737709, -2.2389121490118358)
(12.570063829421997, -611.9873131196215, 33.5909567350626, -278.3056838737709, -2.2389121490118358)
(12.58083438873291, -611.9873131196215, 33.5909567350626, -278.3056838737709, -2.2389121490118358)
(12.591840505599976, -611.9873131196215, 33.5909567350626, -278.3056838737709, -2.2389121490118358)
(12.617781639099121, -611.1134160962444, 32.7984367951188, -277.62646837908096, -2.2183879525450516)
(12.638658046722412, -611.1134160962444, 32.7984367951188, -277.62646837908096, -2.2183879525450516)
(12.67591667175293, -611.1134160962444, 32.7984367951188, -277.62646837908096, -2.2183879525450516)
(12.697290182113647, -611.1134160962444, 32.7984367951188, -277.62646837908096, -2.2183879525450516)
(12.728444814682007, -611.1134160962444, 32.7984367951188, -277.62646837908096, -2.185918540054267)
(12.938584566116333, -610.3436941180717, 32.60546237192779, -277.1660093486232, -2.1931563435815145)
(12.96508264541626, -610.3436941180717, 32.60546237192779, -277.1660093486232, -2.1931563435815145)
(12.986391305923462, -610.3436941180717, 32.60546237192779, -277.1660093486232, -2.1931563435815145)
(13.0072660446167, -610.3436941180717, 32.60546237192779, -277.1660093486232, -2.1931563435815145)
(13.044162034988403, -609.9543871898974, 32.18906474428589, -276.76733596706515, -2.188312792008528)
(13.070894002914429, -609.9543871898974, 32.18906474428589, -276.76733596706515, -2.188312792008528)
(13.089356660842896, -609.9543871898974, 32.18906474428589, -276.76733596706515, -2.188312792008528)
(13.107212543487549, -609.9543871898974, 32.18906474428589, -276.76733596706515, -2.188312792008528)
(13.137234687805176, -609.9543871898974, 32.18906474428589, -276.76733596706515, -2.1843470697690934)
(13.19150686264038, -609.9543871898974, 32.18906474428589, -276.76733596706515, -2.1843470697690934)
(13.22838306427002, -609.4054153844208, 32.021556554725194, -276.51968367452326, -2.1655166043355587)
(13.25979471206665, -609.4054153844208, 32.021556554725194, -276.51968367452326, -2.1655166043355587)
(13.287476062774658, -609.4054153844208, 32.021556554725194, -276.51968367452326, -2.1655166043355587)
(13.32020378112793, -609.4054153844208, 32.021556554725194, -276.51968367452326, -2.1655166043355587)
(13.33946967124939, -609.4054153844208, 32.021556554725194, -276.51968367452326, -2.15366860997188)
(13.37362790107727, -609.4054153844208, 32.021556554725194, -276.51968367452326, -2.15366860997188)
(13.396515846252441, -609.4054153844208, 32.021556554725194, -276.51968367452326, -2.15366860997188)
(13.41083574295044, -609.4054153844208, 32.021556554725194, -276.51968367452326, -2.15366860997188)
(13.429197311401367, -609.4054153844208, 32.021556554725194, -276.51968367452326, -2.15366860997188)
(13.444257974624634, -609.1670595265099, 32.326636367209, -276.2644378919202, -2.157218700791587)
(13.480252504348755, -609.1670595265099, 32.326636367209, -276.2644378919202, -2.157218700791587)
(13.515714168548584, -609.1670595265099, 32.326636367209, -276.2644378919202, -2.157218700791587)
(13.717618227005005, -609.2085136382291, 32.60229195518977, -276.02457069640735, -2.173573722916002)
(13.77147364616394, -609.2085136382291, 32.60229195518977, -276.02457069640735, -2.152103994795695)
(13.817171573638916, -609.2085136382291, 32.60229195518977, -276.02457069640735, -2.152103994795695)
(13.861488103866577, -609.4846249784007, 33.2635513394379, -276.1181528491119, -2.1415971408306476)
(13.90749979019165, -609.4846249784007, 33.2635513394379, -276.1181528491119, -2.1415971408306476)
(13.951444149017334, -609.4846249784007, 33.2635513394379, -276.1181528491119, -2.113612087019682)
(14.024452447891235, -609.4846249784007, 33.2635513394379, -276.1181528491119, -2.113612087019682)
(14.11105489730835, -610.2798974408731, 34.48975620342186, -276.98580909828917, -2.101396690995169)
(14.186082601547241, -610.2798974408731, 34.48975620342186, -276.98580909828917, -2.0570866973127826)
(14.235769987106323, -610.2798974408731, 34.48975620342186, -276.98580909828917, -2.0570866973127826)
(14.279146671295166, -610.9890856519025, 34.88884416336951, -277.8924090948679, -2.0202731307152284)
(14.321929931640625, -610.9890856519025, 34.88884416336951, -277.8924090948679, -2.0202731307152284)
(14.396588325500488, -610.9890856519025, 34.88884416336951, -277.8924090948679, -2.0003725066726266)
(14.48556900024414, -611.9853709290237, 35.46487208096867, -278.8514197318236, -2.0230297799266164)
(14.558692455291748, -611.9853709290237, 35.46487208096867, -278.8514197318236, -2.0230297799266164)
(14.577193260192871, -611.9853709290237, 35.46487208096867, -278.8514197318236, -2.0961332748088823)
(14.591032266616821, -611.9853709290237, 35.46487208096867, -278.8514197318236, -2.0961332748088823)
(14.758490085601807, -612.7571516476945, 35.51010624867956, -279.5074966881904, -2.179806067125824)
(14.788232803344727, -612.7571516476945, 35.51010624867956, -279.5074966881904, -2.179806067125824)
(14.810935258865356, -612.7571516476945, 35.51010624867956, -279.5074966881904, -2.179806067125824)
(14.826277494430542, -613.5713252441669, 35.43636430459774, -279.95457721339204, -2.178101627394919)
(14.841085433959961, -613.5713252441669, 35.43636430459774, -279.95457721339204, -2.178101627394919)
(14.855386734008789, -613.5713252441669, 35.43636430459774, -279.95457721339204, -2.178101627394919)
(14.869692325592041, -613.5713252441669, 35.43636430459774, -279.95457721339204, -2.178101627394919)
(14.886344909667969, -613.5713252441669, 35.43636430459774, -279.95457721339204, -2.178101627394919)
(14.900771379470825, -613.5713252441669, 35.43636430459774, -279.95457721339204, -2.178101627394919)
(14.914693355560303, -613.5713252441669, 35.43636430459774, -279.95457721339204, -2.1738707185010533)
(14.92916989326477, -613.5713252441669, 35.43636430459774, -279.95457721339204, -2.1738707185010533)
(14.942959785461426, -613.5713252441669, 35.43636430459774, -279.95457721339204, -2.1738707185010533)
(14.956756353378296, -613.5713252441669, 35.43636430459774, -279.95457721339204, -2.1738707185010533)
(14.996504068374634, -613.5713252441669, 35.43636430459774, -279.95457721339204, -2.1738707185010533)
(15.012522220611572, -613.5713252441669, 35.43636430459774, -279.95457721339204, -2.1738707185010533)
(15.030009984970093, -614.3277515458822, 35.28490690059908, -280.0637957651982, -2.1454178729130056)
(15.04381012916565, -614.3277515458822, 35.28490690059908, -280.0637957651982, -2.1454178729130056)
(15.061087846755981, -614.3277515458822, 35.28490690059908, -280.0637957651982, -2.1454178729130056)
(15.105172157287598, -614.3277515458822, 35.28490690059908, -280.0637957651982, -2.1454178729130056)
(15.131885290145874, -614.3277515458822, 35.28490690059908, -280.0637957651982, -2.175813937346515)
(15.171216487884521, -614.3277515458822, 35.28490690059908, -280.0637957651982, -2.175813937346515)
(15.216346979141235, -614.3277515458822, 35.28490690059908, -280.0637957651982, -2.175813937346515)
(15.248937368392944, -614.9841640709705, 34.599407997315325, -279.3201233017466, -2.243758461145098)
(15.273376226425171, -614.9841640709705, 34.599407997315325, -279.3201233017466, -2.243758461145098)
(15.309157371520996, -614.9841640709705, 34.599407997315325, -279.3201233017466, -2.243758461145098)
(15.330701351165771, -614.9841640709705, 34.599407997315325, -279.3201233017466, -2.2816594512824464)
(15.345064878463745, -614.9841640709705, 34.599407997315325, -279.3201233017466, -2.2816594512824464)
(15.363474369049072, -614.9841640709705, 34.599407997315325, -279.3201233017466, -2.2816594512824464)
(15.377644062042236, -614.9841640709705, 34.599407997315325, -279.3201233017466, -2.2816594512824464)
(15.408447980880737, -614.9841640709705, 34.599407997315325, -279.3201233017466, -2.2816594512824464)
(15.439420700073242, -615.1574788934037, 33.322646702951104, -277.74886235787505, -2.3120082207268537)
(15.459101676940918, -615.1574788934037, 33.322646702951104, -277.74886235787505, -2.3120082207268537)
(15.670775175094604, -615.304756447414, 32.394708662456814, -276.2110251242847, -2.399859443420626)
(15.837650537490845, -615.5606782503554, 31.894878582066546, -274.96473816160585, -2.424379203201506)
(15.87321424484253, -615.5606782503554, 31.894878582066546, -274.96473816160585, -2.424379203201506)
(15.902891159057617, -615.5606782503554, 31.894878582066546, -274.96473816160585, -2.424379203201506)
(15.919057846069336, -615.5606782503554, 31.894878582066546, -274.96473816160585, -2.424379203201506)
(15.936967849731445, -615.5606782503554, 31.894878582066546, -274.96473816160585, -2.424379203201506)
(15.955422639846802, -615.5606782503554, 31.894878582066546, -274.96473816160585, -2.4230416363089518)
(15.974095821380615, -615.5606782503554, 31.894878582066546, -274.96473816160585, -2.4230416363089518)
(16.01678156852722, -615.5606782503554, 31.894878582066546, -274.96473816160585, -2.4230416363089518)
(16.043595790863037, -615.7375215741575, 30.940829805629278, -275.0833420430061, -2.3728207985622936)
(16.067116498947144, -615.7375215741575, 30.940829805629278, -275.0833420430061, -2.3728207985622936)
(16.093988180160522, -615.7375215741575, 30.940829805629278, -275.0833420430061, -2.3728207985622936)
(16.121352434158325, -615.7375215741575, 30.940829805629278, -275.0833420430061, -2.3728207985622936)
(16.160778999328613, -615.7375215741575, 30.940829805629278, -275.0833420430061, -2.3416419611229253)
(16.189565181732178, -615.7375215741575, 30.940829805629278, -275.0833420430061, -2.3416419611229253)
(16.206493377685547, -615.7375215741575, 30.940829805629278, -275.0833420430061, -2.3416419611229253)
(16.24845576286316, -615.846501609903, 30.192149091576752, -276.4567055370889, -2.3548765906357345)
(16.2832772731781, -615.846501609903, 30.192149091576752, -276.4567055370889, -2.3548765906357345)
(16.312841415405273, -615.846501609903, 30.192149091576752, -276.4567055370889, -2.3548765906357345)
(16.33380389213562, -615.846501609903, 30.192149091576752, -276.4567055370889, -2.3548765906357345)
(16.373170375823975, -615.846501609903, 30.192149091576752, -276.4567055370889, -2.334311408107239)
(16.413844347000122, -615.846501609903, 30.192149091576752, -276.4567055370889, -2.334311408107239)
(16.468124389648438, -615.6688583326993, 29.505595466917335, -279.058606919801, -2.3396909309251974)
(16.494218587875366, -615.6688583326993, 29.505595466917335, -279.058606919801, -2.3396909309251974)
(16.541188716888428, -615.6688583326993, 29.505595466917335, -279.058606919801, -2.3396909309251974)
(16.566598176956177, -615.6688583326993, 29.505595466917335, -279.058606919801, -2.341992459868644)
(16.61402678489685, -615.6688583326993, 29.505595466917335, -279.058606919801, -2.341992459868644)
(16.654027938842773, -615.4164532820299, 28.933848783197686, -282.11056743867323, -2.355765519114504)
(16.673089742660522, -615.4164532820299, 28.933848783197686, -282.11056743867323, -2.355765519114504)
(16.786207914352417, -615.4164532820299, 28.933848783197686, -282.11056743867323, -2.3901686613222815)
(16.926954984664917, -614.8727388758691, 28.60771992727461, -284.69447239264684, -2.338144138218209)
(17.018383264541626, -614.3054408011503, 28.530545641498694, -286.40758583998917, -2.351792312686145)
(17.07098150253296, -614.3054408011503, 28.530545641498694, -286.40758583998917, -2.351792312686145)
(17.116231441497803, -614.3054408011503, 28.530545641498694, -286.40758583998917, -2.319317180568487)
(17.158769130706787, -614.3054408011503, 28.530545641498694, -286.40758583998917, -2.319317180568487)
(17.201761960983276, -614.3054408011503, 28.530545641498694, -286.40758583998917, -2.319317180568487)
(17.244534015655518, -613.5608184698351, 28.42011647921535, -286.91092968500436, -2.352185245840026)
(17.287060976028442, -613.5608184698351, 28.42011647921535, -286.91092968500436, -2.352185245840026)
(17.32963466644287, -613.5608184698351, 28.42011647921535, -286.91092968500436, -2.3784470696226374)
(17.37213373184204, -613.5608184698351, 28.42011647921535, -286.91092968500436, -2.3784470696226374)
(17.414634943008423, -613.5608184698351, 28.42011647921535, -286.91092968500436, -2.3784470696226374)
(17.45675492286682, -612.869652119716, 28.235928809134528, -285.9421637894237, -2.4016236901404713)
(17.498921394348145, -612.869652119716, 28.235928809134528, -285.9421637894237, -2.4016236901404713)
(17.541735649108887, -612.869652119716, 28.235928809134528, -285.9421637894237, -2.367195101615598)
(17.584501266479492, -612.869652119716, 28.235928809134528, -285.9421637894237, -2.367195101615598)
(17.62739634513855, -612.115466157548, 28.150350922644265, -284.3581880096625, -2.353305781050704)
(17.669872522354126, -612.115466157548, 28.150350922644265, -284.3581880096625, -2.353305781050704)
(17.71227717399597, -612.115466157548, 28.150350922644265, -284.3581880096625, -2.353305781050704)
(17.860572576522827, -611.1295764036696, 27.904420321287514, -282.6934460334533, -2.3336287991151754)
(17.898925065994263, -611.1295764036696, 27.904420321287514, -282.6934460334533, -2.3336287991151754)
(17.943742752075195, -611.1295764036696, 27.904420321287514, -282.6934460334533, -2.306664451425684)
(17.980565547943115, -611.1295764036696, 27.904420321287514, -282.6934460334533, -2.306664451425684)
(18.18681788444519, -610.130362031157, 27.660972545246704, -281.0406888477427, -2.2253326308668746)
(18.68885898590088, -608.6347907514743, 27.060996733391853, -278.87733747213747, -2.1904079095302142)
(19.189754962921143, -608.7725120989911, 27.38820316422764, -279.3100610651632, -2.13505164570765, 'fly')
(19.374558448791504, -608.7942639305496, 28.060255869947724, -279.754332898714, -1.2044463669750667, 'fly')
(19.45740056037903, -609.0161734742796, 29.568348041863622, -280.2067373526542, 2.2128366363047745, 'fly')
(19.55001950263977, -609.0161734742796, 29.568348041863622, -280.2067373526542, 5.8278553036551894, 'fly')
(19.683470964431763, -609.0718256733779, 31.592797968513985, -280.4732616126289, 9.444752068075342, 'fly')
(19.73877763748169, -609.0718256733779, 31.592797968513985, -280.4732616126289, 13.108760202927709, 'fly')
(19.783655881881714, -609.0718256733779, 31.592797968513985, -280.4732616126289, 13.108760202927709, 'fly')
(19.82799768447876, -609.1253374168832, 34.05788796199751, -280.5688765027535, 16.710690901604625, 'fly')
(19.904770851135254, -609.1253374168832, 34.05788796199751, -280.5688765027535, 16.710690901604625, 'fly')
(19.995779752731323, -609.1253374168832, 34.05788796199751, -280.5688765027535, 18.17132458321304, 'fly')
(20.085795402526855, -609.0683463527073, 37.4588401069378, -280.6070309894273, 18.892733013446296, 'fly')
(20.1838641166687, -609.0683463527073, 37.4588401069378, -280.6070309894273, 19.745367150366764, 'fly')
(20.294010162353516, -608.4740576191992, 41.34939946941526, -280.9043784642363, 20.02787371398697, 'fly')
(20.352924585342407, -608.4740576191992, 41.34939946941526, -280.9043784642363, 20.284245531863203, 'fly')
(20.441721200942993, -607.5149538572692, 45.93126017150251, -281.1522670962981, 20.408648958034696, 'fly')
(20.540381908416748, -607.5149538572692, 45.93126017150251, -281.1522670962981, 20.480833506586112, 'fly')
(20.605762243270874, -607.5149538572692, 45.93126017150251, -281.1522670962981, 20.480833506586112, 'fly')
(20.653412580490112, -606.029140487406, 50.764740880060934, -281.5528776467026, 20.464869188352257, 'fly')
(20.697168350219727, -606.029140487406, 50.764740880060934, -281.5528776467026, 20.464869188352257, 'fly')
(20.740619659423828, -606.029140487406, 50.764740880060934, -281.5528776467026, 20.464869188352257, 'fly')
(20.783710479736328, -606.029140487406, 50.764740880060934, -281.5528776467026, 20.456081836993345, 'fly')
(20.827172994613647, -606.029140487406, 50.764740880060934, -281.5528776467026, 20.456081836993345, 'fly')
(20.86988401412964, -604.0698703611207, 55.88309573329458, -281.8276714685852, 20.401040930981686, 'fly')
(20.912787437438965, -604.0698703611207, 55.88309573329458, -281.8276714685852, 20.401040930981686, 'fly')
(20.956255674362183, -604.0698703611207, 55.88309573329458, -281.8276714685852, 20.33076247220739, 'fly')
(20.99932336807251, -604.0698703611207, 55.88309573329458, -281.8276714685852, 20.33076247220739, 'fly')
(21.04272961616516, -604.0698703611207, 55.88309573329458, -281.8276714685852, 20.33076247220739, 'fly')
(21.08614230155945, -601.6934777414037, 60.25633271414095, -281.1585884168744, 20.21400595509054, 'fly')
(21.159604787826538, -601.6934777414037, 60.25633271414095, -281.1585884168744, 19.940245663625614, 'fly')
(21.230831623077393, -601.6934777414037, 60.25633271414095, -281.1585884168744, 19.940245663625614, 'fly')
(21.31290364265442, -599.5059749916879, 64.73536433675267, -279.99536140217725, 19.72184405308983, 'fly')
(21.362826824188232, -599.5059749916879, 64.73536433675267, -279.99536140217725, 19.66331760875614, 'fly')
(21.407471656799316, -599.5059749916879, 64.73536433675267, -279.99536140217725, 19.66331760875614, 'fly')
(21.450493097305298, -599.5059749916879, 64.73536433675267, -279.99536140217725, 19.66331760875614, 'fly')
(21.494805097579956, -597.6300101999655, 68.7230985804426, -278.58314048110293, 19.499873958970305, 'fly')
(21.538130521774292, -597.6300101999655, 68.7230985804426, -278.58314048110293, 19.523701234628604, 'fly')
(21.581605195999146, -597.6300101999655, 68.7230985804426, -278.58314048110293, 19.523701234628604, 'fly')
(21.625159978866577, -595.9336692556737, 72.92940388212352, -277.5746324014224, 19.5767088317205, 'fly')
(21.66858673095703, -595.9336692556737, 72.92940388212352, -277.5746324014224, 19.5767088317205, 'fly')
(21.71199083328247, -595.9336692556737, 72.92940388212352, -277.5746324014224, 19.5767088317205, 'fly')
(21.75586462020874, -595.9336692556737, 72.92940388212352, -277.5746324014224, 19.698784962006773, 'fly')
(21.827499866485596, -594.7875679207315, 77.58160749019304, -276.9943734169435, 19.655882780364188, 'fly')
(21.90157151222229, -594.7875679207315, 77.58160749019304, -276.9943734169435, 19.655882780364188, 'fly')
(21.98007607460022, -594.7875679207315, 77.58160749019304, -276.9943734169435, 19.56155311588173, 'fly')
(22.030189275741577, -593.6050240508131, 82.11149868464717, -277.11024530411555, 19.5510319880453, 'fly')
(22.0746648311615, -593.6050240508131, 82.11149868464717, -277.11024530411555, 19.5510319880453, 'fly')
(22.117547512054443, -593.6050240508131, 82.11149868464717, -277.11024530411555, 19.5510319880453, 'fly')
(22.19358253479004, -593.6050240508131, 82.11149868464717, -277.11024530411555, 19.525015384480316, 'fly')
(22.28330683708191, -592.5727057715804, 87.1433681477294, -277.4067358182609, 19.59032877085017, 'fly')
(22.387515544891357, -592.5727057715804, 87.1433681477294, -277.4067358182609, 19.706280082757544, 'fly')
(22.514506101608276, -591.9736368983793, 91.92102104822365, -277.91686745545286, 19.866084723015145, 'fly')
(22.583261966705322, -591.9736368983793, 91.92102104822365, -277.91686745545286, 19.912745427837052, 'fly')
(22.654857635498047, -592.0082554890269, 97.11440026802191, -278.07808157849206, 19.96857797144705, 'fly')
(22.739454746246338, -592.0082554890269, 97.11440026802191, -278.07808157849206, 20.016631727667473, 'fly')
(22.818596601486206, -592.0082554890269, 97.11440026802191, -278.07808157849206, 20.016631727667473, 'fly')
(22.907644510269165, -592.3547949223265, 102.28287799236377, -278.3683023713669, 20.064439172845038, 'fly')
(23.002097129821777, -592.3547949223265, 102.28287799236377, -278.3683023713669, 19.97677455261138, 'fly')
(23.06816864013672, -593.1253062948366, 107.62260489425489, -278.60292799720855, 19.914176979673165, 'fly')
(23.120052099227905, -593.1253062948366, 107.62260489425489, -278.60292799720855, 19.914176979673165, 'fly')
(23.202738761901855, -593.1253062948366, 107.62260489425489, -278.60292799720855, 19.82240569320295, 'fly')
(23.296147346496582, -593.8203031936002, 113.30504766788776, -278.49015391906147, 19.800125041260973, 'fly')
(23.403782844543457, -593.8203031936002, 113.30504766788776, -278.49015391906147, 19.77614337128713, 'fly')
(23.50374937057495, -595.4572389880445, 119.16985741611444, -278.8998507012346, 19.85929761883336, 'fly')
(23.56130027770996, -595.4572389880445, 119.16985741611444, -278.8998507012346, 19.9871489164863, 'fly')
(23.617608785629272, -595.4572389880445, 119.16985741611444, -278.8998507012346, 19.9871489164863, 'fly')
(23.67413353919983, -597.5402680821426, 125.42390383387787, -279.01350316749546, 20.220114926234633, 'fly')
(23.7176456451416, -597.5402680821426, 125.42390383387787, -279.01350316749546, 20.220114926234633, 'fly')
(23.769037008285522, -597.5402680821426, 125.42390383387787, -279.01350316749546, 20.406128039940796, 'fly')
(23.820560932159424, -598.9517703503024, 131.95116895464173, -279.1651965843845, 20.53132537858761, 'fly')
(23.870887517929077, -598.9517703503024, 131.95116895464173, -279.1651965843845, 20.53132537858761, 'fly')
(23.92454218864441, -598.9517703503024, 131.95116895464173, -279.1651965843845, 20.551528038610634, 'fly')
(23.96871781349182, -598.9517703503024, 131.95116895464173, -279.1651965843845, 20.551528038610634, 'fly')
(24.021077156066895, -600.4530008831179, 138.34403345371405, -278.9497480366423, 20.543567212065085, 'fly')
(24.07227063179016, -600.4530008831179, 138.34403345371405, -278.9497480366423, 20.543567212065085, 'fly')
(24.11835265159607, -600.4530008831179, 138.34403345371405, -278.9497480366423, 20.505723155944573, 'fly')
(24.177462816238403, -600.4530008831179, 138.34403345371405, -278.9497480366423, 20.505723155944573, 'fly')
(24.25327777862549, -602.1755684362034, 144.31813922907725, -279.11748288879977, 20.488552636310402, 'fly')
(24.331865310668945, -602.1755684362034, 144.31813922907725, -279.11748288879977, 20.448953639303227, 'fly')
(24.35336422920227, -602.1755684362034, 144.31813922907725, -279.11748288879977, 20.448953639303227, 'fly')
(24.51107120513916, -603.215885865202, 150.248153544656, -278.8687533059657, 20.467077914648314, 'fly')
(24.5473313331604, -603.215885865202, 150.248153544656, -278.8687533059657, 20.451957605730026, 'fly')
(24.568800687789917, -603.215885865202, 150.248153544656, -278.8687533059657, 20.451957605730026, 'fly')
(24.58458709716797, -603.215885865202, 150.248153544656, -278.8687533059657, 20.451957605730026, 'fly')
(24.602208852767944, -603.215885865202, 150.248153544656, -278.8687533059657, 20.451957605730026, 'fly')
(24.61769437789917, -603.215885865202, 150.248153544656, -278.8687533059657, 20.451957605730026, 'fly')
(24.679191827774048, -604.0307794517911, 156.35747368754514, -278.8320072406389, 20.458233592020402, 'fly')
(24.707545280456543, -604.0307794517911, 156.35747368754514, -278.8320072406389, 20.458233592020402, 'fly')
(24.74502158164978, -604.0307794517911, 156.35747368754514, -278.8320072406389, 20.458955431934584, 'fly')
(24.77102041244507, -604.0307794517911, 156.35747368754514, -278.8320072406389, 20.458955431934584, 'fly')
(24.821364641189575, -604.0307794517911, 156.35747368754514, -278.8320072406389, 20.458955431934584, 'fly')
(24.84886646270752, -604.6141354128479, 162.0160275508312, -278.8127502659458, 20.455458469218257, 'fly')
(24.871071577072144, -604.6141354128479, 162.0160275508312, -278.8127502659458, 20.455458469218257, 'fly')
(24.889076948165894, -604.6141354128479, 162.0160275508312, -278.8127502659458, 20.455458469218257, 'fly')
(24.908020496368408, -604.6141354128479, 162.0160275508312, -278.8127502659458, 20.455458469218257, 'fly')
(24.929081201553345, -604.6141354128479, 162.0160275508312, -278.8127502659458, 20.455458469218257, 'fly')
(24.95184302330017, -604.6141354128479, 162.0160275508312, -278.8127502659458, 20.419639511126196, 'fly')
(24.973665475845337, -604.6141354128479, 162.0160275508312, -278.8127502659458, 20.419639511126196, 'fly')
(25.01291537284851, -604.6141354128479, 162.0160275508312, -278.8127502659458, 20.419639511126196, 'fly')
(25.042061805725098, -605.0331679865077, 167.40286884499974, -278.7661535866589, 20.411364745086896, 'fly')
(25.061566829681396, -605.0331679865077, 167.40286884499974, -278.7661535866589, 20.411364745086896, 'fly')
(25.080548763275146, -605.0331679865077, 167.40286884499974, -278.7661535866589, 20.411364745086896, 'fly')
(25.29687523841858, -604.9361797062951, 172.25021613741185, -278.6731237323833, 20.49620838228367, 'fly')
(25.323407649993896, -604.9361797062951, 172.25021613741185, -278.6731237323833, 20.49620838228367, 'fly')
(25.361324787139893, -604.9361797062951, 172.25021613741185, -278.6731237323833, 19.000460643311076, 'fly')
(25.61393976211548, -605.4937062700453, 174.11117537346806, -279.5725756185497, 19.533389149654667, 'fly')
('min', -628.3429410395971, 176.7247026800175, -281.483239793284)
('max', -594.6190106677298, 191.25897595029528, -279.27416247263756)
('dlp', -609.3853208011672, 182.43037947781556, -279.69866255594786, 20.75905460064137)