====================== HEADER ======================
Odometry data will folow format (time, x, y, z, yaw)
Landing site: (-1, x, y, z, yaw)
X = left and right
Y = foraward backward
Z = height
=====================================================
('min', -45.40328570710223, 147.90568139391667, -56.629120935002646)
('max', -9.608819467205986, 171.1253570106544, -54.88013952299804)
('dlp', -27.048885123107475, 158.12553354169358, -55.18860228733639, 14.589631081135778)
(0, -25.130123753175653, 5.189372537268571, -35.74618466048387, -17.00512326369478)
(0.0002543926239013672, -25.130123753175653, 5.189372537268571, -35.74618466048387, -17.00512326369478)
(0.12442779541015625, -25.52038457506769, 4.99458280865289, -35.469798423060396, -16.86828296680052)
(0.17601251602172852, -25.52038457506769, 4.99458280865289, -35.469798423060396, -16.86828296680052)
(0.2218177318572998, -25.93503259160625, 5.053104466462253, -35.38226124541015, -16.853001254454025)
(0.2645599842071533, -25.93503259160625, 5.053104466462253, -35.38226124541015, -16.853001254454025)
(0.30816125869750977, -25.93503259160625, 5.053104466462253, -35.38226124541015, -16.853001254454025)
(0.3818190097808838, -25.93503259160625, 5.053104466462253, -35.38226124541015, -16.85349781720727)
(0.47997403144836426, -26.311844338864397, 4.934379156833915, -36.49874274311556, -16.852779499723873)
(0.5468034744262695, -26.311844338864397, 4.934379156833915, -36.49874274311556, -16.865575120205044)
(0.595587968826294, -26.311844338864397, 4.934379156833915, -36.49874274311556, -16.865575120205044)
(0.6398093700408936, -26.674506979431115, 4.723665255037191, -38.61116138399217, -16.889695665705855)
(0.7194576263427734, -26.674506979431115, 4.723665255037191, -38.61116138399217, -16.889695665705855)
(0.815403938293457, -26.674506979431115, 4.723665255037191, -38.61116138399217, -16.895185277756603)
(0.8816730976104736, -26.73150682518931, 4.959741034222244, -41.403845852378964, -16.915778698468458)
(0.9315943717956543, -26.73150682518931, 4.959741034222244, -41.403845852378964, -16.932838291948727)
(0.9771547317504883, -26.73150682518931, 4.959741034222244, -41.403845852378964, -16.932838291948727)
(1.022430419921875, -26.73150682518931, 4.959741034222244, -41.403845852378964, -16.932838291948727)
(1.069669485092163, -26.82024164379849, 5.409044433337021, -44.208536269750304, -16.9295143952127)
(1.1466164588928223, -26.82024164379849, 5.409044433337021, -44.208536269750304, -16.869532387020097)
(1.23655104637146, -26.654929251050273, 6.295250581842204, -46.836461087146304, -16.86351084738887)
(1.3398680686950684, -26.654929251050273, 6.295250581842204, -46.836461087146304, -16.848231123938177)
(1.4625263214111328, -26.310258853601304, 7.626415893183038, -48.523225414599686, -16.803705738199277)
(1.4914348125457764, -26.310258853601304, 7.626415893183038, -48.523225414599686, -16.803705738199277)
(1.5282726287841797, -26.310258853601304, 7.626415893183038, -48.523225414599686, -16.803705738199277)
(1.5523085594177246, -26.310258853601304, 7.626415893183038, -48.523225414599686, -16.78152468558109)
(1.5660006999969482, -26.310258853601304, 7.626415893183038, -48.523225414599686, -16.78152468558109)
(1.6050617694854736, -25.892134652415464, 9.404735718764895, -49.77576008113566, -16.758056948462233)
(1.6226940155029297, -25.892134652415464, 9.404735718764895, -49.77576008113566, -16.758056948462233)
(1.6366093158721924, -25.892134652415464, 9.404735718764895, -49.77576008113566, -16.758056948462233)
(1.6545212268829346, -25.892134652415464, 9.404735718764895, -49.77576008113566, -16.758056948462233)
(1.687802791595459, -25.892134652415464, 9.404735718764895, -49.77576008113566, -16.758056948462233)
(1.7410507202148438, -25.892134652415464, 9.404735718764895, -49.77576008113566, -16.745383300822766)
(1.7792892456054688, -25.892134652415464, 9.404735718764895, -49.77576008113566, -16.745383300822766)
(1.8037779331207275, -25.698195116586934, 11.058765318720889, -51.57313139415537, -16.740718821385904)
(1.8458952903747559, -25.698195116586934, 11.058765318720889, -51.57313139415537, -16.740718821385904)
(1.871553659439087, -25.698195116586934, 11.058765318720889, -51.57313139415537, -16.740718821385904)
(1.9330213069915771, -25.698195116586934, 11.058765318720889, -51.57313139415537, -16.734032099556522)
(1.9620614051818848, -25.698195116586934, 11.058765318720889, -51.57313139415537, -16.734032099556522)
(1.9944038391113281, -25.698195116586934, 11.058765318720889, -51.57313139415537, -16.734032099556522)
(2.0338313579559326, -25.41458610220204, 12.880791847733107, -54.10405271021831, -16.731731824653174)
(2.055422067642212, -25.41458610220204, 12.880791847733107, -54.10405271021831, -16.731731824653174)
(2.0837180614471436, -25.41458610220204, 12.880791847733107, -54.10405271021831, -16.731731824653174)
(2.1028430461883545, -25.41458610220204, 12.880791847733107, -54.10405271021831, -16.738735673073357)
(2.1201889514923096, -25.41458610220204, 12.880791847733107, -54.10405271021831, -16.738735673073357)
(2.1341335773468018, -25.41458610220204, 12.880791847733107, -54.10405271021831, -16.738735673073357)
(2.1669392585754395, -25.41458610220204, 12.880791847733107, -54.10405271021831, -16.738735673073357)
(2.3882393836975098, -25.152064630939723, 14.754995641290627, -57.143234374725886, -16.701370122518135)
(2.429638147354126, -25.021811773282458, 16.61896579870178, -59.64838523922612, -16.654271757560444)
(2.585286855697632, -25.021811773282458, 16.61896579870178, -59.64838523922612, -16.64219753013235)
(2.6942412853240967, -24.95310527916, 18.416310125798486, -62.595373800665534, -16.65616760372916)
(2.741508960723877, -24.95310527916, 18.416310125798486, -62.595373800665534, -16.654467803308535)
(2.7985427379608154, -24.95310527916, 18.416310125798486, -62.595373800665534, -16.654467803308535)
(2.938875198364258, -24.544488667589025, 20.115299615699595, -63.675671384089895, -16.644817387704197)
(2.9965579509735107, -24.544488667589025, 20.115299615699595, -63.675671384089895, -16.644817387704197)
(3.0425972938537598, -24.409101143425602, 21.54140442007403, -63.7677846441564, -16.678069909927352)
(3.085991621017456, -24.409101143425602, 21.54140442007403, -63.7677846441564, -16.678069909927352)
(3.1288695335388184, -24.409101143425602, 21.54140442007403, -63.7677846441564, -16.68745032476361)
(3.171973466873169, -24.409101143425602, 21.54140442007403, -63.7677846441564, -16.68745032476361)
(3.243628978729248, -24.227802510088758, 23.146155565953453, -63.62938723369557, -16.731388267123968)
(3.3320488929748535, -24.227802510088758, 23.146155565953453, -63.62938723369557, -16.768661725768403)
(3.4265875816345215, -24.227802510088758, 23.146155565953453, -63.62938723369557, -16.768661725768403)
(3.488854169845581, -23.837602864610005, 24.32545975813199, -62.93003439055947, -16.802133580664247)
(3.5370185375213623, -23.837602864610005, 24.32545975813199, -62.93003439055947, -16.82367587080251)
(3.5810837745666504, -23.837602864610005, 24.32545975813199, -62.93003439055947, -16.82367587080251)
(3.6239285469055176, -23.837602864610005, 24.32545975813199, -62.93003439055947, -16.82367587080251)
(3.641425371170044, -23.437982464689984, 25.424803368374803, -62.031458626345795, -16.85534666474994)
(3.6671621799468994, -23.437982464689984, 25.424803368374803, -62.031458626345795, -16.85534666474994)
(3.6948347091674805, -23.437982464689984, 25.424803368374803, -62.031458626345795, -16.85534666474994)
(3.7228331565856934, -23.437982464689984, 25.424803368374803, -62.031458626345795, -16.85534666474994)
(3.7525668144226074, -23.437982464689984, 25.424803368374803, -62.031458626345795, -16.87282575508847)
(3.78774094581604, -23.437982464689984, 25.424803368374803, -62.031458626345795, -16.87282575508847)
(3.817126750946045, -23.38362227765623, 26.673941471421625, -60.927158175275196, -16.894656621512613)
(3.8449363708496094, -23.38362227765623, 26.673941471421625, -60.927158175275196, -16.894656621512613)
(3.8706085681915283, -23.38362227765623, 26.673941471421625, -60.927158175275196, -16.894656621512613)
(3.904860258102417, -23.38362227765623, 26.673941471421625, -60.927158175275196, -16.905829127049458)
(3.9367551803588867, -23.38362227765623, 26.673941471421625, -60.927158175275196, -16.905829127049458)
(3.968350648880005, -23.38362227765623, 26.673941471421625, -60.927158175275196, -16.905829127049458)
(4.00164270401001, -23.266174666603717, 28.48063032082194, -59.53505642356736, -16.946177317172733)
(4.042038202285767, -23.266174666603717, 28.48063032082194, -59.53505642356736, -16.946177317172733)
(4.0582334995269775, -23.266174666603717, 28.48063032082194, -59.53505642356736, -16.946177317172733)
(4.0995705127716064, -23.266174666603717, 28.48063032082194, -59.53505642356736, -16.97354671186282)
(4.118711233139038, -23.266174666603717, 28.48063032082194, -59.53505642356736, -16.97354671186282)
(4.133098602294922, -23.266174666603717, 28.48063032082194, -59.53505642356736, -16.97354671186282)
(4.152346134185791, -23.266174666603717, 28.48063032082194, -59.53505642356736, -16.97354671186282)
(4.170050621032715, -23.266174666603717, 28.48063032082194, -59.53505642356736, -16.97354671186282)
(4.4041383266448975, -23.79872742498554, 32.20172116544718, -57.05668774942663, -17.009117160376636)
(4.428891897201538, -23.79872742498554, 32.20172116544718, -57.05668774942663, -17.009117160376636)
(4.461309909820557, -23.79872742498554, 32.20172116544718, -57.05668774942663, -17.009117160376636)
(4.4865946769714355, -23.79872742498554, 32.20172116544718, -57.05668774942663, -17.009117160376636)
(4.50108790397644, -23.79872742498554, 32.20172116544718, -57.05668774942663, -17.009117160376636)
(4.542089939117432, -23.79872742498554, 32.20172116544718, -57.05668774942663, -17.032639176420854)
(4.55634069442749, -23.79872742498554, 32.20172116544718, -57.05668774942663, -17.032639176420854)
(4.570633172988892, -23.79872742498554, 32.20172116544718, -57.05668774942663, -17.032639176420854)
(4.585072040557861, -23.79872742498554, 32.20172116544718, -57.05668774942663, -17.032639176420854)
(4.598869323730469, -23.79872742498554, 32.20172116544718, -57.05668774942663, -17.032639176420854)
(4.632741689682007, -24.263145852406076, 33.99434907548047, -55.854180518171525, -17.059517388607333)
(4.65798807144165, -24.263145852406076, 33.99434907548047, -55.854180518171525, -17.059517388607333)
(4.672190427780151, -24.263145852406076, 33.99434907548047, -55.854180518171525, -17.059517388607333)
(4.6866679191589355, -24.263145852406076, 33.99434907548047, -55.854180518171525, -17.059517388607333)
(4.700477361679077, -24.263145852406076, 33.99434907548047, -55.854180518171525, -17.059517388607333)
(4.715675592422485, -24.263145852406076, 33.99434907548047, -55.854180518171525, -17.08239440178415)
(4.733773469924927, -24.263145852406076, 33.99434907548047, -55.854180518171525, -17.08239440178415)
(4.753037691116333, -24.263145852406076, 33.99434907548047, -55.854180518171525, -17.08239440178415)
(4.768022775650024, -24.263145852406076, 33.99434907548047, -55.854180518171525, -17.08239440178415)
(4.782599925994873, -24.263145852406076, 33.99434907548047, -55.854180518171525, -17.08239440178415)
(4.8211350440979, -24.913841130081412, 36.117700229061185, -54.82016333224304, -17.110244639155017)
(4.854490041732788, -24.913841130081412, 36.117700229061185, -54.82016333224304, -17.110244639155017)
(4.88137412071228, -24.913841130081412, 36.117700229061185, -54.82016333224304, -17.110244639155017)
(4.906908988952637, -24.913841130081412, 36.117700229061185, -54.82016333224304, -17.110244639155017)
(4.9351348876953125, -24.913841130081412, 36.117700229061185, -54.82016333224304, -17.1277200943653)
(4.959174394607544, -24.913841130081412, 36.117700229061185, -54.82016333224304, -17.1277200943653)
(4.983249664306641, -24.913841130081412, 36.117700229061185, -54.82016333224304, -17.1277200943653)
(4.999295234680176, -24.913841130081412, 36.117700229061185, -54.82016333224304, -17.1277200943653)
(5.018653869628906, -26.435677552582867, 38.165537841486746, -54.12738145396739, -17.13616439865929)
(5.035945653915405, -26.435677552582867, 38.165537841486746, -54.12738145396739, -17.13616439865929)
(5.536925554275513, -28.523056290326974, 42.75828947304998, -54.28235321596659, -17.076293638073196)
(6.037813901901245, -31.469117575327754, 50.264855270124514, -55.00447368661622, -16.81948283749695, 'fly')
(6.2087507247924805, -32.33841018326187, 53.680430097836265, -55.148225580964294, -14.16689573249997, 'fly')
(6.265840530395508, -32.33841018326187, 53.680430097836265, -55.148225580964294, -14.16689573249997, 'fly')
(6.312438726425171, -32.33841018326187, 53.680430097836265, -55.148225580964294, -10.344754714135485, 'fly')
(6.35534143447876, -32.33841018326187, 53.680430097836265, -55.148225580964294, -10.344754714135485, 'fly')
(6.397403240203857, -32.33841018326187, 53.680430097836265, -55.148225580964294, -10.344754714135485, 'fly')
(6.439741611480713, -33.12285164848085, 57.47767936686227, -55.39500588622456, -6.5143457673160166, 'fly')
(6.4830896854400635, -33.12285164848085, 57.47767936686227, -55.39500588622456, -6.5143457673160166, 'fly')
(6.52584433555603, -33.12285164848085, 57.47767936686227, -55.39500588622456, -2.6171908212951696, 'fly')
(6.569425582885742, -33.12285164848085, 57.47767936686227, -55.39500588622456, -2.6171908212951696, 'fly')
(6.612313270568848, -33.74354401378803, 61.07316016201284, -55.38216612509085, 0.1867791985653433, 'fly')
(6.654811859130859, -33.74354401378803, 61.07316016201284, -55.38216612509085, 0.1867791985653433, 'fly')
(6.697617769241333, -33.74354401378803, 61.07316016201284, -55.38216612509085, 0.1867791985653433, 'fly')
(6.740273952484131, -33.74354401378803, 61.07316016201284, -55.38216612509085, 2.5743152434143006, 'fly')
(6.782806873321533, -33.74354401378803, 61.07316016201284, -55.38216612509085, 2.5743152434143006, 'fly')
(6.8250732421875, -34.14685778830328, 66.13802379152872, -55.453881914595954, 6.4378782679385385, 'fly')
(6.868887424468994, -34.14685778830328, 66.13802379152872, -55.453881914595954, 6.4378782679385385, 'fly')
(6.911297082901001, -34.14685778830328, 66.13802379152872, -55.453881914595954, 6.4378782679385385, 'fly')
(6.954041957855225, -34.14685778830328, 66.13802379152872, -55.453881914595954, 9.16473832016172, 'fly')
(6.996528625488281, -34.14685778830328, 66.13802379152872, -55.453881914595954, 9.16473832016172, 'fly')
(7.039692640304565, -34.18264683966458, 71.54825097909382, -55.61508004775345, 10.586461681640428, 'fly')
(7.1171581745147705, -34.18264683966458, 71.54825097909382, -55.61508004775345, 11.114044975764328, 'fly')
(7.188263654708862, -34.18264683966458, 71.54825097909382, -55.61508004775345, 11.114044975764328, 'fly')
(7.254258632659912, -33.614348665043856, 77.44973574800309, -56.08234876044703, 11.575072963740771, 'fly')
(7.301107406616211, -33.614348665043856, 77.44973574800309, -56.08234876044703, 11.575072963740771, 'fly')
(7.352828025817871, -33.614348665043856, 77.44973574800309, -56.08234876044703, 11.97045474850473, 'fly')
(7.402743577957153, -33.614348665043856, 77.44973574800309, -56.08234876044703, 11.97045474850473, 'fly')
(7.447260856628418, -32.84187035604581, 83.07174724641186, -56.29681076835856, 12.968939527476275, 'fly')
(7.491625547409058, -32.84187035604581, 83.07174724641186, -56.29681076835856, 12.968939527476275, 'fly')
(7.535549879074097, -32.84187035604581, 83.07174724641186, -56.29681076835856, 13.86625797322037, 'fly')
(7.579538822174072, -32.84187035604581, 83.07174724641186, -56.29681076835856, 13.86625797322037, 'fly')
(7.623207092285156, -32.84187035604581, 83.07174724641186, -56.29681076835856, 13.86625797322037, 'fly')
(7.669658899307251, -31.309099680392148, 88.28506829695691, -56.098144171402986, 14.464286382384026, 'fly')
(7.714519739151001, -31.309099680392148, 88.28506829695691, -56.098144171402986, 14.464286382384026, 'fly')
(7.759421110153198, -31.309099680392148, 88.28506829695691, -56.098144171402986, 14.63135844426038, 'fly')
(7.803685903549194, -31.309099680392148, 88.28506829695691, -56.098144171402986, 14.63135844426038, 'fly')
(7.876504421234131, -29.849484301855693, 93.64601304226224, -55.77300872493733, 14.524886613434576, 'fly')
(7.947677135467529, -29.849484301855693, 93.64601304226224, -55.77300872493733, 14.58725225680829, 'fly')
(8.021288394927979, -29.849484301855693, 93.64601304226224, -55.77300872493733, 14.58725225680829, 'fly')
(8.070963382720947, -27.839378012037923, 99.3090458469492, -55.291490848811826, 14.637726950605744, 'fly')
(8.095278024673462, -27.839378012037923, 99.3090458469492, -55.291490848811826, 14.637726950605744, 'fly')
(8.11220908164978, -27.839378012037923, 99.3090458469492, -55.291490848811826, 14.637726950605744, 'fly')
(8.130615472793579, -27.839378012037923, 99.3090458469492, -55.291490848811826, 14.637726950605744, 'fly')
(8.146057844161987, -27.839378012037923, 99.3090458469492, -55.291490848811826, 14.624963433616363, 'fly')
(8.160701036453247, -27.839378012037923, 99.3090458469492, -55.291490848811826, 14.624963433616363, 'fly')
(8.1819486618042, -27.839378012037923, 99.3090458469492, -55.291490848811826, 14.624963433616363, 'fly')
(8.207467555999756, -25.807033836761732, 105.05273635100501, -54.960466891075, 14.612542072407672, 'fly')
(8.24636960029602, -25.807033836761732, 105.05273635100501, -54.960466891075, 14.612542072407672, 'fly')
(8.285668134689331, -25.807033836761732, 105.05273635100501, -54.960466891075, 14.612542072407672, 'fly')
(8.31904911994934, -25.807033836761732, 105.05273635100501, -54.960466891075, 14.636892500997641, 'fly')
(8.356467723846436, -25.807033836761732, 105.05273635100501, -54.960466891075, 14.636892500997641, 'fly')
(8.387796401977539, -25.807033836761732, 105.05273635100501, -54.960466891075, 14.636892500997641, 'fly')
(8.404534816741943, -23.858507548220736, 110.80536180887799, -54.88576677796121, 14.640578519743142, 'fly')
(8.420371294021606, -23.858507548220736, 110.80536180887799, -54.88576677796121, 14.640578519743142, 'fly')
(8.43620491027832, -23.858507548220736, 110.80536180887799, -54.88576677796121, 14.640578519743142, 'fly')
(8.470618963241577, -23.858507548220736, 110.80536180887799, -54.88576677796121, 14.640578519743142, 'fly')
(8.486145257949829, -23.858507548220736, 110.80536180887799, -54.88576677796121, 14.640578519743142, 'fly')
(8.501940250396729, -23.858507548220736, 110.80536180887799, -54.88576677796121, 14.623654754565594, 'fly')
(8.529001235961914, -23.858507548220736, 110.80536180887799, -54.88576677796121, 14.623654754565594, 'fly')
(8.543883323669434, -23.858507548220736, 110.80536180887799, -54.88576677796121, 14.623654754565594, 'fly')
(8.55908727645874, -23.858507548220736, 110.80536180887799, -54.88576677796121, 14.623654754565594, 'fly')
(8.579077243804932, -23.858507548220736, 110.80536180887799, -54.88576677796121, 14.623654754565594, 'fly')
(8.594179391860962, -23.858507548220736, 110.80536180887799, -54.88576677796121, 14.623654754565594, 'fly')
(8.628450632095337, -22.35249348195896, 115.92819023407343, -55.050415979265274, 14.58857306501839, 'fly')
(8.646063566207886, -22.35249348195896, 115.92819023407343, -55.050415979265274, 14.58857306501839, 'fly')
(8.660817384719849, -22.35249348195896, 115.92819023407343, -55.050415979265274, 14.58857306501839, 'fly')
(8.679388284683228, -22.35249348195896, 115.92819023407343, -55.050415979265274, 14.58857306501839, 'fly')
(8.694403648376465, -22.35249348195896, 115.92819023407343, -55.050415979265274, 14.58857306501839, 'fly')
(8.741156101226807, -22.35249348195896, 115.92819023407343, -55.050415979265274, 14.55492193615755, 'fly')
(8.760013341903687, -22.35249348195896, 115.92819023407343, -55.050415979265274, 14.55492193615755, 'fly')
(8.793134927749634, -22.35249348195896, 115.92819023407343, -55.050415979265274, 14.55492193615755, 'fly')
(8.82103157043457, -20.337268719910114, 121.35760985152857, -55.08507456484094, 14.54686991033496, 'fly')
(8.836296319961548, -20.337268719910114, 121.35760985152857, -55.08507456484094, 14.54686991033496, 'fly')
(8.852012634277344, -20.337268719910114, 121.35760985152857, -55.08507456484094, 14.54686991033496, 'fly')
(8.88629937171936, -20.337268719910114, 121.35760985152857, -55.08507456484094, 14.54686991033496, 'fly')
(9.1145920753479, -18.613648864927228, 126.32887227770176, -55.02510042239157, 14.631718992440907, 'fly')
(9.14668893814087, -18.613648864927228, 126.32887227770176, -55.02510042239157, 14.631718992440907, 'fly')
(9.162534475326538, -18.613648864927228, 126.32887227770176, -55.02510042239157, 14.631718992440907, 'fly')
(9.178942680358887, -18.613648864927228, 126.32887227770176, -55.02510042239157, 14.631718992440907, 'fly')
(9.194316148757935, -18.613648864927228, 126.32887227770176, -55.02510042239157, 14.631718992440907, 'fly')
(9.21283769607544, -18.613648864927228, 126.32887227770176, -55.02510042239157, 14.631718992440907, 'fly')
(9.432738542556763, -19.581434393698306, 126.28333074977712, -56.34968380800516, 14.899591475769322, 'fly')
(9.448426961898804, -19.581434393698306, 126.28333074977712, -56.34968380800516, 14.899591475769322, 'fly')
(9.463797092437744, -19.581434393698306, 126.28333074977712, -56.34968380800516, 14.899591475769322, 'fly')
(9.484312295913696, -19.581434393698306, 126.28333074977712, -56.34968380800516, 14.899591475769322, 'fly')
(9.505227088928223, -19.581434393698306, 126.28333074977712, -56.34968380800516, 14.899591475769322, 'fly')
(9.520119190216064, -19.581434393698306, 126.28333074977712, -56.34968380800516, 14.899591475769322, 'fly')
(9.536296606063843, -19.581434393698306, 126.28333074977712, -56.34968380800516, 14.83333292421995, 'fly')
(9.586719036102295, -19.581434393698306, 126.28333074977712, -56.34968380800516, 14.83333292421995, 'fly')
(9.63451361656189, -19.611894037372686, 127.32124305867308, -56.108452591341134, 14.613144744556108, 'fly')
(9.663194179534912, -19.611894037372686, 127.32124305867308, -56.108452591341134, 14.613144744556108, 'fly')
(9.694749355316162, -19.611894037372686, 127.32124305867308, -56.108452591341134, 14.613144744556108, 'fly')
(9.757057905197144, -19.611894037372686, 127.32124305867308, -56.108452591341134, 14.429727524745877, 'fly')
(9.782962083816528, -19.611894037372686, 127.32124305867308, -56.108452591341134, 14.429727524745877, 'fly')
(9.853925704956055, -20.474776205152978, 126.08954356284794, -55.83921233711314, 14.411794163728105, 'fly')
('min', -45.40328570710223, 147.90568139391667, -56.629120935002646)
('max', -9.608819467205986, 171.1253570106544, -54.88013952299804)
('dlp', -27.048885123107475, 158.12553354169358, -55.18860228733639, 14.589631081135778)