====================== HEADER ======================
Odometry data will folow format (time, x, y, z, yaw)
Landing site: (-1, x, y, z, yaw)
X = left and right
Y = foraward backward
Z = height
=====================================================
('min', -65.97311002608404, 179.94473342634518, 32.29681328379667)
('max', -31.993365847113182, 197.4252736832574, 34.198925993645176)
('dlp', -50.45180025090638, 189.70503183638377, 33.86605626942169, 17.594668562653165)
(0, -48.733960068663336, 28.47284335161249, 56.62328070999634, -9.755642094874318)
(0.0001678466796875, -48.733960068663336, 28.47284335161249, 56.62328070999634, -9.755642094874318)
(0.01947927474975586, -48.733960068663336, 28.47284335161249, 56.62328070999634, -9.755642094874318)
(0.032366275787353516, -48.733960068663336, 28.47284335161249, 56.62328070999634, -9.755642094874318)
(0.045937299728393555, -48.733960068663336, 28.47284335161249, 56.62328070999634, -9.755642094874318)
(0.059828758239746094, -48.733960068663336, 28.47284335161249, 56.62328070999634, -9.755642094874318)
(0.11357474327087402, -48.733960068663336, 28.47284335161249, 56.62328070999634, -9.753664181987881)
(0.16100525856018066, -48.733960068663336, 28.47284335161249, 56.62328070999634, -9.753664181987881)
(0.1973559856414795, -48.39949254971818, 28.48186234601193, 56.303954118330374, -9.782748977292258)
(0.22673869132995605, -48.39949254971818, 28.48186234601193, 56.303954118330374, -9.782748977292258)
(0.2591090202331543, -48.39949254971818, 28.48186234601193, 56.303954118330374, -9.782748977292258)
(0.29053330421447754, -48.39949254971818, 28.48186234601193, 56.303954118330374, -9.79096303112995)
(0.335247278213501, -48.39949254971818, 28.48186234601193, 56.303954118330374, -9.79096303112995)
(0.36859631538391113, -48.39064486510807, 28.49450221640078, 55.12634352491837, -9.776285432621586)
(0.43123865127563477, -48.39064486510807, 28.49450221640078, 55.12634352491837, -9.776285432621586)
(0.44913649559020996, -48.39064486510807, 28.49450221640078, 55.12634352491837, -9.776285432621586)
(0.4966306686401367, -48.39064486510807, 28.49450221640078, 55.12634352491837, -9.782605582403601)
(0.515617847442627, -48.39064486510807, 28.49450221640078, 55.12634352491837, -9.782605582403601)
(0.5790910720825195, -48.529102877305995, 28.983676631806333, 52.87903037665565, -9.772439504577662)
(0.6143238544464111, -48.529102877305995, 28.983676631806333, 52.87903037665565, -9.772439504577662)
(0.6407268047332764, -48.529102877305995, 28.983676631806333, 52.87903037665565, -9.772439504577662)
(0.6780362129211426, -48.529102877305995, 28.983676631806333, 52.87903037665565, -9.776381116668196)
(0.7052690982818604, -48.529102877305995, 28.983676631806333, 52.87903037665565, -9.776381116668196)
(0.7203857898712158, -48.529102877305995, 28.983676631806333, 52.87903037665565, -9.776381116668196)
(0.7346429824829102, -48.529102877305995, 28.983676631806333, 52.87903037665565, -9.776381116668196)
(0.7645130157470703, -48.529102877305995, 28.983676631806333, 52.87903037665565, -9.776381116668196)
(0.778806209564209, -48.849667584148854, 28.996410146521768, 49.973899292421535, -9.766958568824682)
(0.7972850799560547, -48.849667584148854, 28.996410146521768, 49.973899292421535, -9.766958568824682)
(0.8115484714508057, -48.849667584148854, 28.996410146521768, 49.973899292421535, -9.766958568824682)
(0.8336443901062012, -48.849667584148854, 28.996410146521768, 49.973899292421535, -9.766958568824682)
(0.8536677360534668, -48.849667584148854, 28.996410146521768, 49.973899292421535, -9.766958568824682)
(0.8709282875061035, -48.849667584148854, 28.996410146521768, 49.973899292421535, -9.766958568824682)
(0.9003498554229736, -48.849667584148854, 28.996410146521768, 49.973899292421535, -9.746209805215209)
(0.928410530090332, -48.849667584148854, 28.996410146521768, 49.973899292421535, -9.746209805215209)
(0.9427988529205322, -48.849667584148854, 28.996410146521768, 49.973899292421535, -9.746209805215209)
(0.9577045440673828, -48.849667584148854, 28.996410146521768, 49.973899292421535, -9.746209805215209)
(0.9834766387939453, -49.557074296627206, 28.864970200570596, 46.69923299305463, -9.749849293069584)
(1.0089609622955322, -49.557074296627206, 28.864970200570596, 46.69923299305463, -9.749849293069584)
(1.2382354736328125, -50.23497610506148, 28.722530498209387, 43.163698990517595, -9.755859398483263)
(1.2928133010864258, -50.23497610506148, 28.722530498209387, 43.163698990517595, -9.755859398483263)
(1.385911464691162, -50.727850357322446, 28.36748386271957, 39.53809308060468, -9.756652757100312)
(1.515897512435913, -50.727850357322446, 28.36748386271957, 39.53809308060468, -9.745108932785396)
(1.566758155822754, -51.482656086057816, 28.226592402079213, 36.22621909765981, -9.76195424271069)
(1.6118862628936768, -51.482656086057816, 28.226592402079213, 36.22621909765981, -9.76195424271069)
(1.659670352935791, -51.482656086057816, 28.226592402079213, 36.22621909765981, -9.805677017860564)
(1.7219443321228027, -51.482656086057816, 28.226592402079213, 36.22621909765981, -9.805677017860564)
(1.7935113906860352, -52.29042693058146, 27.960508692700902, 34.232641304446844, -9.80860217368884)
(1.8825249671936035, -52.29042693058146, 27.960508692700902, 34.232641304446844, -9.789335467356496)
(1.9355933666229248, -52.29042693058146, 27.960508692700902, 34.232641304446844, -9.789335467356496)
(1.981987714767456, -52.95623806119191, 27.248726810007827, 32.739218439915454, -9.806464568614597)
(2.0399997234344482, -52.95623806119191, 27.248726810007827, 32.739218439915454, -9.806464568614597)
(2.07123064994812, -52.95623806119191, 27.248726810007827, 32.739218439915454, -9.819976734230934)
(2.1026782989501953, -52.95623806119191, 27.248726810007827, 32.739218439915454, -9.819976734230934)
(2.137573003768921, -52.95623806119191, 27.248726810007827, 32.739218439915454, -9.819976734230934)
(2.169487237930298, -53.38032928065969, 26.400750898492962, 31.625083998131444, -9.834940817923624)
(2.1968650817871094, -53.38032928065969, 26.400750898492962, 31.625083998131444, -9.834940817923624)
(2.218858003616333, -53.38032928065969, 26.400750898492962, 31.625083998131444, -9.834940817923624)
(2.2376513481140137, -53.38032928065969, 26.400750898492962, 31.625083998131444, -9.834940817923624)
(2.2525832653045654, -53.38032928065969, 26.400750898492962, 31.625083998131444, -9.834940817923624)
(2.3154497146606445, -53.38032928065969, 26.400750898492962, 31.625083998131444, -9.803652348794209)
(2.55972957611084, -53.375422350198036, 25.268960692652755, 30.656198621092354, -9.784504967623832)
(2.572906494140625, -53.29926300605062, 24.04377447779646, 29.119393161200147, -9.791656648799528)
(2.586419105529785, -53.29926300605062, 24.04377447779646, 29.119393161200147, -9.791656648799528)
(2.599712371826172, -53.29926300605062, 24.04377447779646, 29.119393161200147, -9.791656648799528)
(2.613572597503662, -53.29926300605062, 24.04377447779646, 29.119393161200147, -9.791656648799528)
(2.627448320388794, -53.29926300605062, 24.04377447779646, 29.119393161200147, -9.791656648799528)
(2.6416900157928467, -53.29926300605062, 24.04377447779646, 29.119393161200147, -9.791656648799528)
(2.655250072479248, -53.29926300605062, 24.04377447779646, 29.119393161200147, -9.791656648799528)
(2.682239532470703, -53.29926300605062, 24.04377447779646, 29.119393161200147, -9.811166297942009)
(2.6972029209136963, -53.29926300605062, 24.04377447779646, 29.119393161200147, -9.811166297942009)
(2.711735725402832, -53.29926300605062, 24.04377447779646, 29.119393161200147, -9.811166297942009)
(2.7256054878234863, -53.29926300605062, 24.04377447779646, 29.119393161200147, -9.811166297942009)
(2.767181158065796, -53.29926300605062, 24.04377447779646, 29.119393161200147, -9.811166297942009)
(2.7813141345977783, -53.19808184211058, 22.920955950790766, 27.354355027095167, -9.812960677419568)
(2.798480749130249, -53.19808184211058, 22.920955950790766, 27.354355027095167, -9.812960677419568)
(2.8123459815979004, -53.19808184211058, 22.920955950790766, 27.354355027095167, -9.812960677419568)
(2.8384897708892822, -53.19808184211058, 22.920955950790766, 27.354355027095167, -9.812960677419568)
(2.868483543395996, -53.19808184211058, 22.920955950790766, 27.354355027095167, -9.812960677419568)
(2.883436441421509, -53.19808184211058, 22.920955950790766, 27.354355027095167, -9.796609241208987)
(2.900644302368164, -53.19808184211058, 22.920955950790766, 27.354355027095167, -9.796609241208987)
(2.9171807765960693, -53.19808184211058, 22.920955950790766, 27.354355027095167, -9.796609241208987)
(2.9349758625030518, -53.19808184211058, 22.920955950790766, 27.354355027095167, -9.796609241208987)
(2.9499194622039795, -53.19808184211058, 22.920955950790766, 27.354355027095167, -9.796609241208987)
(2.992154359817505, -52.972802297830775, 21.672345299379167, 25.7942278823858, -9.78658091120295)
(3.174243450164795, -52.972802297830775, 21.672345299379167, 25.7942278823858, -9.808846868419781)
(3.228851079940796, -52.912696663816035, 21.337159495317955, 24.826040333655367, -9.814544151165759)
(3.276130199432373, -52.912696663816035, 21.337159495317955, 24.826040333655367, -9.814544151165759)
(3.3206191062927246, -52.912696663816035, 21.337159495317955, 24.826040333655367, -9.819867828699456)
(3.4012093544006348, -52.951093626115195, 21.469255061248806, 25.019750310072183, -9.791556840190552)
(3.4961280822753906, -52.951093626115195, 21.469255061248806, 25.019750310072183, -9.82318174617102)
(3.565877676010132, -52.6419519119432, 20.957772097871466, 26.039629795915403, -9.786778431015126)
(3.6131222248077393, -52.6419519119432, 20.957772097871466, 26.039629795915403, -9.786778431015126)
(3.656055450439453, -52.6419519119432, 20.957772097871466, 26.039629795915403, -9.757772950093155)
(3.7338063716888428, -52.6419519119432, 20.957772097871466, 26.039629795915403, -9.757772950093155)
(3.8243956565856934, -52.16981707240556, 20.5197967495983, 27.30213838981725, -9.712439026334776)
(3.896665573120117, -52.16981707240556, 20.5197967495983, 27.30213838981725, -9.679751963248545)
(3.9443180561065674, -51.75473388138917, 20.584972956493367, 28.6909621612216, -9.6904610474744)
(3.9868767261505127, -51.75473388138917, 20.584972956493367, 28.6909621612216, -9.6904610474744)
(4.0624840259552, -51.75473388138917, 20.584972956493367, 28.6909621612216, -9.683672838960693)
(4.162071943283081, -51.54783891318488, 20.387109974019445, 29.988733935890906, -9.67292892026643)
(4.231394529342651, -51.54783891318488, 20.387109974019445, 29.988733935890906, -9.67292892026643)
(4.278158187866211, -51.54783891318488, 20.387109974019445, 29.988733935890906, -9.645591754708125)
(4.321700096130371, -51.54783891318488, 20.387109974019445, 29.988733935890906, -9.645591754708125)
(4.398374795913696, -51.19407574603764, 19.86402515849204, 31.315761746112518, -9.630067158818461)
(4.488616466522217, -51.19407574603764, 19.86402515849204, 31.315761746112518, -9.600063015740147)
(4.556948184967041, -51.19407574603764, 19.86402515849204, 31.315761746112518, -9.600063015740147)
(4.605545997619629, -50.65647969596648, 19.107615700744514, 32.441666533371745, -9.594385003206035)
(4.648886442184448, -50.65647969596648, 19.107615700744514, 32.441666533371745, -9.594385003206035)
(5.149714469909668, -49.928547909591195, 17.553258428156028, 33.25465083617446, -9.62786765100898)
(5.650671005249023, -50.08358332196112, 15.706628963819988, 32.910838525530046, -9.670328152638298, 'fly')
(5.757723569869995, -50.391433897895475, 15.508696526022428, 32.79973450468744, -9.655485395652029, 'fly')
(5.855241060256958, -50.391433897895475, 15.508696526022428, 32.79973450468744, -7.306621936560685, 'fly')
(5.942733287811279, -50.72819965211852, 16.592035806427376, 32.75899319443881, -3.7880306171201594, 'fly')
(6.041667938232422, -50.72819965211852, 16.592035806427376, 32.75899319443881, -0.24485904001322645, 'fly')
(6.105647802352905, -50.72819965211852, 16.592035806427376, 32.75899319443881, -0.24485904001322645, 'fly')
(6.162501096725464, -50.79739860480055, 17.583113206273957, 32.767885981739546, 3.32209737960025, 'fly')
(6.213542461395264, -50.79739860480055, 17.583113206273957, 32.767885981739546, 3.32209737960025, 'fly')
(6.257523536682129, -50.79739860480055, 17.583113206273957, 32.767885981739546, 6.926318031865972, 'fly')
(6.30780029296875, -50.79739860480055, 17.583113206273957, 32.767885981739546, 6.926318031865972, 'fly')
(6.3592400550842285, -51.033979149375426, 18.80805799689592, 32.92177567402272, 8.945260469822575, 'fly')
(6.410001277923584, -51.033979149375426, 18.80805799689592, 32.92177567402272, 8.945260469822575, 'fly')
(6.453854322433472, -51.033979149375426, 18.80805799689592, 32.92177567402272, 10.239999302579246, 'fly')
(6.504340410232544, -51.033979149375426, 18.80805799689592, 32.92177567402272, 10.239999302579246, 'fly')
(6.554545164108276, -51.21613228415244, 20.551265995589834, 33.17315752166218, 12.139467408516982, 'fly')
(6.6011738777160645, -51.21613228415244, 20.551265995589834, 33.17315752166218, 12.139467408516982, 'fly')
(6.654210090637207, -51.21613228415244, 20.551265995589834, 33.17315752166218, 14.253260252816432, 'fly')
(6.670585632324219, -51.21613228415244, 20.551265995589834, 33.17315752166218, 14.253260252816432, 'fly')
(6.682727575302124, -51.21613228415244, 20.551265995589834, 33.17315752166218, 14.253260252816432, 'fly')
(6.701376914978027, -51.21613228415244, 20.551265995589834, 33.17315752166218, 14.253260252816432, 'fly')
(6.8628764152526855, -51.04187146607403, 22.91321874344733, 33.35554411489343, 18.454435669877736, 'fly')
(6.898779392242432, -51.04187146607403, 22.91321874344733, 33.35554411489343, 18.454435669877736, 'fly')
(6.927006483078003, -51.04187146607403, 22.91321874344733, 33.35554411489343, 18.454435669877736, 'fly')
(6.9648449420928955, -50.65869595909487, 25.54143926559254, 33.91217073903691, 19.64167561584759, 'fly')
(6.999738454818726, -50.65869595909487, 25.54143926559254, 33.91217073903691, 19.64167561584759, 'fly')
(7.0395684242248535, -50.65869595909487, 25.54143926559254, 33.91217073903691, 19.64167561584759, 'fly')
(7.071107625961304, -50.65869595909487, 25.54143926559254, 33.91217073903691, 20.107494597787163, 'fly')
(7.109488487243652, -50.65869595909487, 25.54143926559254, 33.91217073903691, 20.107494597787163, 'fly')
(7.135524034500122, -50.65869595909487, 25.54143926559254, 33.91217073903691, 20.107494597787163, 'fly')
(7.153156995773315, -50.65869595909487, 25.54143926559254, 33.91217073903691, 20.107494597787163, 'fly')
(7.169586658477783, -50.00144165461467, 28.45361254042656, 34.618982342554595, 19.864012344241726, 'fly')
(7.185320138931274, -50.00144165461467, 28.45361254042656, 34.618982342554595, 19.864012344241726, 'fly')
(7.2254579067230225, -50.00144165461467, 28.45361254042656, 34.618982342554595, 19.864012344241726, 'fly')
(7.240442514419556, -50.00144165461467, 28.45361254042656, 34.618982342554595, 19.864012344241726, 'fly')
(7.270398139953613, -50.00144165461467, 28.45361254042656, 34.618982342554595, 19.321870264038104, 'fly')
(7.288531541824341, -50.00144165461467, 28.45361254042656, 34.618982342554595, 19.321870264038104, 'fly')
(7.303686618804932, -50.00144165461467, 28.45361254042656, 34.618982342554595, 19.321870264038104, 'fly')
(7.318769454956055, -50.00144165461467, 28.45361254042656, 34.618982342554595, 19.321870264038104, 'fly')
(7.3346710205078125, -50.00144165461467, 28.45361254042656, 34.618982342554595, 19.321870264038104, 'fly')
(7.349419355392456, -50.00144165461467, 28.45361254042656, 34.618982342554595, 19.321870264038104, 'fly')
(7.38135027885437, -49.0485790697523, 31.423857787048785, 35.379111049967385, 18.737243995176176, 'fly')
(7.396646738052368, -49.0485790697523, 31.423857787048785, 35.379111049967385, 18.737243995176176, 'fly')
(7.416077613830566, -49.0485790697523, 31.423857787048785, 35.379111049967385, 18.737243995176176, 'fly')
(7.431360244750977, -49.0485790697523, 31.423857787048785, 35.379111049967385, 18.737243995176176, 'fly')
(7.446978330612183, -49.0485790697523, 31.423857787048785, 35.379111049967385, 18.737243995176176, 'fly')
(7.461644887924194, -49.0485790697523, 31.423857787048785, 35.379111049967385, 18.737243995176176, 'fly')
(7.476364850997925, -49.0485790697523, 31.423857787048785, 35.379111049967385, 18.177192980958687, 'fly')
(7.493365526199341, -49.0485790697523, 31.423857787048785, 35.379111049967385, 18.177192980958687, 'fly')
(7.525253534317017, -49.0485790697523, 31.423857787048785, 35.379111049967385, 18.177192980958687, 'fly')
(7.549063682556152, -49.0485790697523, 31.423857787048785, 35.379111049967385, 18.177192980958687, 'fly')
(7.569737434387207, -49.0485790697523, 31.423857787048785, 35.379111049967385, 18.177192980958687, 'fly')
(7.584563970565796, -47.94718746745364, 34.54612359263441, 35.888281483997666, 17.710151797291434, 'fly')
(7.784365653991699, -46.65874245498556, 37.75798598409988, 36.23592327699572, 17.7222879727558, 'fly')
(7.9705116748809814, -45.31207553171465, 40.88599456855594, 35.670227778435994, 20.992891190399142, 'fly')
(8.006754398345947, -45.31207553171465, 40.88599456855594, 35.670227778435994, 20.992891190399142, 'fly')
(8.02266788482666, -45.31207553171465, 40.88599456855594, 35.670227778435994, 20.992891190399142, 'fly')
(8.067249298095703, -45.31207553171465, 40.88599456855594, 35.670227778435994, 20.885510800112268, 'fly')
(8.082633256912231, -45.31207553171465, 40.88599456855594, 35.670227778435994, 20.885510800112268, 'fly')
(8.105627536773682, -45.31207553171465, 40.88599456855594, 35.670227778435994, 20.885510800112268, 'fly')
(8.147344827651978, -44.47353177070109, 43.9226662102118, 34.6337942298409, 19.055401084010317, 'fly')
(8.179171800613403, -44.47353177070109, 43.9226662102118, 34.6337942298409, 19.055401084010317, 'fly')
(8.194974660873413, -44.47353177070109, 43.9226662102118, 34.6337942298409, 19.055401084010317, 'fly')
(8.210467338562012, -44.47353177070109, 43.9226662102118, 34.6337942298409, 19.055401084010317, 'fly')
(8.248665571212769, -44.47353177070109, 43.9226662102118, 34.6337942298409, 17.71560445151271, 'fly')
(8.272845029830933, -44.47353177070109, 43.9226662102118, 34.6337942298409, 17.71560445151271, 'fly')
(8.291378259658813, -44.47353177070109, 43.9226662102118, 34.6337942298409, 17.71560445151271, 'fly')
(8.307398319244385, -44.47353177070109, 43.9226662102118, 34.6337942298409, 17.71560445151271, 'fly')
(8.344739437103271, -43.59276260397927, 47.672154936419254, 33.96730906707435, 17.02324137606143, 'fly')
(8.373340368270874, -43.59276260397927, 47.672154936419254, 33.96730906707435, 17.02324137606143, 'fly')
(8.388665437698364, -43.59276260397927, 47.672154936419254, 33.96730906707435, 17.02324137606143, 'fly')
(8.404426097869873, -43.59276260397927, 47.672154936419254, 33.96730906707435, 17.02324137606143, 'fly')
(8.41955018043518, -43.59276260397927, 47.672154936419254, 33.96730906707435, 17.02324137606143, 'fly')
(8.522070169448853, -43.59276260397927, 47.672154936419254, 33.96730906707435, 16.926296274421233, 'fly')
(8.555084466934204, -42.765932438017686, 51.457585373559006, 33.864520118243895, 17.041740108277487, 'fly')
(8.60187840461731, -42.765932438017686, 51.457585373559006, 33.864520118243895, 17.041740108277487, 'fly')
(8.644764184951782, -42.765932438017686, 51.457585373559006, 33.864520118243895, 17.041740108277487, 'fly')
(8.67621111869812, -42.765932438017686, 51.457585373559006, 33.864520118243895, 17.30955058562458, 'fly')
(8.723191499710083, -42.765932438017686, 51.457585373559006, 33.864520118243895, 17.30955058562458, 'fly')
(8.761826515197754, -41.9966848337952, 55.50428330394761, 33.981816564451314, 17.681347430515537, 'fly')
(8.786164999008179, -41.9966848337952, 55.50428330394761, 33.981816564451314, 17.681347430515537, 'fly')
(8.849267959594727, -41.9966848337952, 55.50428330394761, 33.981816564451314, 17.681347430515537, 'fly')
(8.88209581375122, -41.9966848337952, 55.50428330394761, 33.981816564451314, 17.830254488562602, 'fly')
(8.9177405834198, -41.9966848337952, 55.50428330394761, 33.981816564451314, 17.830254488562602, 'fly')
(8.945365905761719, -41.9966848337952, 55.50428330394761, 33.981816564451314, 17.830254488562602, 'fly')
(8.981393814086914, -41.733093055884545, 59.202047051617605, 34.14993920056952, 17.903031408502066, 'fly')
(8.999035358428955, -41.733093055884545, 59.202047051617605, 34.14993920056952, 17.903031408502066, 'fly')
(9.017092227935791, -41.733093055884545, 59.202047051617605, 34.14993920056952, 17.903031408502066, 'fly')
(9.034610033035278, -41.733093055884545, 59.202047051617605, 34.14993920056952, 17.903031408502066, 'fly')
(9.050288915634155, -41.733093055884545, 59.202047051617605, 34.14993920056952, 17.903031408502066, 'fly')
(9.065141916275024, -41.733093055884545, 59.202047051617605, 34.14993920056952, 17.914843836553082, 'fly')
(9.231078386306763, -41.65786626378157, 62.87041291083629, 34.29156504163481, 17.94874500498798, 'fly')
(9.256930589675903, -41.65786626378157, 62.87041291083629, 34.29156504163481, 17.94874500498798, 'fly')
(9.280184507369995, -41.65786626378157, 62.87041291083629, 34.29156504163481, 17.909102792670485, 'fly')
(9.306968450546265, -41.65786626378157, 62.87041291083629, 34.29156504163481, 17.909102792670485, 'fly')
(9.487996816635132, -40.94822528628786, 66.9716993681839, 34.23959207540049, 17.903813781462556, 'fly')
(9.518632650375366, -40.94822528628786, 66.9716993681839, 34.23959207540049, 17.903813781462556, 'fly')
(9.547534942626953, -40.94822528628786, 66.9716993681839, 34.23959207540049, 17.903813781462556, 'fly')
(9.574425220489502, -41.30079384238888, 71.3007912876789, 33.96408697132502, 17.886526814759115, 'fly')
(9.596400737762451, -41.30079384238888, 71.3007912876789, 33.96408697132502, 17.886526814759115, 'fly')
(9.618229627609253, -41.30079384238888, 71.3007912876789, 33.96408697132502, 17.886526814759115, 'fly')
(9.637219429016113, -41.30079384238888, 71.3007912876789, 33.96408697132502, 17.886526814759115, 'fly')
(9.65381145477295, -41.30079384238888, 71.3007912876789, 33.96408697132502, 17.886526814759115, 'fly')
(9.67013168334961, -41.30079384238888, 71.3007912876789, 33.96408697132502, 17.886526814759115, 'fly')
(9.686656713485718, -41.30079384238888, 71.3007912876789, 33.96408697132502, 17.867088727800983, 'fly')
(9.71441388130188, -41.30079384238888, 71.3007912876789, 33.96408697132502, 17.867088727800983, 'fly')
(9.741823673248291, -41.30079384238888, 71.3007912876789, 33.96408697132502, 17.867088727800983, 'fly')
(9.78823208808899, -41.663668272750286, 75.98038228162163, 33.6867806253546, 17.858230129850227, 'fly')
(9.807971954345703, -41.663668272750286, 75.98038228162163, 33.6867806253546, 17.858230129850227, 'fly')
(9.821085929870605, -41.663668272750286, 75.98038228162163, 33.6867806253546, 17.858230129850227, 'fly')
(9.834158897399902, -41.663668272750286, 75.98038228162163, 33.6867806253546, 17.858230129850227, 'fly')
(9.847858428955078, -41.663668272750286, 75.98038228162163, 33.6867806253546, 17.858230129850227, 'fly')
(9.862030029296875, -41.663668272750286, 75.98038228162163, 33.6867806253546, 17.858230129850227, 'fly')
(9.876361608505249, -41.663668272750286, 75.98038228162163, 33.6867806253546, 17.858230129850227, 'fly')
(9.892608642578125, -41.663668272750286, 75.98038228162163, 33.6867806253546, 17.81980971414197, 'fly')
(9.98637866973877, -41.88985908137546, 80.38771813227426, 33.428815656474534, 17.809379178484882, 'fly')
(10.020969867706299, -41.88985908137546, 80.38771813227426, 33.428815656474534, 17.809379178484882, 'fly')
(10.058976888656616, -41.88985908137546, 80.38771813227426, 33.428815656474534, 17.809379178484882, 'fly')
(10.097570180892944, -41.88985908137546, 80.38771813227426, 33.428815656474534, 17.799224284562136, 'fly')
(10.113362789154053, -41.88985908137546, 80.38771813227426, 33.428815656474534, 17.799224284562136, 'fly')
(10.129093408584595, -41.88985908137546, 80.38771813227426, 33.428815656474534, 17.799224284562136, 'fly')
(10.196256637573242, -42.80099850508498, 84.97105520266814, 33.11663331445479, 17.826731687545365, 'fly')
(10.24651551246643, -42.80099850508498, 84.97105520266814, 33.11663331445479, 17.846223579378925, 'fly')
(10.280137062072754, -42.80099850508498, 84.97105520266814, 33.11663331445479, 17.846223579378925, 'fly')
(10.316211700439453, -42.80099850508498, 84.97105520266814, 33.11663331445479, 17.846223579378925, 'fly')
(10.333425760269165, -42.80099850508498, 84.97105520266814, 33.11663331445479, 17.846223579378925, 'fly')
(10.396732807159424, -43.376571339773896, 89.74064099008308, 33.14709534355221, 17.860029757879634, 'fly')
(10.611484050750732, -43.78673870712965, 94.63323498393697, 33.34610681326726, 17.927528102262407, 'fly')
(10.639182090759277, -43.78673870712965, 94.63323498393697, 33.34610681326726, 17.927528102262407, 'fly')
(10.655518293380737, -43.78673870712965, 94.63323498393697, 33.34610681326726, 17.93200378902489, 'fly')
(10.675933837890625, -43.78673870712965, 94.63323498393697, 33.34610681326726, 17.93200378902489, 'fly')
(10.709429502487183, -43.78673870712965, 94.63323498393697, 33.34610681326726, 17.93200378902489, 'fly')
(10.733350038528442, -43.78673870712965, 94.63323498393697, 33.34610681326726, 17.93200378902489, 'fly')
(10.750779867172241, -44.38910009948489, 99.33353288853799, 33.40465948059551, 17.987101665509165, 'fly')
(10.76556658744812, -44.38910009948489, 99.33353288853799, 33.40465948059551, 17.987101665509165, 'fly')
(10.788176774978638, -44.38910009948489, 99.33353288853799, 33.40465948059551, 17.987101665509165, 'fly')
(10.812652349472046, -44.38910009948489, 99.33353288853799, 33.40465948059551, 17.987101665509165, 'fly')
(10.839237689971924, -44.38910009948489, 99.33353288853799, 33.40465948059551, 17.987101665509165, 'fly')
(10.87333607673645, -44.38910009948489, 99.33353288853799, 33.40465948059551, 18.069553023070444, 'fly')
(10.888149976730347, -44.38910009948489, 99.33353288853799, 33.40465948059551, 18.069553023070444, 'fly')
(10.906953811645508, -44.38910009948489, 99.33353288853799, 33.40465948059551, 18.069553023070444, 'fly')
(10.935791969299316, -44.38910009948489, 99.33353288853799, 33.40465948059551, 18.069553023070444, 'fly')
(10.965131282806396, -44.99950072957855, 104.18701495305957, 33.56570093019249, 18.20712445122429, 'fly')
(10.981058835983276, -44.99950072957855, 104.18701495305957, 33.56570093019249, 18.20712445122429, 'fly')
(10.995877742767334, -44.99950072957855, 104.18701495305957, 33.56570093019249, 18.20712445122429, 'fly')
(11.012178421020508, -44.99950072957855, 104.18701495305957, 33.56570093019249, 18.20712445122429, 'fly')
(11.026981115341187, -44.99950072957855, 104.18701495305957, 33.56570093019249, 18.20712445122429, 'fly')
(11.041965961456299, -44.99950072957855, 104.18701495305957, 33.56570093019249, 18.20712445122429, 'fly')
(11.05811333656311, -44.99950072957855, 104.18701495305957, 33.56570093019249, 18.680566342705838, 'fly')
(11.25804877281189, -45.61245689768598, 108.9837581736649, 33.64470485925545, 19.086980475733878, 'fly')
(11.323564529418945, -45.61245689768598, 108.9837581736649, 33.64470485925545, 18.032919376060445, 'fly')
(11.411967754364014, -46.00759029404151, 113.9784444928079, 33.83798303503282, 15.735161386283746, 'fly')
(11.510215520858765, -46.00759029404151, 113.9784444928079, 33.83798303503282, 15.509784266158544, 'fly')
(11.584960222244263, -45.6436787901914, 118.54015533600871, 33.91380257780495, 17.643706238791225, 'fly')
(11.63121247291565, -45.6436787901914, 118.54015533600871, 33.91380257780495, 17.643706238791225, 'fly')
(11.681703329086304, -45.6436787901914, 118.54015533600871, 33.91380257780495, 19.736341463526138, 'fly')
(11.7246413230896, -45.6436787901914, 118.54015533600871, 33.91380257780495, 19.736341463526138, 'fly')
(11.82055377960205, -46.050780720980384, 122.50543513134804, 34.01047472002886, 20.078553723633846, 'fly')
(11.921205520629883, -46.050780720980384, 122.50543513134804, 34.01047472002886, 19.11065244534118, 'fly')
(11.977817058563232, -45.89156824656309, 126.87674481907733, 34.21737444527638, 18.544270395154577, 'fly')
(12.024362802505493, -45.89156824656309, 126.87674481907733, 34.21737444527638, 18.544270395154577, 'fly')
(12.108397960662842, -45.89156824656309, 126.87674481907733, 34.21737444527638, 18.19964768215338, 'fly')
(12.201512336730957, -45.76386439315367, 131.40281753437284, 34.241454641225985, 18.2613776046457, 'fly')
(12.271582841873169, -45.76386439315367, 131.40281753437284, 34.241454641225985, 18.2613776046457, 'fly')
(12.31934642791748, -45.76386439315367, 131.40281753437284, 34.241454641225985, 18.36481327551495, 'fly')
(12.400810718536377, -45.59695550459891, 135.38931012264635, 34.113777759660195, 18.375047452654986, 'fly')
(12.49325156211853, -45.59695550459891, 135.38931012264635, 34.113777759660195, 18.398622379635857, 'fly')
(12.592206001281738, -44.99278085971746, 139.98971266412335, 34.35229406420539, 18.266377901251847, 'fly')
(12.716625690460205, -44.99278085971746, 139.98971266412335, 34.35229406420539, 18.007322276736232, 'fly')
(12.770975828170776, -44.51891434806996, 144.86965096207973, 34.37839505674198, 17.757045392440364, 'fly')
(12.815743207931519, -44.51891434806996, 144.86965096207973, 34.37839505674198, 17.757045392440364, 'fly')
(12.859516859054565, -44.51891434806996, 144.86965096207973, 34.37839505674198, 17.487713542571182, 'fly')
(12.877516269683838, -44.51891434806996, 144.86965096207973, 34.37839505674198, 17.487713542571182, 'fly')
(12.8901686668396, -44.51891434806996, 144.86965096207973, 34.37839505674198, 17.487713542571182, 'fly')
(12.916766166687012, -44.51891434806996, 144.86965096207973, 34.37839505674198, 17.487713542571182, 'fly')
(12.93529224395752, -44.51891434806996, 144.86965096207973, 34.37839505674198, 17.487713542571182, 'fly')
(12.96032428741455, -44.289603775699725, 149.65164805760165, 34.42903864095653, 17.18674070861355, 'fly')
(12.985843896865845, -44.289603775699725, 149.65164805760165, 34.42903864095653, 17.18674070861355, 'fly')
(13.169422388076782, -43.848681381911895, 154.44081111854186, 34.78165475842046, 16.82595043062932, 'fly')
(13.200123071670532, -43.848681381911895, 154.44081111854186, 34.78165475842046, 16.82595043062932, 'fly')
(13.388121604919434, -43.440324222766954, 159.67122843386423, 34.8556195101683, 16.83427941435855, 'fly')
(13.412904500961304, -43.440324222766954, 159.67122843386423, 34.8556195101683, 16.83427941435855, 'fly')
(13.432669639587402, -43.440324222766954, 159.67122843386423, 34.8556195101683, 16.83427941435855, 'fly')
(13.452309131622314, -43.440324222766954, 159.67122843386423, 34.8556195101683, 16.83427941435855, 'fly')
(13.496276140213013, -43.440324222766954, 159.67122843386423, 34.8556195101683, 16.767586284660833, 'fly')
(13.53726577758789, -43.440324222766954, 159.67122843386423, 34.8556195101683, 16.767586284660833, 'fly')
(13.567195415496826, -43.485134192704265, 164.82214736683784, 35.017582139795124, 16.58544483267372, 'fly')
(13.593343734741211, -43.485134192704265, 164.82214736683784, 35.017582139795124, 16.58544483267372, 'fly')
(13.621123552322388, -43.485134192704265, 164.82214736683784, 35.017582139795124, 16.58544483267372, 'fly')
(13.649600505828857, -43.485134192704265, 164.82214736683784, 35.017582139795124, 16.58544483267372, 'fly')
(13.686844110488892, -43.485134192704265, 164.82214736683784, 35.017582139795124, 16.453361746070883, 'fly')
(13.73928689956665, -43.485134192704265, 164.82214736683784, 35.017582139795124, 16.453361746070883, 'fly')
(13.77118182182312, -43.23502016961639, 169.92573272206093, 35.07650414398936, 16.367090241204632, 'fly')
(13.803669214248657, -43.23502016961639, 169.92573272206093, 35.07650414398936, 16.367090241204632, 'fly')
(13.835901737213135, -43.23502016961639, 169.92573272206093, 35.07650414398936, 16.367090241204632, 'fly')
(13.881320238113403, -43.23502016961639, 169.92573272206093, 35.07650414398936, 16.371696078465845, 'fly')
(13.90863585472107, -43.23502016961639, 169.92573272206093, 35.07650414398936, 16.371696078465845, 'fly')
(13.928019046783447, -43.23502016961639, 169.92573272206093, 35.07650414398936, 16.371696078465845, 'fly')
(13.943605661392212, -43.23502016961639, 169.92573272206093, 35.07650414398936, 16.371696078465845, 'fly')
(13.983760118484497, -43.677983258485995, 174.81405195608528, 35.29868681693842, 16.388840091960255, 'fly')
(14.003664493560791, -43.677983258485995, 174.81405195608528, 35.29868681693842, 16.388840091960255, 'fly')
(14.018490076065063, -43.677983258485995, 174.81405195608528, 35.29868681693842, 16.388840091960255, 'fly')
(14.038159370422363, -43.677983258485995, 174.81405195608528, 35.29868681693842, 16.388840091960255, 'fly')
(14.071911811828613, -43.677983258485995, 174.81405195608528, 35.29868681693842, 16.388840091960255, 'fly')
(14.107248306274414, -43.677983258485995, 174.81405195608528, 35.29868681693842, 16.992380492991725, 'fly')
(14.1414213180542, -43.677983258485995, 174.81405195608528, 35.29868681693842, 16.992380492991725, 'fly')
(14.175433158874512, -43.677983258485995, 174.81405195608528, 35.29868681693842, 16.992380492991725, 'fly')
(14.204405546188354, -45.71610509153886, 177.04773603138878, 34.87633226875758, 17.20877803722495, 'fly')
('min', -65.97311002608404, 179.94473342634518, 32.29681328379667)
('max', -31.993365847113182, 197.4252736832574, 34.198925993645176)
('dlp', -50.45180025090638, 189.70503183638377, 33.86605626942169, 17.594668562653165)