====================== HEADER ======================
Odometry data will folow format (time, x, y, z, yaw)
Landing site: (-1, x, y, z, yaw)
X = left and right
Y = foraward backward
Z = height
=====================================================
('min', -98.88052275938443, 156.78476934531653, -40.166079708135726)
('max', -75.63039929341272, 164.02129691617523, -39.69770745958725)
('dlp', -81.80919921035479, 160.06443877377603, -40.166079708135726, 2.7354496930639645)
(0, -85.21038033893232, 27.935901190496754, -17.13466882005403, -14.107872208098675)
(0.000202178955078125, -85.14664969195042, 27.859003492347462, -17.21574416270508, -14.107872208098675)
(0.08939194679260254, -85.14664969195042, 27.859003492347462, -17.21574416270508, -14.077260228768946)
(0.1829216480255127, -85.29772262740029, 27.513997629072055, -17.276721258847537, -14.03848063191248)
(0.24579668045043945, -85.29772262740029, 27.513997629072055, -17.276721258847537, -14.03848063191248)
(0.294677734375, -85.29772262740029, 27.513997629072055, -17.276721258847537, -14.0431151752551)
(0.3389153480529785, -85.29772262740029, 27.513997629072055, -17.276721258847537, -14.0431151752551)
(0.3827536106109619, -85.13500564815232, 27.30364756266304, -18.489407207090228, -14.058900304143897)
(0.42570996284484863, -85.13500564815232, 27.30364756266304, -18.489407207090228, -14.058900304143897)
(0.46935391426086426, -85.13500564815232, 27.30364756266304, -18.489407207090228, -14.096619033301941)
(0.5428831577301025, -85.13500564815232, 27.30364756266304, -18.489407207090228, -14.096619033301941)
(0.6311149597167969, -84.51619602777961, 27.406662696191013, -21.098153379184815, -14.11207394460942)
(0.7345895767211914, -84.51619602777961, 27.406662696191013, -21.098153379184815, -14.131825997244114)
(0.8416991233825684, -83.52535950220967, 27.460432323288018, -24.252535163801625, -14.092902239481615)
(0.8970210552215576, -83.52535950220967, 27.460432323288018, -24.252535163801625, -14.10500980923928)
(0.9889676570892334, -81.8852905975237, 27.419705316364926, -27.734680722786276, -14.080782340368714)
(1.0823438167572021, -81.8852905975237, 27.419705316364926, -27.734680722786276, -14.097600578251589)
(1.1480660438537598, -81.8852905975237, 27.419705316364926, -27.734680722786276, -14.097600578251589)
(1.1973257064819336, -79.85761164623955, 27.66028018086606, -31.23495111637784, -14.088641298382289)
(1.242008924484253, -79.85761164623955, 27.66028018086606, -31.23495111637784, -14.088641298382289)
(1.2852373123168945, -79.85761164623955, 27.66028018086606, -31.23495111637784, -14.088641298382289)
(1.3286311626434326, -79.85761164623955, 27.66028018086606, -31.23495111637784, -14.104533578209344)
(1.371934175491333, -79.85761164623955, 27.66028018086606, -31.23495111637784, -14.104533578209344)
(1.4448597431182861, -77.16767030290137, 28.002102548269683, -33.85537832965859, -14.111554479505433)
(1.5325090885162354, -77.16767030290137, 28.002102548269683, -33.85537832965859, -14.154957350546429)
(1.6062726974487305, -74.70534934244445, 28.110108773479404, -35.80905054322465, -14.149885966537733)
(1.6951100826263428, -74.70534934244445, 28.110108773479404, -35.80905054322465, -14.149885966537733)
(1.8006277084350586, -72.19173133551509, 28.463989241094563, -37.82386947193677, -14.222027734553672)
(1.8972539901733398, -72.19173133551509, 28.463989241094563, -37.82386947193677, -14.222027734553672)
(1.9612782001495361, -72.19173133551509, 28.463989241094563, -37.82386947193677, -14.255772582371748)
(2.010333776473999, -70.01449992450459, 28.895238925038793, -39.810137813874796, -14.250858647467922)
(2.0541694164276123, -70.01449992450459, 28.895238925038793, -39.810137813874796, -14.285066766314026)
(2.0971169471740723, -70.01449992450459, 28.895238925038793, -39.810137813874796, -14.285066766314026)
(2.164637804031372, -67.97408320451834, 29.342277961572144, -42.004946120656, -14.27046238544953)
(2.260925769805908, -67.97408320451834, 29.342277961572144, -42.004946120656, -14.235862822018195)
(2.338991641998291, -67.97408320451834, 29.342277961572144, -42.004946120656, -14.235862822018195)
(2.430265188217163, -66.37867931243936, 29.561788428454243, -43.81836147645224, -14.268178581818994)
(2.5561344623565674, -66.37867931243936, 29.561788428454243, -43.81836147645224, -14.291699589354035)
(2.675525188446045, -65.17577924567807, 29.739125168473635, -44.73739480419208, -14.308997372448143)
(2.7321383953094482, -65.17577924567807, 29.739125168473635, -44.73739480419208, -14.308997372448143)
(2.9033563137054443, -64.1876515286205, 29.764399656280993, -45.451924440933134, -14.341230575093599)
(2.924078941345215, -64.1876515286205, 29.764399656280993, -45.451924440933134, -14.341230575093599)
(2.9825470447540283, -63.65487753582915, 30.129318198093827, -45.98433600440919, -14.349922620895509)
(3.017610549926758, -63.65487753582915, 30.129318198093827, -45.98433600440919, -14.349922620895509)
(3.074997663497925, -63.65487753582915, 30.129318198093827, -45.98433600440919, -14.328364463062838)
(3.113926649093628, -63.65487753582915, 30.129318198093827, -45.98433600440919, -14.328364463062838)
(3.1404857635498047, -63.65487753582915, 30.129318198093827, -45.98433600440919, -14.328364463062838)
(3.1602067947387695, -63.65487753582915, 30.129318198093827, -45.98433600440919, -14.328364463062838)
(3.180683135986328, -63.65313854176643, 30.31766752424805, -46.38626941604689, -14.30003185419147)
(3.20029616355896, -63.65313854176643, 30.31766752424805, -46.38626941604689, -14.30003185419147)
(3.2183985710144043, -63.65313854176643, 30.31766752424805, -46.38626941604689, -14.30003185419147)
(3.2326905727386475, -63.65313854176643, 30.31766752424805, -46.38626941604689, -14.30003185419147)
(3.2790215015411377, -63.65313854176643, 30.31766752424805, -46.38626941604689, -14.295922344849949)
(3.2936508655548096, -63.65313854176643, 30.31766752424805, -46.38626941604689, -14.295922344849949)
(3.3087949752807617, -63.65313854176643, 30.31766752424805, -46.38626941604689, -14.295922344849949)
(3.3268558979034424, -63.65313854176643, 30.31766752424805, -46.38626941604689, -14.295922344849949)
(3.3592047691345215, -63.65313854176643, 30.31766752424805, -46.38626941604689, -14.295922344849949)
(3.373950958251953, -63.65313854176643, 30.31766752424805, -46.38626941604689, -14.295922344849949)
(3.3911020755767822, -63.76705033435613, 30.40372078756501, -46.57830928583308, -14.28865146823972)
(3.4562602043151855, -63.76705033435613, 30.40372078756501, -46.57830928583308, -14.28865146823972)
(3.5022265911102295, -63.76705033435613, 30.40372078756501, -46.57830928583308, -14.274791076440295)
(3.5442192554473877, -63.76705033435613, 30.40372078756501, -46.57830928583308, -14.274791076440295)
(3.5792837142944336, -63.76705033435613, 30.40372078756501, -46.57830928583308, -14.274791076440295)
(3.6140661239624023, -64.18595390229997, 30.287629770280645, -46.394216875528386, -14.241854192370377)
(3.629814624786377, -64.18595390229997, 30.287629770280645, -46.394216875528386, -14.241854192370377)
(3.748236894607544, -64.18595390229997, 30.287629770280645, -46.394216875528386, -14.203555557153202)
(3.8526504039764404, -65.04053256890124, 30.02961621102342, -45.83588544418435, -14.167651919612334)
(3.908694267272949, -65.04053256890124, 30.02961621102342, -45.83588544418435, -14.144753046613397)
(3.9559593200683594, -65.04053256890124, 30.02961621102342, -45.83588544418435, -14.144753046613397)
(3.9992926120758057, -66.31645817857871, 29.55181841328392, -45.2850491387742, -14.128231208108508)
(4.042347431182861, -66.31645817857871, 29.55181841328392, -45.2850491387742, -14.128231208108508)
(4.085718393325806, -66.31645817857871, 29.55181841328392, -45.2850491387742, -14.128231208108508)
(4.128886699676514, -66.31645817857871, 29.55181841328392, -45.2850491387742, -14.104099528732775)
(4.172360420227051, -66.31645817857871, 29.55181841328392, -45.2850491387742, -14.104099528732775)
(4.245472431182861, -67.82157108082812, 28.802070429772783, -44.95713472834372, -14.087997795983329)
(4.3333892822265625, -67.82157108082812, 28.802070429772783, -44.95713472834372, -14.046923994007136)
(4.405840635299683, -69.29573867811436, 28.4552490910915, -44.72529315948153, -13.97542294334643)
(4.509882688522339, -69.29573867811436, 28.4552490910915, -44.72529315948153, -13.925954585313079)
(4.606350898742676, -71.0006431572828, 28.02133748759306, -44.346723679363215, -13.882216756433396)
(4.703989744186401, -71.0006431572828, 28.02133748759306, -44.346723679363215, -13.877935871461677)
(4.765723705291748, -72.5004468875191, 27.062776104134297, -44.00911811283171, -13.849545928380422)
(4.893884897232056, -72.5004468875191, 27.062776104134297, -44.00911811283171, -13.812139205032835)
(4.92507004737854, -72.5004468875191, 27.062776104134297, -44.00911811283171, -13.812139205032835)
(4.991594076156616, -73.82217306667252, 26.046284279262544, -43.51893065706322, -13.81241103629243)
(5.031707525253296, -73.82217306667252, 26.046284279262544, -43.51893065706322, -13.81241103629243)
(5.203354120254517, -74.89173480013932, 25.024997666132585, -43.171276946976654, -13.872436690922976)
(5.240130424499512, -74.89173480013932, 25.024997666132585, -43.171276946976654, -13.872436690922976)
(5.259630441665649, -74.89173480013932, 25.024997666132585, -43.171276946976654, -13.872436690922976)
(5.287474870681763, -74.89173480013932, 25.024997666132585, -43.171276946976654, -13.888414858397766)
(5.302574872970581, -74.89173480013932, 25.024997666132585, -43.171276946976654, -13.888414858397766)
(5.319507360458374, -74.89173480013932, 25.024997666132585, -43.171276946976654, -13.888414858397766)
(5.344798564910889, -74.89173480013932, 25.024997666132585, -43.171276946976654, -13.888414858397766)
(5.360648155212402, -74.89173480013932, 25.024997666132585, -43.171276946976654, -13.888414858397766)
(5.380886077880859, -75.82671748108784, 23.858962457570875, -42.711673046722844, -13.86714595726881)
(5.410564661026001, -75.82671748108784, 23.858962457570875, -42.711673046722844, -13.86714595726881)
(5.425616979598999, -75.82671748108784, 23.858962457570875, -42.711673046722844, -13.86714595726881)
(5.441342353820801, -75.82671748108784, 23.858962457570875, -42.711673046722844, -13.86714595726881)
(5.47362756729126, -75.82671748108784, 23.858962457570875, -42.711673046722844, -13.86714595726881)
(5.4920289516448975, -75.82671748108784, 23.858962457570875, -42.711673046722844, -13.869113605285236)
(5.523787260055542, -75.82671748108784, 23.858962457570875, -42.711673046722844, -13.869113605285236)
(5.552181720733643, -75.82671748108784, 23.858962457570875, -42.711673046722844, -13.869113605285236)
(5.567036151885986, -75.82671748108784, 23.858962457570875, -42.711673046722844, -13.869113605285236)
(5.788589954376221, -77.68935108431836, 21.375667704061783, -40.96514367815137, -13.929839892367927)
(5.808161497116089, -77.68935108431836, 21.375667704061783, -40.96514367815137, -13.929839892367927)
(5.823922395706177, -77.68935108431836, 21.375667704061783, -40.96514367815137, -13.929839892367927)
(5.842525005340576, -77.68935108431836, 21.375667704061783, -40.96514367815137, -13.929839892367927)
(5.895263910293579, -77.68935108431836, 21.375667704061783, -40.96514367815137, -13.900761829096282)
(5.950400114059448, -77.68935108431836, 21.375667704061783, -40.96514367815137, -13.900761829096282)
(6.00229549407959, -78.29206991687546, 20.003396494627193, -39.793416974468734, -13.886159943716486)
(6.042534589767456, -78.29206991687546, 20.003396494627193, -39.793416974468734, -13.886159943716486)
(6.075743198394775, -78.29206991687546, 20.003396494627193, -39.793416974468734, -13.886159943716486)
(6.090803146362305, -78.29206991687546, 20.003396494627193, -39.793416974468734, -13.896700573188088)
(6.107836723327637, -78.29206991687546, 20.003396494627193, -39.793416974468734, -13.896700573188088)
(6.123266696929932, -78.29206991687546, 20.003396494627193, -39.793416974468734, -13.896700573188088)
(6.158949613571167, -78.29206991687546, 20.003396494627193, -39.793416974468734, -13.896700573188088)
(6.173673868179321, -78.29206991687546, 20.003396494627193, -39.793416974468734, -13.896700573188088)
(6.20181131362915, -78.73877592552412, 18.60333369675867, -38.60308626166561, -13.912638118565424)
(6.217996120452881, -78.73877592552412, 18.60333369675867, -38.60308626166561, -13.912638118565424)
(6.259528636932373, -78.73877592552412, 18.60333369675867, -38.60308626166561, -13.912638118565424)
(6.306187629699707, -78.73877592552412, 18.60333369675867, -38.60308626166561, -13.89863561958479)
(6.323431015014648, -78.73877592552412, 18.60333369675867, -38.60308626166561, -13.89863561958479)
(6.36162543296814, -78.73877592552412, 18.60333369675867, -38.60308626166561, -13.89863561958479)
(6.376546621322632, -78.73877592552412, 18.60333369675867, -38.60308626166561, -13.89863561958479)
(6.393556356430054, -78.73877592552412, 18.60333369675867, -38.60308626166561, -13.89863561958479)
(6.427514553070068, -78.84702132681606, 17.264007559187405, -37.79768656314829, -13.878742753435475)
(6.447550296783447, -78.84702132681606, 17.264007559187405, -37.79768656314829, -13.878742753435475)
(6.486685752868652, -78.84702132681606, 17.264007559187405, -37.79768656314829, -13.878742753435475)
(6.519942760467529, -78.84702132681606, 17.264007559187405, -37.79768656314829, -13.845002583523366)
(6.550744295120239, -78.84702132681606, 17.264007559187405, -37.79768656314829, -13.845002583523366)
(6.584762096405029, -78.84702132681606, 17.264007559187405, -37.79768656314829, -13.845002583523366)
(6.611330986022949, -78.8029746531992, 15.825624650516788, -37.32658441016867, -13.855425979677458)
(6.651565074920654, -78.8029746531992, 15.825624650516788, -37.32658441016867, -13.855425979677458)
(6.678523302078247, -78.8029746531992, 15.825624650516788, -37.32658441016867, -13.855425979677458)
(6.693692684173584, -78.8029746531992, 15.825624650516788, -37.32658441016867, -13.855425979677458)
(6.737027168273926, -78.8029746531992, 15.825624650516788, -37.32658441016867, -13.839714420941316)
(6.756564140319824, -78.8029746531992, 15.825624650516788, -37.32658441016867, -13.839714420941316)
(6.782677173614502, -78.8029746531992, 15.825624650516788, -37.32658441016867, -13.839714420941316)
(6.798664093017578, -78.8029746531992, 15.825624650516788, -37.32658441016867, -13.839714420941316)
(6.856281518936157, -78.83471626321688, 15.14883755042541, -37.46000420317302, -13.915772010659794)
(6.888709783554077, -78.83471626321688, 15.14883755042541, -37.46000420317302, -13.915772010659794)
(6.905909061431885, -78.83471626321688, 15.14883755042541, -37.46000420317302, -13.915772010659794)
(6.940993309020996, -78.83471626321688, 15.14883755042541, -37.46000420317302, -13.915772010659794)
(6.956036329269409, -78.83471626321688, 15.14883755042541, -37.46000420317302, -13.915772010659794)
(6.991672992706299, -78.79339162552562, 13.94387165202341, -37.94978330917528, -13.889440651619607)
(7.007076263427734, -78.79339162552562, 13.94387165202341, -37.94978330917528, -13.889440651619607)
(7.021519899368286, -78.79339162552562, 13.94387165202341, -37.94978330917528, -13.889440651619607)
(7.035989761352539, -78.79339162552562, 13.94387165202341, -37.94978330917528, -13.889440651619607)
(7.07766056060791, -78.79339162552562, 13.94387165202341, -37.94978330917528, -13.880794186705092)
(7.113374710083008, -78.79339162552562, 13.94387165202341, -37.94978330917528, -13.880794186705092)
(7.154423236846924, -78.79339162552562, 13.94387165202341, -37.94978330917528, -13.880794186705092)
(7.187809944152832, -78.75985677249524, 12.79871200977455, -38.61195619108425, -13.873576583997025)
(7.229617357254028, -78.75985677249524, 12.79871200977455, -38.61195619108425, -13.873576583997025)
(7.267134428024292, -78.75985677249524, 12.79871200977455, -38.61195619108425, -13.89070971575364)
(7.282496690750122, -78.75985677249524, 12.79871200977455, -38.61195619108425, -13.89070971575364)
(7.297333717346191, -78.75985677249524, 12.79871200977455, -38.61195619108425, -13.89070971575364)
(7.31955885887146, -78.75985677249524, 12.79871200977455, -38.61195619108425, -13.89070971575364)
(7.334531545639038, -78.75985677249524, 12.79871200977455, -38.61195619108425, -13.89070971575364)
(7.348960876464844, -78.75985677249524, 12.79871200977455, -38.61195619108425, -13.89070971575364)
(7.363799810409546, -78.75985677249524, 12.79871200977455, -38.61195619108425, -13.89070971575364)
(7.386129856109619, -78.65217117006539, 12.521500412926367, -39.437299085755924, -13.88091807055029)
(7.400675296783447, -78.65217117006539, 12.521500412926367, -39.437299085755924, -13.88091807055029)
(7.414837121963501, -78.65217117006539, 12.521500412926367, -39.437299085755924, -13.88091807055029)
(7.428896903991699, -78.65217117006539, 12.521500412926367, -39.437299085755924, -13.88091807055029)
(7.452676773071289, -78.65217117006539, 12.521500412926367, -39.437299085755924, -13.88091807055029)
(7.467281103134155, -78.65217117006539, 12.521500412926367, -39.437299085755924, -13.88091807055029)
(7.481281995773315, -78.65217117006539, 12.521500412926367, -39.437299085755924, -13.89684081742809)
(7.495453596115112, -78.65217117006539, 12.521500412926367, -39.437299085755924, -13.89684081742809)
(7.510394096374512, -78.65217117006539, 12.521500412926367, -39.437299085755924, -13.89684081742809)
(7.525787830352783, -78.65217117006539, 12.521500412926367, -39.437299085755924, -13.89684081742809)
(7.540393114089966, -78.65217117006539, 12.521500412926367, -39.437299085755924, -13.89684081742809)
(7.555335283279419, -78.65217117006539, 12.521500412926367, -39.437299085755924, -13.89684081742809)
(7.608115911483765, -78.67749664487044, 12.713028416611383, -40.15519314731497, -13.90615019818921)
(7.628955841064453, -78.67749664487044, 12.713028416611383, -40.15519314731497, -13.90615019818921)
(7.672533750534058, -78.67749664487044, 12.713028416611383, -40.15519314731497, -13.90615019818921)
(7.710221290588379, -78.67749664487044, 12.713028416611383, -40.15519314731497, -13.908877412665507)
(7.751748085021973, -78.67749664487044, 12.713028416611383, -40.15519314731497, -13.908877412665507)
(7.768438339233398, -78.67749664487044, 12.713028416611383, -40.15519314731497, -13.908877412665507)
(7.997825384140015, -78.19250230905574, 13.122899995123273, -40.18540179010807, -13.992499085544008)
(8.103149652481079, -78.19250230905574, 13.122899995123273, -40.18540179010807, -14.008570684728035)
(8.16372275352478, -78.19250230905574, 13.122899995123273, -40.18540179010807, -14.008570684728035)
(8.265756368637085, -77.95690537660911, 13.356547420870381, -39.79992893718458, -14.031091451206713)
(8.360076904296875, -77.95690537660911, 13.356547420870381, -39.79992893718458, -14.018691303171336)
(8.428706407546997, -77.83920179029181, 13.343825841621388, -39.22675935983055, -14.014422912792153)
(8.482305526733398, -77.83920179029181, 13.343825841621388, -39.22675935983055, -14.014422912792153)
(8.53042221069336, -77.83920179029181, 13.343825841621388, -39.22675935983055, -14.020018883566497)
(8.573371410369873, -77.83920179029181, 13.343825841621388, -39.22675935983055, -14.020018883566497)
(8.622489213943481, -77.9860974955028, 13.856370284108039, -38.81608731840727, -14.02998825325496)
(8.671695709228516, -77.9860974955028, 13.856370284108039, -38.81608731840727, -14.02998825325496)
(8.715482473373413, -77.9860974955028, 13.856370284108039, -38.81608731840727, -14.04025035020248)
(8.762715339660645, -77.9860974955028, 13.856370284108039, -38.81608731840727, -14.04025035020248)
(8.844246864318848, -78.21500614359906, 14.301241608056205, -39.337280544784775, -14.038547217821382)
(8.92850923538208, -78.21500614359906, 14.301241608056205, -39.337280544784775, -14.02930084639933)
(9.007286071777344, -77.92135782863902, 13.779558269268344, -39.86498424972847, -14.043340477098978)
(9.025598287582397, -77.92135782863902, 13.779558269268344, -39.86498424972847, -14.043340477098978)
(9.038327693939209, -77.92135782863902, 13.779558269268344, -39.86498424972847, -14.043340477098978)
(9.053069829940796, -77.92135782863902, 13.779558269268344, -39.86498424972847, -14.043340477098978)
(9.279113531112671, -77.65497087168374, 12.48861459968893, -40.19697263869481, -14.065393504436901)
(9.301443815231323, -77.65497087168374, 12.48861459968893, -40.19697263869481, -14.065393504436901)
(9.345638275146484, -77.65497087168374, 12.48861459968893, -40.19697263869481, -14.065393504436901)
(9.360214710235596, -77.44122476195439, 11.386659281626976, -40.41688182220457, -14.082202047060687)
(9.381129264831543, -77.44122476195439, 11.386659281626976, -40.41688182220457, -14.082202047060687)
(9.396901845932007, -77.44122476195439, 11.386659281626976, -40.41688182220457, -14.082202047060687)
(9.4481520652771, -77.44122476195439, 11.386659281626976, -40.41688182220457, -14.082202047060687)
(9.493472576141357, -77.44122476195439, 11.386659281626976, -40.41688182220457, -14.135788388101634)
(9.531249761581421, -77.44122476195439, 11.386659281626976, -40.41688182220457, -14.135788388101634)
(9.584808826446533, -77.42284828718134, 10.613304713374056, -40.04051137622421, -14.191915940091096)
(9.617759943008423, -77.42284828718134, 10.613304713374056, -40.04051137622421, -14.191915940091096)
(9.648020505905151, -77.42284828718134, 10.613304713374056, -40.04051137622421, -14.191915940091096)
(9.681530237197876, -77.42284828718134, 10.613304713374056, -40.04051137622421, -14.188894198103572)
(9.697281122207642, -77.42284828718134, 10.613304713374056, -40.04051137622421, -14.188894198103572)
(9.719504117965698, -77.42284828718134, 10.613304713374056, -40.04051137622421, -14.188894198103572)
(9.759647369384766, -77.42284828718134, 10.613304713374056, -40.04051137622421, -14.188894198103572)
(9.776957035064697, -77.4871653079058, 9.504482303367318, -39.62342705501979, -14.1584914560916)
(9.804524898529053, -77.4871653079058, 9.504482303367318, -39.62342705501979, -14.1584914560916)
(9.822979927062988, -77.4871653079058, 9.504482303367318, -39.62342705501979, -14.1584914560916)
(9.847734212875366, -77.4871653079058, 9.504482303367318, -39.62342705501979, -14.1584914560916)
(9.885613679885864, -77.4871653079058, 9.504482303367318, -39.62342705501979, -14.129244984351125)
(9.913486242294312, -77.4871653079058, 9.504482303367318, -39.62342705501979, -14.129244984351125)
(9.949658632278442, -77.4871653079058, 9.504482303367318, -39.62342705501979, -14.129244984351125)
(9.976235389709473, -77.5338977358828, 8.58048699327332, -39.167332910930675, -14.116041422956801)
(10.013051509857178, -77.5338977358828, 8.58048699327332, -39.167332910930675, -14.116041422956801)
(10.06032133102417, -77.5338977358828, 8.58048699327332, -39.167332910930675, -14.116041422956801)
(10.094279766082764, -77.5338977358828, 8.58048699327332, -39.167332910930675, -14.113087050708863)
(10.313103199005127, -77.48998212379995, 7.5599739818349345, -38.96593639814708, -14.14258655298919)
(10.368413209915161, -77.48998212379995, 7.5599739818349345, -38.96593639814708, -14.14258655298919)
(10.456365585327148, -77.26076116578467, 6.095450483513064, -38.743967504853764, -14.14279356116099)
(10.549012422561646, -77.26076116578467, 6.095450483513064, -38.743967504853764, -14.151382525422864)
(10.615670442581177, -77.49243481382959, 4.7146093351493015, -38.57554547844503, -14.153251241098461)
(10.665345430374146, -77.49243481382959, 4.7146093351493015, -38.57554547844503, -14.153251241098461)
(10.71011471748352, -77.49243481382959, 4.7146093351493015, -38.57554547844503, -14.170757992463173)
(10.753727912902832, -77.49243481382959, 4.7146093351493015, -38.57554547844503, -14.170757992463173)
(10.797418355941772, -77.53901259044031, 3.2764708383727994, -38.36088778955224, -14.145940436060952)
(10.841513395309448, -77.53901259044031, 3.2764708383727994, -38.36088778955224, -14.145940436060952)
(10.885339260101318, -77.53901259044031, 3.2764708383727994, -38.36088778955224, -14.145940436060952)
(10.929352045059204, -77.53901259044031, 3.2764708383727994, -38.36088778955224, -14.108683000587174)
(10.973121404647827, -77.53901259044031, 3.2764708383727994, -38.36088778955224, -14.108683000587174)
(11.017282009124756, -77.79838481154893, 2.1217063301510932, -38.29864013682393, -14.10357077975039)
(11.032686710357666, -77.79838481154893, 2.1217063301510932, -38.29864013682393, -14.10357077975039)
(11.05266547203064, -77.79838481154893, 2.1217063301510932, -38.29864013682393, -14.10357077975039)
(11.075943231582642, -77.79838481154893, 2.1217063301510932, -38.29864013682393, -14.10357077975039)
(11.087379455566406, -77.79838481154893, 2.1217063301510932, -38.29864013682393, -14.10357077975039)
(11.098214626312256, -77.79838481154893, 2.1217063301510932, -38.29864013682393, -14.116892674924706)
(11.27109980583191, -78.49289117338394, 1.0344888548159674, -38.406751138956224, -14.10275696595599)
(11.329675912857056, -78.49289117338394, 1.0344888548159674, -38.406751138956224, -14.0942327770955)
(11.38219666481018, -78.49289117338394, 1.0344888548159674, -38.406751138956224, -14.0942327770955)
(11.415063381195068, -79.06875658785626, 0.07880456195828778, -38.694104414800265, -14.081830105802688)
(11.443852663040161, -79.06875658785626, 0.07880456195828778, -38.694104414800265, -14.081830105802688)
(11.485082864761353, -79.06875658785626, 0.07880456195828778, -38.694104414800265, -14.081830105802688)
(11.500215768814087, -79.06875658785626, 0.07880456195828778, -38.694104414800265, -14.081830105802688)
(11.522308826446533, -79.06875658785626, 0.07880456195828778, -38.694104414800265, -14.111062230448685)
(11.544161796569824, -79.06875658785626, 0.07880456195828778, -38.694104414800265, -14.111062230448685)
(11.608476877212524, -79.54442571631556, -1.0470836259480576, -38.94276683931626, -14.152977794339762)
(11.82502555847168, -80.0047851313611, -2.315632729444151, -38.979362928642054, -14.154667979336367)
(11.87856149673462, -80.0047851313611, -2.315632729444151, -38.979362928642054, -14.13334704202448)
(11.912344217300415, -80.0047851313611, -2.315632729444151, -38.979362928642054, -14.13334704202448)
(11.946085214614868, -80.0047851313611, -2.315632729444151, -38.979362928642054, -14.13334704202448)
(11.975604057312012, -80.18372054191566, -3.419838869454562, -38.85931261335146, -14.09780052023725)
(12.013080835342407, -80.18372054191566, -3.419838869454562, -38.85931261335146, -14.09780052023725)
(12.176694631576538, -80.63417079147922, -4.49619964029518, -38.701540507504454, -14.150591742844089)
(12.331297159194946, -80.63417079147922, -4.49619964029518, -38.701540507504454, -14.18613740801115)
(12.408469676971436, -81.25602746120666, -5.120099037677698, -38.523563285883675, -14.226162048252942)
(12.459256410598755, -81.25602746120666, -5.120099037677698, -38.523563285883675, -14.226162048252942)
(12.504770755767822, -81.25602746120666, -5.120099037677698, -38.523563285883675, -14.259550990112512)
(12.584564447402954, -81.70581481833337, -5.679686666805946, -38.73698599460558, -14.282489602868832)
(13.085468292236328, -82.74258734743246, -6.8565858954071475, -39.683492832915135, -14.322977693952717)
(13.586344003677368, -82.53847974296158, -7.496960597971238, -40.05092047066843, -14.293692023513069, 'fly')
(13.710909128189087, -82.1901422852781, -7.377972898238087, -40.20052601485973, -14.268076217353379, 'fly')
(13.783644676208496, -82.1901422852781, -7.377972898238087, -40.20052601485973, -14.268076217353379, 'fly')
(13.834089994430542, -81.67093138046188, -6.783071607037493, -40.41945201791775, -12.294666555020193, 'fly')
(13.919925212860107, -81.67093138046188, -6.783071607037493, -40.41945201791775, -9.151342258995367, 'fly')
(14.029194831848145, -81.08917124625277, -5.558324901759903, -40.735534158366846, -6.01390504558919, 'fly')
(14.096461772918701, -81.08917124625277, -5.558324901759903, -40.735534158366846, -3.4489268308660157, 'fly')
(14.18949556350708, -80.51737984176562, -3.551142086584793, -40.853655851021884, -2.0109294452841624, 'fly')
(14.285562753677368, -80.51737984176562, -3.551142086584793, -40.853655851021884, -2.1308539224563328, 'fly')
(14.352772951126099, -80.51737984176562, -3.551142086584793, -40.853655851021884, -2.1308539224563328, 'fly')
(14.403279066085815, -80.25547991488321, -0.9334743850096308, -40.912512806804976, -2.111276933856134, 'fly')
(14.503623008728027, -80.25547991488321, -0.9334743850096308, -40.912512806804976, -0.795410085458534, 'fly')
(14.600810050964355, -79.47790565207806, 2.4456931368440125, -40.88497803040745, 0.8628454484418189, 'fly')
(14.708741903305054, -79.47790565207806, 2.4456931368440125, -40.88497803040745, 1.680461106619334, 'fly')
(14.766514301300049, -79.47790565207806, 2.4456931368440125, -40.88497803040745, 1.680461106619334, 'fly')
(14.86675763130188, -78.96436287859241, 6.051500352401209, -40.995334435531376, 1.6318554264792278, 'fly')
(14.970869779586792, -78.96436287859241, 6.051500352401209, -40.995334435531376, 1.4739044701593107, 'fly')
(15.073349475860596, -78.05908594876314, 9.693306606605729, -41.067131006375526, 1.590388515579618, 'fly')
(15.132341861724854, -78.05908594876314, 9.693306606605729, -41.067131006375526, 1.8873587355648214, 'fly')
(15.182005167007446, -77.22296744249078, 13.467981430339872, -40.91710481146843, 2.4333694864687407, 'fly')
(15.227990865707397, -77.22296744249078, 13.467981430339872, -40.91710481146843, 2.4333694864687407, 'fly')
(15.274389743804932, -77.22296744249078, 13.467981430339872, -40.91710481146843, 2.4333694864687407, 'fly')
(15.321647882461548, -77.22296744249078, 13.467981430339872, -40.91710481146843, 2.8982950426954277, 'fly')
(15.367573499679565, -77.22296744249078, 13.467981430339872, -40.91710481146843, 2.8982950426954277, 'fly')
(15.444326639175415, -76.00514812668142, 17.777964968248117, -40.878187225039014, 3.2509157657493075, 'fly')
(15.534390926361084, -76.00514812668142, 17.777964968248117, -40.878187225039014, 3.4195419257094413, 'fly')
(15.607136726379395, -74.89307761173235, 21.979730818201865, -40.74761319450333, 3.5353919212552407, 'fly')
(15.706281423568726, -74.89307761173235, 21.979730818201865, -40.74761319450333, 3.547793260135159, 'fly')
(15.804216861724854, -74.01449966743334, 26.418161262398744, -40.62748522158935, 3.5026105445682463, 'fly')
(15.862881660461426, -74.01449966743334, 26.418161262398744, -40.62748522158935, 3.5026105445682463, 'fly')
(15.912694692611694, -74.01449966743334, 26.418161262398744, -40.62748522158935, 3.4536842273098864, 'fly')
(15.959341287612915, -74.01449966743334, 26.418161262398744, -40.62748522158935, 3.4536842273098864, 'fly')
(16.00565767288208, -73.19507741730632, 31.04849464050062, -40.639540704724865, 3.4789069875717784, 'fly')
(16.085591793060303, -73.19507741730632, 31.04849464050062, -40.639540704724865, 3.4789069875717784, 'fly')
(16.179859161376953, -73.19507741730632, 31.04849464050062, -40.639540704724865, 3.5717739685171024, 'fly')
(16.2475163936615, -72.73721612913279, 35.82260725368686, -40.61028757848112, 3.6670529717966973, 'fly')
(16.29908800125122, -72.73721612913279, 35.82260725368686, -40.61028757848112, 3.6670529717966973, 'fly')
(16.406118392944336, -72.09416258183626, 39.7688631413943, -40.666741374793226, 3.4938422678559027, 'fly')
(16.53563928604126, -72.09416258183626, 39.7688631413943, -40.666741374793226, 3.2958957619098657, 'fly')
(16.63483500480652, -71.6234026966401, 44.133134910814924, -40.63888708335664, 3.1515809228592824, 'fly')
(16.823519229888916, -71.7343626153974, 48.55443517482311, -40.46879837814454, 3.0160192092512235, 'fly')
(16.85945749282837, -71.7343626153974, 48.55443517482311, -40.46879837814454, 3.0160192092512235, 'fly')
(16.885632514953613, -71.7343626153974, 48.55443517482311, -40.46879837814454, 3.034036738694499, 'fly')
(16.90106987953186, -71.7343626153974, 48.55443517482311, -40.46879837814454, 3.034036738694499, 'fly')
(16.919740915298462, -71.7343626153974, 48.55443517482311, -40.46879837814454, 3.034036738694499, 'fly')
(16.93834686279297, -71.7343626153974, 48.55443517482311, -40.46879837814454, 3.034036738694499, 'fly')
(16.953799962997437, -71.7343626153974, 48.55443517482311, -40.46879837814454, 3.034036738694499, 'fly')
(16.976208209991455, -71.79638096678909, 53.20993356550599, -40.442747732116516, 3.0699445312658122, 'fly')
(17.196265935897827, -72.06772219199239, 58.454463701448496, -40.5252106626694, 3.070504865953736, 'fly')
(17.218523740768433, -72.06772219199239, 58.454463701448496, -40.5252106626694, 3.070504865953736, 'fly')
(17.25072479248047, -72.06772219199239, 58.454463701448496, -40.5252106626694, 3.070504865953736, 'fly')
(17.289568424224854, -72.06772219199239, 58.454463701448496, -40.5252106626694, 3.175981545962558, 'fly')
(17.316073894500732, -72.06772219199239, 58.454463701448496, -40.5252106626694, 3.175981545962558, 'fly')
(17.473832845687866, -72.5335201158946, 63.74352363843456, -40.45219002707918, 3.26861137505431, 'fly')
(17.52678871154785, -72.5335201158946, 63.74352363843456, -40.45219002707918, 3.2814516318114473, 'fly')
(17.55119037628174, -72.5335201158946, 63.74352363843456, -40.45219002707918, 3.2814516318114473, 'fly')
(17.582396507263184, -73.2369616944794, 68.8907156131163, -40.35640110283429, 3.421728744543702, 'fly')
(17.600904941558838, -73.2369616944794, 68.8907156131163, -40.35640110283429, 3.421728744543702, 'fly')
(17.628847122192383, -73.2369616944794, 68.8907156131163, -40.35640110283429, 3.421728744543702, 'fly')
(17.676652669906616, -73.2369616944794, 68.8907156131163, -40.35640110283429, 3.421728744543702, 'fly')
(17.706400632858276, -73.2369616944794, 68.8907156131163, -40.35640110283429, 3.4135790777859247, 'fly')
(17.72661781311035, -73.2369616944794, 68.8907156131163, -40.35640110283429, 3.4135790777859247, 'fly')
(17.74520969390869, -73.2369616944794, 68.8907156131163, -40.35640110283429, 3.4135790777859247, 'fly')
(17.762773513793945, -73.2369616944794, 68.8907156131163, -40.35640110283429, 3.4135790777859247, 'fly')
(17.829057931900024, -74.01522209088675, 73.87548700665202, -40.11161237022925, 3.212812465959808, 'fly')
(17.87521529197693, -74.01522209088675, 73.87548700665202, -40.11161237022925, 3.212812465959808, 'fly')
(17.91772723197937, -74.01522209088675, 73.87548700665202, -40.11161237022925, 2.883374241286753, 'fly')
(17.966864109039307, -74.01522209088675, 73.87548700665202, -40.11161237022925, 2.883374241286753, 'fly')
(17.989569187164307, -74.01522209088675, 73.87548700665202, -40.11161237022925, 2.883374241286753, 'fly')
(18.006757736206055, -74.5488432788583, 79.0021533790073, -39.9394075563901, 2.5503530772599605, 'fly')
(18.233750581741333, -75.03637707561647, 84.00732548387101, -39.80627561004473, 2.592607277614369, 'fly')
(18.332263231277466, -75.03637707561647, 84.00732548387101, -39.80627561004473, 3.5735700850780523, 'fly')
(18.43002462387085, -75.9717989858594, 88.58095717909404, -40.63334525288627, 4.145783278040706, 'fly')
(18.54338502883911, -75.9717989858594, 88.58095717909404, -40.63334525288627, 3.8122098654163734, 'fly')
(18.595497846603394, -75.9717989858594, 88.58095717909404, -40.63334525288627, 3.8122098654163734, 'fly')
(18.643188953399658, -77.1529824386927, 92.11911980509146, -41.90999662820586, 2.968234986752372, 'fly')
(18.72644329071045, -77.1529824386927, 92.11911980509146, -41.90999662820586, 2.395594972529401, 'fly')
(18.830137491226196, -77.4333281497665, 95.68078647958676, -42.91780633971847, 2.5182988149970837, 'fly')
(18.935751914978027, -77.4333281497665, 95.68078647958676, -42.91780633971847, 3.2977783863365824, 'fly')
(18.99495792388916, -77.96480238366385, 98.86201531888753, -42.62536461078048, 3.527801870791202, 'fly')
(19.044503450393677, -77.96480238366385, 98.86201531888753, -42.62536461078048, 3.527801870791202, 'fly')
(19.091179132461548, -77.96480238366385, 98.86201531888753, -42.62536461078048, 3.352836054814122, 'fly')
(19.137457609176636, -77.96480238366385, 98.86201531888753, -42.62536461078048, 3.352836054814122, 'fly')
(19.217384815216064, -78.94027274587033, 102.3660118562554, -42.00296347340294, 2.7452432412700665, 'fly')
(19.31190800666809, -78.94027274587033, 102.3660118562554, -42.00296347340294, 2.3949096565311434, 'fly')
(19.38031554222107, -79.1592951121769, 106.08867338531978, -41.433267162323226, 2.175645371003898, 'fly')
(19.431824207305908, -79.1592951121769, 106.08867338531978, -41.433267162323226, 2.175645371003898, 'fly')
(19.520912647247314, -79.1592951121769, 106.08867338531978, -41.433267162323226, 1.9571171753798504, 'fly')
(19.618780851364136, -79.53388076362613, 110.16712694692785, -40.976978766235895, 1.6985772371701175, 'fly')
(19.683208465576172, -79.53388076362613, 110.16712694692785, -40.976978766235895, 1.3957804225280794, 'fly')
(19.739266633987427, -79.53388076362613, 110.16712694692785, -40.976978766235895, 1.3957804225280794, 'fly')
(19.830304861068726, -79.23270452424903, 114.6535082598288, -40.89453102881789, 1.252415997945115, 'fly')
(19.93379020690918, -79.23270452424903, 114.6535082598288, -40.89453102881789, 1.3771678081933016, 'fly')
(20.057029724121094, -79.06388419486787, 119.13192420626129, -40.629058384091145, 1.494926693022303, 'fly')
(20.11034893989563, -79.06388419486787, 119.13192420626129, -40.629058384091145, 1.6652331222679253, 'fly')
(20.162494897842407, -79.06388419486787, 119.13192420626129, -40.629058384091145, 1.6652331222679253, 'fly')
(20.251437664031982, -79.27282527580105, 123.31770418636113, -40.61948723127896, 1.6949065552092621, 'fly')
(20.34594178199768, -79.27282527580105, 123.31770418636113, -40.61948723127896, 1.5977795370524026, 'fly')
(20.408713340759277, -79.33430197249594, 127.66744175268047, -40.40155811897762, 1.665003933501505, 'fly')
(20.465821504592896, -79.33430197249594, 127.66744175268047, -40.40155811897762, 1.665003933501505, 'fly')
(20.511038064956665, -79.33430197249594, 127.66744175268047, -40.40155811897762, 1.7798628006455433, 'fly')
(20.555574655532837, -79.33430197249594, 127.66744175268047, -40.40155811897762, 1.7798628006455433, 'fly')
(20.600260734558105, -79.02914080867858, 131.93771196030917, -40.25337699090271, 1.9682058798706423, 'fly')
(20.64484977722168, -79.02914080867858, 131.93771196030917, -40.25337699090271, 1.9682058798706423, 'fly')
(20.69396138191223, -79.02914080867858, 131.93771196030917, -40.25337699090271, 1.9682058798706423, 'fly')
(20.73789095878601, -79.02914080867858, 131.93771196030917, -40.25337699090271, 2.016064656596373, 'fly')
(20.811018705368042, -78.51235419153356, 136.21615858144233, -40.169023537092215, 1.9940221277217516, 'fly')
(20.906577110290527, -78.51235419153356, 136.21615858144233, -40.169023537092215, 1.9401576507153413, 'fly')
(20.980271100997925, -78.37215578644715, 140.7048448529172, -39.90457613503721, 1.8764327785698507, 'fly')
(21.030293941497803, -78.37215578644715, 140.7048448529172, -39.90457613503721, 1.8764327785698507, 'fly')
(21.11858606338501, -78.37215578644715, 140.7048448529172, -39.90457613503721, 1.9814531397118467, 'fly')
(21.211957931518555, -77.54798292638917, 145.57349024421202, -39.58990165457428, 2.2057717952570277, 'fly')
(21.28019952774048, -77.54798292638917, 145.57349024421202, -39.58990165457428, 2.1651406529671506, 'fly')
(21.329957962036133, -77.54798292638917, 145.57349024421202, -39.58990165457428, 2.1651406529671506, 'fly')
(21.375251293182373, -77.6434455019449, 147.55281623350174, -39.28203363817499, 2.1577328544190406, 'fly')
