====================== HEADER ======================
Odometry data will folow format (time, x, y, z, yaw)
Landing site: (-1, x, y, z, yaw)
X = left and right
Y = foraward backward
Z = height
=====================================================
('min', 0.21241306485109135, 203.76777486743245, 96.92851713700122)
('max', 35.75838506298837, 205.53203368891667, 98.72131665188392)
('dlp', 16.28408157199284, 204.31062373558146, 98.55956030467647, -7.619062410444251)
(0, 22.51255751764861, 28.991573527026755, 119.82358077568836, -4.6520240469871)
(9.942054748535156e-05, 22.51255751764861, 28.991573527026755, 119.82358077568836, -4.6520240469871)
(0.04645180702209473, 22.51255751764861, 28.991573527026755, 119.82358077568836, -4.6520240469871)
(0.15682268142700195, 22.262538308329965, 28.78364259166711, 119.77716161750394, -5.096231145661202)
(0.2506260871887207, 22.262538308329965, 28.78364259166711, 119.77716161750394, -5.174461163887953)
(0.2732353210449219, 22.262538308329965, 28.78364259166711, 119.77716161750394, -5.174461163887953)
(0.28945112228393555, 22.262538308329965, 28.78364259166711, 119.77716161750394, -5.174461163887953)
(0.3217179775238037, 21.98080134995927, 28.665906957630636, 119.59854344406226, -5.185436655896283)
(0.3370029926300049, 21.98080134995927, 28.665906957630636, 119.59854344406226, -5.185436655896283)
(0.35245466232299805, 21.98080134995927, 28.665906957630636, 119.59854344406226, -5.185436655896283)
(0.4153714179992676, 21.98080134995927, 28.665906957630636, 119.59854344406226, -5.184427972566109)
(0.5359835624694824, 21.05422214980288, 28.10388414282691, 118.44189743319899, -5.185957678530868)
(0.5697534084320068, 21.05422214980288, 28.10388414282691, 118.44189743319899, -5.185957678530868)
(0.5938296318054199, 21.05422214980288, 28.10388414282691, 118.44189743319899, -5.185957678530868)
(0.6236774921417236, 21.05422214980288, 28.10388414282691, 118.44189743319899, -5.183041827876382)
(0.6602222919464111, 21.05422214980288, 28.10388414282691, 118.44189743319899, -5.183041827876382)
(0.7228829860687256, 19.627859369702463, 27.601813140184156, 116.23331801908378, -5.1761789229446356)
(0.7568154335021973, 19.627859369702463, 27.601813140184156, 116.23331801908378, -5.159481756384478)
(0.8012142181396484, 19.627859369702463, 27.601813140184156, 116.23331801908378, -5.159481756384478)
(0.838446855545044, 19.627859369702463, 27.601813140184156, 116.23331801908378, -5.159481756384478)
(0.8754217624664307, 17.051259696522397, 27.203541357308026, 113.07521319566384, -5.11914955690922)
(0.956289529800415, 17.051259696522397, 27.203541357308026, 113.07521319566384, -5.11914955690922)
(1.00203275680542, 17.051259696522397, 27.203541357308026, 113.07521319566384, -5.082867567891923)
(1.0542571544647217, 17.051259696522397, 27.203541357308026, 113.07521319566384, -5.082867567891923)
(1.0996406078338623, 13.753517665294062, 27.002823336770927, 109.46243196029539, -5.092402277911546)
(1.1313667297363281, 13.753517665294062, 27.002823336770927, 109.46243196029539, -5.092402277911546)
(1.1753425598144531, 13.753517665294062, 27.002823336770927, 109.46243196029539, -5.057801727772491)
(1.224224328994751, 13.753517665294062, 27.002823336770927, 109.46243196029539, -5.057801727772491)
(1.243643045425415, 13.753517665294062, 27.002823336770927, 109.46243196029539, -5.057801727772491)
(1.4215974807739258, 10.230627816992074, 26.901633205467025, 106.686812405968, -5.043051286253409)
(1.507230281829834, 6.65320310712484, 26.95712833744346, 104.52743964236525, -5.052558708996081)
(1.592613935470581, 6.65320310712484, 26.95712833744346, 104.52743964236525, -5.099553505436953)
(1.660417079925537, 6.65320310712484, 26.95712833744346, 104.52743964236525, -5.099553505436953)
(1.7081544399261475, 3.343249332210461, 26.96598820496673, 102.15979736460827, -5.090926554223964)
(1.7524363994598389, 3.343249332210461, 26.96598820496673, 102.15979736460827, -5.090926554223964)
(1.7981319427490234, 3.343249332210461, 26.96598820496673, 102.15979736460827, -5.088500193828029)
(1.842118501663208, 3.343249332210461, 26.96598820496673, 102.15979736460827, -5.088500193828029)
(1.885552167892456, 0.2095607817361233, 27.36877312191515, 99.99871774730126, -5.062105193569064)
(1.932347297668457, 0.2095607817361233, 27.36877312191515, 99.99871774730126, -5.062105193569064)
(1.9762616157531738, 0.2095607817361233, 27.36877312191515, 99.99871774730126, -5.062105193569064)
(2.0201892852783203, 0.2095607817361233, 27.36877312191515, 99.99871774730126, -5.045578655268361)
(2.0742392539978027, 0.2095607817361233, 27.36877312191515, 99.99871774730126, -5.045578655268361)
(2.1181864738464355, -2.434927992437268, 27.916045926360184, 98.26605048095591, -5.044443793227568)
(2.164841890335083, -2.434927992437268, 27.916045926360184, 98.26605048095591, -5.044443793227568)
(2.211678981781006, -2.434927992437268, 27.916045926360184, 98.26605048095591, -5.039674444511749)
(2.3027079105377197, -4.168710821941274, 28.473452115179747, 96.79779577076216, -5.046321117913184)
(2.39060378074646, -4.168710821941274, 28.473452115179747, 96.79779577076216, -5.046321117913184)
(2.454516887664795, -4.168710821941274, 28.473452115179747, 96.79779577076216, -5.046844634176171)
(2.476191520690918, -4.168710821941274, 28.473452115179747, 96.79779577076216, -5.046844634176171)
(2.51643443107605, -5.501048752369484, 28.9466301397738, 94.97623877472604, -5.021883828727864)
(2.541398525238037, -5.501048752369484, 28.9466301397738, 94.97623877472604, -5.021883828727864)
(2.559237241744995, -5.501048752369484, 28.9466301397738, 94.97623877472604, -5.021883828727864)
(2.5934252738952637, -5.501048752369484, 28.9466301397738, 94.97623877472604, -5.021883828727864)
(2.617917537689209, -5.501048752369484, 28.9466301397738, 94.97623877472604, -4.9804595445906825)
(2.6521472930908203, -5.501048752369484, 28.9466301397738, 94.97623877472604, -4.9804595445906825)
(2.857089042663574, -6.08366479103172, 29.479388354921127, 92.91880313546096, -4.980633422664551)
(2.87545108795166, -6.08366479103172, 29.479388354921127, 92.91880313546096, -4.980633422664551)
(2.939894437789917, -5.982661449414309, 30.297226610115604, 91.04952533524789, -4.97467642478073)
(2.9576029777526855, -5.982661449414309, 30.297226610115604, 91.04952533524789, -4.953273913745467)
(2.9913084506988525, -5.982661449414309, 30.297226610115604, 91.04952533524789, -4.953273913745467)
(3.0142769813537598, -5.982661449414309, 30.297226610115604, 91.04952533524789, -4.953273913745467)
(3.054800510406494, -5.982661449414309, 30.297226610115604, 91.04952533524789, -4.953273913745467)
(3.070622444152832, -5.3596202962368595, 30.963758948871803, 89.462322679042, -4.95644387189245)
(3.0918149948120117, -5.3596202962368595, 30.963758948871803, 89.462322679042, -4.95644387189245)
(3.1163978576660156, -5.3596202962368595, 30.963758948871803, 89.462322679042, -4.95644387189245)
(3.181910276412964, -5.3596202962368595, 30.963758948871803, 89.462322679042, -4.967134304090559)
(3.2287261486053467, -5.3596202962368595, 30.963758948871803, 89.462322679042, -4.967134304090559)
(3.296933174133301, -4.2883236977010855, 31.2954186892992, 88.57525562045774, -4.921904806832894)
(3.350247383117676, -4.2883236977010855, 31.2954186892992, 88.57525562045774, -4.921904806832894)
(3.371971607208252, -4.2883236977010855, 31.2954186892992, 88.57525562045774, -4.919576765665088)
(3.395172357559204, -4.2883236977010855, 31.2954186892992, 88.57525562045774, -4.919576765665088)
(3.421023368835449, -4.2883236977010855, 31.2954186892992, 88.57525562045774, -4.919576765665088)
(3.4752891063690186, -2.687042341079292, 31.840487764206618, 88.52696374905993, -4.9094966312762915)
(3.6813554763793945, -0.7327215664572037, 32.66817615906237, 89.26390392666846, -4.971852173140281)
(3.738943099975586, -0.7327215664572037, 32.66817615906237, 89.26390392666846, -4.971852173140281)
(3.7846076488494873, -0.7327215664572037, 32.66817615906237, 89.26390392666846, -5.010351172760162)
(3.829016923904419, -0.7327215664572037, 32.66817615906237, 89.26390392666846, -5.010351172760162)
(3.8735835552215576, -0.7327215664572037, 32.66817615906237, 89.26390392666846, -5.010351172760162)
(3.9189844131469727, 1.1024092049716756, 33.76852692437199, 90.89305437767487, -5.025869562560782)
(3.9634015560150146, 1.1024092049716756, 33.76852692437199, 90.89305437767487, -5.025869562560782)
(4.00768256187439, 1.1024092049716756, 33.76852692437199, 90.89305437767487, -5.078283927387387)
(4.0794196128845215, 1.1024092049716756, 33.76852692437199, 90.89305437767487, -5.078283927387387)
(4.181550741195679, 2.791370239702228, 34.92955115824025, 92.91689392547573, -5.116793650518788)
(4.308159351348877, 4.389993068782868, 35.9323463889807, 94.81670039118735, -5.127521254408553)
(4.463762283325195, 4.389993068782868, 35.9323463889807, 94.81670039118735, -5.124006670840394)
(4.568010568618774, 5.618549923650347, 36.84206372232315, 96.57709190915777, -5.112033703189319)
(4.7797722816467285, 6.582887566710801, 37.47713239138658, 97.40820229556381, -5.11653564756269)
(4.807236671447754, 6.582887566710801, 37.47713239138658, 97.40820229556381, -5.116166087576255)
(5.031202554702759, 7.505716956743152, 37.967074703993084, 97.80447293886432, -5.133022277182342)
(5.063126564025879, 8.036826504359867, 38.431133748054684, 97.55491178295368, -5.1351841916001675)
(5.085840940475464, 8.036826504359867, 38.431133748054684, 97.55491178295368, -5.1351841916001675)
(5.117751121520996, 8.036826504359867, 38.431133748054684, 97.55491178295368, -5.1351841916001675)
(5.133186101913452, 8.036826504359867, 38.431133748054684, 97.55491178295368, -5.1351841916001675)
(5.154615879058838, 8.036826504359867, 38.431133748054684, 97.55491178295368, -5.1351841916001675)
(5.18399453163147, 8.036826504359867, 38.431133748054684, 97.55491178295368, -5.129565060374631)
(5.244872570037842, 8.036826504359867, 38.431133748054684, 97.55491178295368, -5.129565060374631)
(5.26973295211792, 8.397379101691756, 38.935522324072956, 97.34343019669132, -5.1220487903093215)
(5.303959608078003, 8.397379101691756, 38.935522324072956, 97.34343019669132, -5.1220487903093215)
(5.323912858963013, 8.397379101691756, 38.935522324072956, 97.34343019669132, -5.1220487903093215)
(5.354452848434448, 8.397379101691756, 38.935522324072956, 97.34343019669132, -5.1220487903093215)
(5.391631126403809, 8.397379101691756, 38.935522324072956, 97.34343019669132, -5.099799451629664)
(5.585683107376099, 8.535624011852159, 39.453449291676975, 97.27840319676596, -5.081209017295304)
(5.627534866333008, 8.535624011852159, 39.453449291676975, 97.27840319676596, -5.081209017295304)
(5.651917934417725, 8.535624011852159, 39.453449291676975, 97.27840319676596, -5.081209017295304)
(5.6699278354644775, 8.535624011852159, 39.453449291676975, 97.27840319676596, -5.081209017295304)
(5.824989080429077, 8.810301350286068, 40.20986246763741, 97.52418249080715, -5.073023441497651)
(5.89160680770874, 9.075617207646186, 40.67481986990752, 98.01849747468516, -5.072541349322911)
(5.92173957824707, 9.075617207646186, 40.67481986990752, 98.01849747468516, -5.072541349322911)
(5.936351537704468, 9.075617207646186, 40.67481986990752, 98.01849747468516, -5.072541349322911)
(5.992990255355835, 9.075617207646186, 40.67481986990752, 98.01849747468516, -5.066013953560846)
(6.007997274398804, 9.075617207646186, 40.67481986990752, 98.01849747468516, -5.066013953560846)
(6.038439512252808, 9.075617207646186, 40.67481986990752, 98.01849747468516, -5.066013953560846)
(6.070639610290527, 9.075617207646186, 40.67481986990752, 98.01849747468516, -5.066013953560846)
(6.090241193771362, 9.30645730437773, 40.996645543866336, 98.78520136134856, -5.058126880521228)
(6.105585813522339, 9.30645730437773, 40.996645543866336, 98.78520136134856, -5.058126880521228)
(6.143106937408447, 9.30645730437773, 40.996645543866336, 98.78520136134856, -5.058126880521228)
(6.166665315628052, 9.30645730437773, 40.996645543866336, 98.78520136134856, -5.058126880521228)
(6.187448740005493, 9.30645730437773, 40.996645543866336, 98.78520136134856, -5.045697314467533)
(6.203881502151489, 9.30645730437773, 40.996645543866336, 98.78520136134856, -5.045697314467533)
(6.22695779800415, 9.30645730437773, 40.996645543866336, 98.78520136134856, -5.045697314467533)
(6.242253065109253, 9.30645730437773, 40.996645543866336, 98.78520136134856, -5.045697314467533)
(6.269550323486328, 9.30645730437773, 40.996645543866336, 98.78520136134856, -5.045697314467533)
(6.514418601989746, 9.527265604590994, 41.73975929005662, 100.44807440564078, -5.08072137752922)
(6.528814792633057, 9.527265604590994, 41.73975929005662, 100.44807440564078, -5.08072137752922)
(6.5557732582092285, 9.527265604590994, 41.73975929005662, 100.44807440564078, -5.08072137752922)
(6.5828588008880615, 9.527265604590994, 41.73975929005662, 100.44807440564078, -5.08072137752922)
(6.59851598739624, 9.527265604590994, 41.73975929005662, 100.44807440564078, -5.061068064319505)
(6.663280248641968, 9.527265604590994, 41.73975929005662, 100.44807440564078, -5.061068064319505)
(6.694329261779785, 9.420791480393296, 42.167407044708376, 101.09990084789678, -5.059310044378732)
(6.765700340270996, 9.420791480393296, 42.167407044708376, 101.09990084789678, -5.059310044378732)
(6.829777479171753, 9.420791480393296, 42.167407044708376, 101.09990084789678, -5.085053034524659)
(6.855323076248169, 9.420791480393296, 42.167407044708376, 101.09990084789678, -5.085053034524659)
(6.890394449234009, 9.420791480393296, 42.167407044708376, 101.09990084789678, -5.085053034524659)
(6.920747518539429, 9.50879730722577, 42.491349841283835, 101.45743243898049, -5.094111100423634)
(6.937459468841553, 9.50879730722577, 42.491349841283835, 101.45743243898049, -5.094111100423634)
(6.95941686630249, 9.50879730722577, 42.491349841283835, 101.45743243898049, -5.094111100423634)
(6.988561630249023, 9.50879730722577, 42.491349841283835, 101.45743243898049, -5.094111100423634)
(7.022619009017944, 9.50879730722577, 42.491349841283835, 101.45743243898049, -5.107084025707659)
(7.064008951187134, 9.50879730722577, 42.491349841283835, 101.45743243898049, -5.107084025707659)
(7.099595546722412, 9.50879730722577, 42.491349841283835, 101.45743243898049, -5.107084025707659)
(7.292845010757446, 9.67494603911314, 42.95759846009402, 101.12116381076324, -5.1076108513658465)
(7.325315475463867, 9.67494603911314, 42.95759846009402, 101.12116381076324, -5.1076108513658465)
(7.342376470565796, 9.67494603911314, 42.95759846009402, 101.12116381076324, -5.1076108513658465)
(7.35671329498291, 9.67494603911314, 42.95759846009402, 101.12116381076324, -5.1142460185764715)
(7.371184349060059, 9.67494603911314, 42.95759846009402, 101.12116381076324, -5.1142460185764715)
(7.385187387466431, 9.67494603911314, 42.95759846009402, 101.12116381076324, -5.1142460185764715)
(7.399308443069458, 9.67494603911314, 42.95759846009402, 101.12116381076324, -5.1142460185764715)
(7.412898063659668, 9.67494603911314, 42.95759846009402, 101.12116381076324, -5.1142460185764715)
(7.591609477996826, 10.03198232100434, 43.15185541574971, 100.8167579527796, -5.083405745868943)
(7.637216091156006, 10.03198232100434, 43.15185541574971, 100.8167579527796, -5.083405745868943)
(7.666663646697998, 10.199275962812543, 43.23438425545296, 100.47507552972274, -5.101648710677424)
(7.68915581703186, 10.199275962812543, 43.23438425545296, 100.47507552972274, -5.101648710677424)
(7.711569786071777, 10.199275962812543, 43.23438425545296, 100.47507552972274, -5.101648710677424)
(7.728219032287598, 10.199275962812543, 43.23438425545296, 100.47507552972274, -5.101648710677424)
(7.752777338027954, 10.199275962812543, 43.23438425545296, 100.47507552972274, -5.101648710677424)
(7.789758920669556, 10.199275962812543, 43.23438425545296, 100.47507552972274, -5.123415405380921)
(7.828793287277222, 10.199275962812543, 43.23438425545296, 100.47507552972274, -5.123415405380921)
(7.864501476287842, 10.199275962812543, 43.23438425545296, 100.47507552972274, -5.123415405380921)
(7.899070739746094, 10.542575210813835, 43.46300517601388, 100.32411831711067, -5.137182891019985)
(7.946775674819946, 10.542575210813835, 43.46300517601388, 100.32411831711067, -5.137182891019985)
(8.12192678451538, 10.716034574533438, 43.35519423138712, 100.34369993177742, -5.129008981982915)
(8.15636157989502, 10.716034574533438, 43.35519423138712, 100.34369993177742, -5.129008981982915)
(8.172562837600708, 10.716034574533438, 43.35519423138712, 100.34369993177742, -5.129008981982915)
(8.188765525817871, 10.716034574533438, 43.35519423138712, 100.34369993177742, -5.133808571906075)
(8.203345537185669, 10.716034574533438, 43.35519423138712, 100.34369993177742, -5.133808571906075)
(8.217695713043213, 10.716034574533438, 43.35519423138712, 100.34369993177742, -5.133808571906075)
(8.237231731414795, 10.716034574533438, 43.35519423138712, 100.34369993177742, -5.133808571906075)
(8.253702640533447, 10.716034574533438, 43.35519423138712, 100.34369993177742, -5.133808571906075)
(8.271423816680908, 10.716034574533438, 43.35519423138712, 100.34369993177742, -5.133808571906075)
(8.32827353477478, 10.723436561091662, 43.33990248683533, 100.35939460218923, -5.165758698320763)
(8.369815826416016, 10.723436561091662, 43.33990248683533, 100.35939460218923, -5.165758698320763)
(8.395819425582886, 10.723436561091662, 43.33990248683533, 100.35939460218923, -5.186133467959083)
(8.439209222793579, 10.723436561091662, 43.33990248683533, 100.35939460218923, -5.186133467959083)
(8.484179735183716, 10.893281189867158, 42.9904134845022, 100.35894357509993, -5.199343666017168)
(8.505067825317383, 10.893281189867158, 42.9904134845022, 100.35894357509993, -5.199343666017168)
(8.535052299499512, 10.893281189867158, 42.9904134845022, 100.35894357509993, -5.199343666017168)
(8.549282550811768, 10.893281189867158, 42.9904134845022, 100.35894357509993, -5.199343666017168)
(8.570399522781372, 10.893281189867158, 42.9904134845022, 100.35894357509993, -5.199343666017168)
(8.591923952102661, 10.893281189867158, 42.9904134845022, 100.35894357509993, -5.2020665301408195)
(8.616333961486816, 10.893281189867158, 42.9904134845022, 100.35894357509993, -5.2020665301408195)
(8.67222809791565, 10.893281189867158, 42.9904134845022, 100.35894357509993, -5.2020665301408195)
(8.68899393081665, 10.919670382841076, 42.612378759645345, 100.16562299809237, -5.198900045061422)
(8.712607622146606, 10.919670382841076, 42.612378759645345, 100.16562299809237, -5.198900045061422)
(8.765754461288452, 10.919670382841076, 42.612378759645345, 100.16562299809237, -5.198900045061422)
(8.785712480545044, 10.919670382841076, 42.612378759645345, 100.16562299809237, -5.198900045061422)
(8.805905818939209, 10.919670382841076, 42.612378759645345, 100.16562299809237, -5.196245929510499)
(8.824897289276123, 10.919670382841076, 42.612378759645345, 100.16562299809237, -5.196245929510499)
(8.839209079742432, 10.919670382841076, 42.612378759645345, 100.16562299809237, -5.196245929510499)
(8.855731725692749, 10.919670382841076, 42.612378759645345, 100.16562299809237, -5.196245929510499)
(8.870114803314209, 10.919670382841076, 42.612378759645345, 100.16562299809237, -5.196245929510499)
(8.884325981140137, 10.919670382841076, 42.612378759645345, 100.16562299809237, -5.196245929510499)
(8.901997089385986, 10.920144046349295, 42.16216267495044, 99.88947989345465, -5.200168245619344)
(8.916265726089478, 10.920144046349295, 42.16216267495044, 99.88947989345465, -5.200168245619344)
(8.930659294128418, 10.920144046349295, 42.16216267495044, 99.88947989345465, -5.200168245619344)
(8.945981740951538, 10.920144046349295, 42.16216267495044, 99.88947989345465, -5.200168245619344)
(8.969988822937012, 10.920144046349295, 42.16216267495044, 99.88947989345465, -5.200168245619344)
(8.985601663589478, 10.920144046349295, 42.16216267495044, 99.88947989345465, -5.200168245619344)
(9.038840055465698, 10.920144046349295, 42.16216267495044, 99.88947989345465, -5.2221050232958515)
(9.073915004730225, 10.920144046349295, 42.16216267495044, 99.88947989345465, -5.2221050232958515)
(9.111172199249268, 10.730090282211897, 41.890317175279165, 99.59673483287172, -5.210842762234426)
(9.281018018722534, 10.730090282211897, 41.890317175279165, 99.59673483287172, -5.1929492328456845)
(9.391968965530396, 10.875285525955835, 41.54711933014861, 99.25004992446635, -5.19763180290313)
(9.421525239944458, 10.875285525955835, 41.54711933014861, 99.25004992446635, -5.173192233256627)
(9.638118982315063, 10.770398844132144, 41.45123205127882, 98.91529874446233, -5.177238929747512)
(9.66915225982666, 10.646485269337468, 41.517934179699104, 98.63004516743064, -5.146364070932005)
(9.695586681365967, 10.646485269337468, 41.517934179699104, 98.63004516743064, -5.146364070932005)
(9.904237270355225, 10.528927517655815, 41.505624094059606, 98.36004927693051, -5.100525781470957)
(9.923905372619629, 10.528927517655815, 41.505624094059606, 98.36004927693051, -5.100525781470957)
(9.960236310958862, 10.528927517655815, 41.505624094059606, 98.36004927693051, -5.100525781470957)
(10.0217866897583, 10.528927517655815, 41.505624094059606, 98.36004927693051, -5.090636492506217)
(10.070675373077393, 10.29333209236047, 41.44522144778699, 98.0280339827111, -5.072545670096501)
(10.103945016860962, 10.29333209236047, 41.44522144778699, 98.0280339827111, -5.072545670096501)
(10.33262825012207, 10.05360605836632, 41.40861764411716, 97.73092508781778, -5.046417884710582)
(10.355703115463257, 10.05360605836632, 41.40861764411716, 97.73092508781778, -5.046417884710582)
(10.385761260986328, 10.05360605836632, 41.40861764411716, 97.73092508781778, -5.0168193983246745)
(10.536990404129028, 9.786350429853583, 41.41408565986748, 97.48709712113586, -5.024669811182777)
(10.583324909210205, 9.786350429853583, 41.41408565986748, 97.48709712113586, -5.06883109311805)
(10.600976943969727, 9.786350429853583, 41.41408565986748, 97.48709712113586, -5.06883109311805)
(10.621962308883667, 9.786350429853583, 41.41408565986748, 97.48709712113586, -5.06883109311805)
(10.647831201553345, 9.786350429853583, 41.41408565986748, 97.48709712113586, -5.06883109311805)
(10.67580246925354, 9.786350429853583, 41.41408565986748, 97.48709712113586, -5.06883109311805)
(10.705201387405396, 9.503407693847718, 41.39648680201453, 97.20367507657342, -5.1108457085562495)
(10.73212456703186, 9.503407693847718, 41.39648680201453, 97.20367507657342, -5.1108457085562495)
(10.754114866256714, 9.503407693847718, 41.39648680201453, 97.20367507657342, -5.1108457085562495)
(10.795610904693604, 9.503407693847718, 41.39648680201453, 97.20367507657342, -5.127393578358921)
(10.810336589813232, 9.503407693847718, 41.39648680201453, 97.20367507657342, -5.127393578358921)
(10.8542799949646, 9.503407693847718, 41.39648680201453, 97.20367507657342, -5.127393578358921)
(10.909733772277832, 9.32426365208895, 41.354049516127304, 96.90418625138044, -5.113016212064535)
(10.947206497192383, 9.32426365208895, 41.354049516127304, 96.90418625138044, -5.113016212064535)
(11.143565893173218, 9.201714304702973, 41.27485012864069, 96.57200601485037, -5.057925581119619)
(11.206134557723999, 9.201714304702973, 41.27485012864069, 96.57200601485037, -5.035363020085882)
(11.291667461395264, 9.201714304702973, 41.27485012864069, 96.57200601485037, -5.035363020085882)
(11.396336078643799, 9.031338936531505, 40.77391256552644, 96.31825935010498, -5.040484441738025)
(11.457240104675293, 9.031338936531505, 40.77391256552644, 96.31825935010498, -5.023514514339925)
(11.504666566848755, 8.890286778762736, 40.31396417097808, 96.20818790052412, -5.016914135537352)
(11.549047708511353, 8.890286778762736, 40.31396417097808, 96.20818790052412, -5.016914135537352)
(11.599395275115967, 8.890286778762736, 40.31396417097808, 96.20818790052412, -5.012403944068884)
(11.643250465393066, 8.890286778762736, 40.31396417097808, 96.20818790052412, -5.012403944068884)
(11.720789670944214, 9.007359796428643, 39.906393103748485, 96.25966896950894, -4.982905774878261)
(11.826593399047852, 9.007359796428643, 39.906393103748485, 96.25966896950894, -4.971717949091972)
(11.889228343963623, 9.211913355170575, 40.0487247914279, 96.73276981313725, -4.962383055126058)
(11.945960283279419, 9.211913355170575, 40.0487247914279, 96.73276981313725, -4.962383055126058)
(12.005925416946411, 9.211913355170575, 40.0487247914279, 96.73276981313725, -4.956076111838282)
(12.055142402648926, 9.211913355170575, 40.0487247914279, 96.73276981313725, -4.956076111838282)
(12.10646390914917, 9.530320800920745, 40.11518653326144, 97.1421422753517, -4.945122574480028)
(12.155980348587036, 9.530320800920745, 40.11518653326144, 97.1421422753517, -4.945122574480028)
(12.208901405334473, 9.530320800920745, 40.11518653326144, 97.1421422753517, -4.93187762926017)
(12.25991177558899, 9.530320800920745, 40.11518653326144, 97.1421422753517, -4.93187762926017)
(12.305017232894897, 9.98935291214981, 40.13297432914238, 97.39135961381177, -4.915610495778412)
(12.356370449066162, 9.98935291214981, 40.13297432914238, 97.39135961381177, -4.915610495778412)
(12.407461881637573, 9.98935291214981, 40.13297432914238, 97.39135961381177, -4.898111692023032)
(12.459643363952637, 9.98935291214981, 40.13297432914238, 97.39135961381177, -4.898111692023032)
(12.504490852355957, 10.178138090780164, 40.34195684125744, 97.63888167142444, -4.948200338280184)
(12.555660963058472, 10.178138090780164, 40.34195684125744, 97.63888167142444, -4.948200338280184)
(12.615929365158081, 10.178138090780164, 40.34195684125744, 97.63888167142444, -4.978561972690854)
(12.682716846466064, 10.944577252507903, 40.472270435355085, 97.79190113580819, -4.9909358484958055)
(12.749960660934448, 10.944577252507903, 40.472270435355085, 97.79190113580819, -4.9909358484958055)
(12.775953531265259, 10.944577252507903, 40.472270435355085, 97.79190113580819, -4.9909358484958055)
(12.883892297744751, 11.582649549882799, 40.68884564921928, 97.88227602134847, -4.968104793416964)
(12.913194179534912, 11.582649549882799, 40.68884564921928, 97.88227602134847, -4.968104793416964)
(12.939749717712402, 11.582649549882799, 40.68884564921928, 97.88227602134847, -4.968104793416964)
(12.998296022415161, 11.582649549882799, 40.68884564921928, 97.88227602134847, -4.939409335195842)
(13.02956771850586, 11.582649549882799, 40.68884564921928, 97.88227602134847, -4.939409335195842)
(13.078622341156006, 11.582649549882799, 40.68884564921928, 97.88227602134847, -4.939409335195842)
(13.131779909133911, 11.853288488779882, 40.971809128235385, 98.13784753670377, -4.941417071487647)
(13.186502456665039, 11.853288488779882, 40.971809128235385, 98.13784753670377, -4.941417071487647)
(13.203651666641235, 11.853288488779882, 40.971809128235385, 98.13784753670377, -4.936159712490499)
(13.242721796035767, 11.853288488779882, 40.971809128235385, 98.13784753670377, -4.936159712490499)
(13.278685092926025, 11.853288488779882, 40.971809128235385, 98.13784753670377, -4.936159712490499)
(13.333560466766357, 12.071323568729433, 41.05835886308839, 98.48326800115453, -4.971668568356032)
(13.367887020111084, 12.071323568729433, 41.05835886308839, 98.48326800115453, -4.971668568356032)
(13.430007457733154, 12.071323568729433, 41.05835886308839, 98.48326800115453, -4.996788582360102)
(13.469748735427856, 12.071323568729433, 41.05835886308839, 98.48326800115453, -4.996788582360102)
(13.485067367553711, 12.071323568729433, 41.05835886308839, 98.48326800115453, -4.996788582360102)
(13.529770374298096, 12.497512015923798, 41.17302431218408, 98.85387569315802, -4.9954914884802)
(13.554447174072266, 12.497512015923798, 41.17302431218408, 98.85387569315802, -4.9954914884802)
(13.593697786331177, 12.497512015923798, 41.17302431218408, 98.85387569315802, -4.9954914884802)
(13.623920679092407, 12.497512015923798, 41.17302431218408, 98.85387569315802, -4.997893604517704)
(13.68739938735962, 12.497512015923798, 41.17302431218408, 98.85387569315802, -4.997893604517704)
(13.735429286956787, 12.555411009272143, 41.40109773918975, 99.12787470089279, -4.993690095054067)
(13.769014835357666, 12.555411009272143, 41.40109773918975, 99.12787470089279, -4.993690095054067)
(13.924221277236938, 12.576570250955397, 41.71314689346738, 99.0412099422851, -5.026969185651767)
(13.99057388305664, 12.576570250955397, 41.71314689346738, 99.0412099422851, -5.0573300189655965)
(14.041294813156128, 12.576570250955397, 41.71314689346738, 99.0412099422851, -5.0573300189655965)
(14.121057748794556, 12.435066332786606, 41.631305933143395, 98.7151923562119, -5.088872611293507)
(14.213033199310303, 12.435066332786606, 41.631305933143395, 98.7151923562119, -5.12410179516026)
(14.28446650505066, 12.4342256501271, 41.76153458026593, 98.60745799438386, -5.156030934974513)
(14.336041688919067, 12.4342256501271, 41.76153458026593, 98.60745799438386, -5.156030934974513)
(14.379580736160278, 12.4342256501271, 41.76153458026593, 98.60745799438386, -5.192174242789591)
(14.423052072525024, 12.4342256501271, 41.76153458026593, 98.60745799438386, -5.192174242789591)
(14.466976881027222, 12.303785449379832, 41.70920885592549, 98.60740064920275, -5.257208188960835)
(14.510659217834473, 12.303785449379832, 41.70920885592549, 98.60740064920275, -5.257208188960835)
(14.583178520202637, 12.303785449379832, 41.70920885592549, 98.60740064920275, -5.273176336424956)
(14.671124935150146, 11.927642719507851, 41.73973715729382, 98.68160358614281, -5.312285229303064)
(14.747440814971924, 11.927642719507851, 41.73973715729382, 98.68160358614281, -5.312285229303064)
(14.842236280441284, 11.927642719507851, 41.73973715729382, 98.68160358614281, -5.364861442709634)
(14.947959661483765, 11.627561232086151, 41.56225665559703, 98.83102423191137, -5.372475520852509)
(15.014504194259644, 11.627561232086151, 41.56225665559703, 98.83102423191137, -5.370049953188347)
(15.072199583053589, 11.627561232086151, 41.56225665559703, 98.83102423191137, -5.370049953188347)
(15.149909973144531, 11.421884587140891, 41.506570331215194, 99.00451754483144, -5.359355762117082)
(15.24560284614563, 11.421884587140891, 41.506570331215194, 99.00451754483144, -5.345553230606647)
(15.313619613647461, 11.298713089395656, 41.32709146924175, 99.23150175807334, -5.34629579036395)
(15.364998817443848, 11.298713089395656, 41.32709146924175, 99.23150175807334, -5.34629579036395)
(15.412220001220703, 11.298713089395656, 41.32709146924175, 99.23150175807334, -5.3761365285865175)
(15.476426601409912, 11.298713089395656, 41.32709146924175, 99.23150175807334, -5.3761365285865175)
(15.58049750328064, 11.23358492734196, 41.274929071273384, 99.45814296151987, -5.367939914138013)
(15.675559997558594, 11.23358492734196, 41.274929071273384, 99.45814296151987, -5.384500678438668)
(15.800501585006714, 11.217118774381207, 41.05214688787854, 99.79267248334817, -5.399251346830027)
(15.912554740905762, 11.172249345522554, 40.89331133221005, 99.83676009200742, -5.382630877685418)
(15.932685852050781, 11.172249345522554, 40.89331133221005, 99.83676009200742, -5.382630877685418)
(15.946248531341553, 11.172249345522554, 40.89331133221005, 99.83676009200742, -5.382630877685418)
(15.992939472198486, 11.172249345522554, 40.89331133221005, 99.83676009200742, -5.382630877685418)
(16.030617237091064, 11.172249345522554, 40.89331133221005, 99.83676009200742, -5.409602076793925)
(16.078513622283936, 11.068322050406103, 40.870486084562785, 99.74974370258975, -5.393603193848463)
(16.127458810806274, 11.068322050406103, 40.870486084562785, 99.74974370258975, -5.393603193848463)
(16.1908278465271, 11.068322050406103, 40.870486084562785, 99.74974370258975, -5.362475659700454)
(16.238739490509033, 11.068322050406103, 40.870486084562785, 99.74974370258975, -5.362475659700454)
(16.2731990814209, 10.938707277979015, 41.004604484714605, 99.45361888865808, -5.382593376941474)
(16.332334280014038, 10.938707277979015, 41.004604484714605, 99.45361888865808, -5.382593376941474)
(16.36386775970459, 10.938707277979015, 41.004604484714605, 99.45361888865808, -5.385755029122879)
(16.382818937301636, 10.938707277979015, 41.004604484714605, 99.45361888865808, -5.385755029122879)
(16.415058135986328, 10.938707277979015, 41.004604484714605, 99.45361888865808, -5.385755029122879)
(16.448408365249634, 10.938707277979015, 41.004604484714605, 99.45361888865808, -5.385755029122879)
(16.482587099075317, 10.834858861171087, 40.911987722877456, 99.27644793807355, -5.385451086539048)
(16.50864887237549, 10.834858861171087, 40.911987722877456, 99.27644793807355, -5.385451086539048)
(16.529712677001953, 10.834858861171087, 40.911987722877456, 99.27644793807355, -5.385451086539048)
(16.54734754562378, 10.834858861171087, 40.911987722877456, 99.27644793807355, -5.385451086539048)
(16.57116436958313, 10.834858861171087, 40.911987722877456, 99.27644793807355, -5.3808817121365635)
(16.603243589401245, 10.834858861171087, 40.911987722877456, 99.27644793807355, -5.3808817121365635)
(16.6350839138031, 10.834858861171087, 40.911987722877456, 99.27644793807355, -5.3808817121365635)
(16.657739639282227, 10.834858861171087, 40.911987722877456, 99.27644793807355, -5.3808817121365635)
(16.674166917800903, 10.98107778459072, 40.46456065456937, 99.00210187585834, -5.361111609194948)
(16.702281951904297, 10.98107778459072, 40.46456065456937, 99.00210187585834, -5.361111609194948)
(16.71886372566223, 10.98107778459072, 40.46456065456937, 99.00210187585834, -5.361111609194948)
(16.75550103187561, 10.98107778459072, 40.46456065456937, 99.00210187585834, -5.361111609194948)
(16.77498459815979, 10.98107778459072, 40.46456065456937, 99.00210187585834, -5.377525931693105)
(16.802329063415527, 10.98107778459072, 40.46456065456937, 99.00210187585834, -5.377525931693105)
(16.828961610794067, 10.98107778459072, 40.46456065456937, 99.00210187585834, -5.377525931693105)
(16.847460746765137, 10.98107778459072, 40.46456065456937, 99.00210187585834, -5.377525931693105)
(16.86476230621338, 10.98107778459072, 40.46456065456937, 99.00210187585834, -5.377525931693105)
(16.884132146835327, 11.098423314730981, 40.12442096348783, 98.71779396571326, -5.379758627711862)
(17.121347188949585, 11.361011133278781, 39.891660305501716, 98.30290477752678, -5.355406297721213)
(17.183168411254883, 11.361011133278781, 39.891660305501716, 98.30290477752678, -5.35852455849266)
(17.235306978225708, 11.361011133278781, 39.891660305501716, 98.30290477752678, -5.35852455849266)
(17.283010244369507, 11.42015186735422, 39.80441159667202, 98.3320112972983, -5.369626207301207)
(17.339273691177368, 11.42015186735422, 39.80441159667202, 98.3320112972983, -5.369626207301207)
(17.390326023101807, 11.42015186735422, 39.80441159667202, 98.3320112972983, -5.347901079278847)
(17.4351704120636, 11.42015186735422, 39.80441159667202, 98.3320112972983, -5.347901079278847)
(17.489176273345947, 11.707877872557614, 39.66166805091733, 98.70755462666887, -5.316270484086522)
(17.542384386062622, 11.707877872557614, 39.66166805091733, 98.70755462666887, -5.316270484086522)
(17.5855975151062, 11.707877872557614, 39.66166805091733, 98.70755462666887, -5.316270484086522)
(17.629797220230103, 11.707877872557614, 39.66166805091733, 98.70755462666887, -5.264208968030591)
(17.674081563949585, 11.707877872557614, 39.66166805091733, 98.70755462666887, -5.264208968030591)
(17.746627807617188, 11.659748983651841, 39.8562005479104, 99.06562137129981, -5.261587214964613)
(17.839932203292847, 11.659748983651841, 39.8562005479104, 99.06562137129981, -5.264148587234441)
(17.914259433746338, 11.939207584056373, 39.80167996763685, 99.3056288129648, -5.2592088209518275)
(17.96242666244507, 11.939207584056373, 39.80167996763685, 99.3056288129648, -5.2592088209518275)
(17.981117725372314, 11.939207584056373, 39.80167996763685, 99.3056288129648, -5.2592088209518275)
(18.01559329032898, 11.939207584056373, 39.80167996763685, 99.3056288129648, -5.224494281555742)
(18.20614767074585, 12.201248698019413, 39.6934710397001, 99.3989420366304, -5.241496121541134)
(18.236790657043457, 12.201248698019413, 39.6934710397001, 99.3989420366304, -5.241496121541134)
(18.281161785125732, 12.562428747357206, 39.97261819851599, 99.39400209944397, -5.261531814610542)
(18.329922199249268, 12.562428747357206, 39.97261819851599, 99.39400209944397, -5.261531814610542)
(18.368087768554688, 12.562428747357206, 39.97261819851599, 99.39400209944397, -5.311358244956916)
(18.41441583633423, 12.562428747357206, 39.97261819851599, 99.39400209944397, -5.311358244956916)
(18.455338716506958, 12.562428747357206, 39.97261819851599, 99.39400209944397, -5.311358244956916)
(18.486331939697266, 12.94716441174585, 39.73794878288719, 99.38372821006874, -5.331178666529382)
(18.519092798233032, 12.94716441174585, 39.73794878288719, 99.38372821006874, -5.331178666529382)
(18.573602199554443, 12.94716441174585, 39.73794878288719, 99.38372821006874, -5.308327060463311)
(18.59426259994507, 12.94716441174585, 39.73794878288719, 99.38372821006874, -5.308327060463311)
(18.63464069366455, 12.94716441174585, 39.73794878288719, 99.38372821006874, -5.308327060463311)
(18.665729522705078, 13.358647806940823, 39.53795302532892, 99.33580572303352, -5.303319462704566)
(18.692837715148926, 13.358647806940823, 39.53795302532892, 99.33580572303352, -5.303319462704566)
(18.743732690811157, 13.358647806940823, 39.53795302532892, 99.33580572303352, -5.303319462704566)
(18.789748191833496, 13.358647806940823, 39.53795302532892, 99.33580572303352, -5.250542232644215)
(18.807751178741455, 13.358647806940823, 39.53795302532892, 99.33580572303352, -5.250542232644215)
(18.82519030570984, 13.358647806940823, 39.53795302532892, 99.33580572303352, -5.250542232644215)
(18.871479034423828, 13.532182936350978, 39.370617262518394, 99.32547419063455, -5.238822099003201)
(18.88828134536743, 13.532182936350978, 39.370617262518394, 99.32547419063455, -5.238822099003201)
(19.15664768218994, 13.595272303590008, 39.35853251311363, 99.39938131294227, -5.242408960189055)
(19.200735569000244, 13.595272303590008, 39.35853251311363, 99.39938131294227, -5.210004588446779)
(19.220309734344482, 13.595272303590008, 39.35853251311363, 99.39938131294227, -5.210004588446779)
(19.235717058181763, 13.595272303590008, 39.35853251311363, 99.39938131294227, -5.210004588446779)
(19.254244327545166, 13.595272303590008, 39.35853251311363, 99.39938131294227, -5.210004588446779)
(19.27354884147644, 13.595272303590008, 39.35853251311363, 99.39938131294227, -5.210004588446779)
(19.305458307266235, 13.928778004658797, 39.254888643308, 99.25294270210935, -5.190839279046381)
(19.33845806121826, 13.928778004658797, 39.254888643308, 99.25294270210935, -5.190839279046381)
(19.39167094230652, 13.928778004658797, 39.254888643308, 99.25294270210935, -5.157985317637031)
(19.419759511947632, 13.928778004658797, 39.254888643308, 99.25294270210935, -5.157985317637031)
(19.460903644561768, 13.928778004658797, 39.254888643308, 99.25294270210935, -5.157985317637031)
(19.50949001312256, 13.913892084090534, 38.98996507252294, 99.2291674650557, -5.127693619093019)
(19.551120281219482, 13.913892084090534, 38.98996507252294, 99.2291674650557, -5.127693619093019)
(19.587836742401123, 13.913892084090534, 38.98996507252294, 99.2291674650557, -5.099774627777591)
(19.60958480834961, 13.913892084090534, 38.98996507252294, 99.2291674650557, -5.099774627777591)
(19.635358095169067, 13.913892084090534, 38.98996507252294, 99.2291674650557, -5.099774627777591)
(19.658071041107178, 13.913892084090534, 38.98996507252294, 99.2291674650557, -5.099774627777591)
(19.697866916656494, 13.856805059099768, 38.36444530327913, 99.14437326690313, -5.10185139828077)
(19.72430944442749, 13.856805059099768, 38.36444530327913, 99.14437326690313, -5.10185139828077)
(19.73908567428589, 13.856805059099768, 38.36444530327913, 99.14437326690313, -5.10185139828077)
(19.76060390472412, 13.856805059099768, 38.36444530327913, 99.14437326690313, -5.10185139828077)
(19.802004098892212, 13.856805059099768, 38.36444530327913, 99.14437326690313, -5.076508493221582)
(19.822157859802246, 13.856805059099768, 38.36444530327913, 99.14437326690313, -5.076508493221582)
(19.854217529296875, 13.856805059099768, 38.36444530327913, 99.14437326690313, -5.076508493221582)
(19.872377157211304, 13.856805059099768, 38.36444530327913, 99.14437326690313, -5.076508493221582)
(19.938531160354614, 13.86409962795037, 37.67723892691365, 98.88299246049944, -5.063235116921211)
(20.162352085113525, 13.926472799064687, 36.69610074293632, 98.65500563860724, -5.000724176421832)
(20.189983367919922, 13.926472799064687, 36.69610074293632, 98.65500563860724, -5.000724176421832)
(20.206634998321533, 13.926472799064687, 36.69610074293632, 98.65500563860724, -4.97321441248547)
(20.22992753982544, 13.926472799064687, 36.69610074293632, 98.65500563860724, -4.97321441248547)
(20.460672616958618, 13.999264858125244, 35.772926421676246, 98.53030237949545, -4.993943318090258)
(20.48658275604248, 13.999264858125244, 35.772926421676246, 98.53030237949545, -4.993943318090258)
(20.505589485168457, 14.163785892134682, 35.033687114624406, 98.60957128075945, -4.991591800618378)
(20.54215717315674, 14.163785892134682, 35.033687114624406, 98.60957128075945, -4.991591800618378)
(20.598430633544922, 14.163785892134682, 35.033687114624406, 98.60957128075945, -4.997499932681353)
(20.62423610687256, 14.163785892134682, 35.033687114624406, 98.60957128075945, -4.997499932681353)
(20.648510456085205, 14.163785892134682, 35.033687114624406, 98.60957128075945, -4.997499932681353)
(20.699398517608643, 14.232718597639622, 34.13418034416806, 98.84953117306141, -4.98602906505666)
(20.73122811317444, 14.232718597639622, 34.13418034416806, 98.84953117306141, -4.98602906505666)
(20.74905228614807, 14.232718597639622, 34.13418034416806, 98.84953117306141, -4.98602906505666)
(20.7774395942688, 14.232718597639622, 34.13418034416806, 98.84953117306141, -4.990244264777207)
(20.98280119895935, 14.461328156014137, 33.20203270529546, 99.31936785687111, -4.964086751830858)
(21.01171851158142, 14.461328156014137, 33.20203270529546, 99.31936785687111, -4.964086751830858)
(21.05129098892212, 14.461328156014137, 33.20203270529546, 99.31936785687111, -4.964086751830858)
(21.20214080810547, 14.80522848331546, 32.41213928048503, 99.72719737863021, -4.951933138399408)
(21.35836100578308, 15.126136869573731, 31.443250995487883, 99.92031077431562, -4.962141782040339)
(21.46351933479309, 15.126136869573731, 31.443250995487883, 99.92031077431562, -4.969034858423273)
(21.515817642211914, 15.177781744047655, 30.88187272422787, 100.03444224459197, -4.989757509730399)
(21.562321186065674, 15.177781744047655, 30.88187272422787, 100.03444224459197, -4.989757509730399)
(21.61099934577942, 15.177781744047655, 30.88187272422787, 100.03444224459197, -4.997123754578907)
(21.71435546875, 15.17446323251901, 30.410893809062, 99.81491395635017, -5.005709641926478)
(21.819387435913086, 15.17446323251901, 30.410893809062, 99.81491395635017, -5.005446322111278)
(21.92458987236023, 15.057039431807782, 29.81270612557181, 99.36525034413214, -5.026215222930131)
(21.97901487350464, 15.057039431807782, 29.81270612557181, 99.36525034413214, -5.026215222930131)
(22.086272478103638, 15.057039431807782, 29.81270612557181, 99.36525034413214, -5.023185804212823)
(22.184805154800415, 14.805273484447262, 29.17966345887238, 98.93979557355668, -5.021561268511004)
(22.25009846687317, 14.805273484447262, 29.17966345887238, 98.93979557355668, -5.040545234702428)
(22.27012348175049, 14.805273484447262, 29.17966345887238, 98.93979557355668, -5.040545234702428)
(22.283820867538452, 14.805273484447262, 29.17966345887238, 98.93979557355668, -5.040545234702428)
(22.31773281097412, 14.631048860273062, 28.38964478195761, 98.57390064723715, -5.060063357301109)
(22.334405183792114, 14.631048860273062, 28.38964478195761, 98.57390064723715, -5.060063357301109)
(22.360191106796265, 14.631048860273062, 28.38964478195761, 98.57390064723715, -5.060063357301109)
(22.38934063911438, 14.631048860273062, 28.38964478195761, 98.57390064723715, -5.060063357301109)
(22.404953479766846, 14.631048860273062, 28.38964478195761, 98.57390064723715, -5.078978307325357)
(22.437649965286255, 14.631048860273062, 28.38964478195761, 98.57390064723715, -5.078978307325357)
(22.46700143814087, 14.631048860273062, 28.38964478195761, 98.57390064723715, -5.078978307325357)
(22.486413955688477, 14.631048860273062, 28.38964478195761, 98.57390064723715, -5.078978307325357)
(22.50437617301941, 14.349893094933647, 27.705606481325002, 98.47712713867521, -5.114634166026487)
(22.529746294021606, 14.349893094933647, 27.705606481325002, 98.47712713867521, -5.114634166026487)
(22.545253038406372, 14.349893094933647, 27.705606481325002, 98.47712713867521, -5.114634166026487)
(22.570048332214355, 14.349893094933647, 27.705606481325002, 98.47712713867521, -5.114634166026487)
(22.59242844581604, 14.349893094933647, 27.705606481325002, 98.47712713867521, -5.114634166026487)
(22.608304977416992, 14.349893094933647, 27.705606481325002, 98.47712713867521, -5.131072446490764)
(22.625659942626953, 14.349893094933647, 27.705606481325002, 98.47712713867521, -5.131072446490764)
(22.64353084564209, 14.349893094933647, 27.705606481325002, 98.47712713867521, -5.131072446490764)
(22.831341981887817, 14.428251325907983, 27.062457545152732, 98.52656311525759, -5.144799491173414)
(22.864336729049683, 14.574681218354195, 26.556032350947138, 98.61136802777342, -5.175114867758578)
(22.881714344024658, 14.574681218354195, 26.556032350947138, 98.61136802777342, -5.175114867758578)
(22.902947187423706, 14.574681218354195, 26.556032350947138, 98.61136802777342, -5.175114867758578)
(22.931328296661377, 14.574681218354195, 26.556032350947138, 98.61136802777342, -5.175114867758578)
(22.946041345596313, 14.574681218354195, 26.556032350947138, 98.61136802777342, -5.175114867758578)
(22.969181060791016, 14.574681218354195, 26.556032350947138, 98.61136802777342, -5.165244987885394)
(22.983887195587158, 14.574681218354195, 26.556032350947138, 98.61136802777342, -5.165244987885394)
(22.99920964241028, 14.574681218354195, 26.556032350947138, 98.61136802777342, -5.165244987885394)
(23.070981979370117, 14.658130105763354, 25.97609803427217, 98.59315353071554, -5.190349348614531)
(23.10209059715271, 14.658130105763354, 25.97609803427217, 98.59315353071554, -5.190349348614531)
(23.136438608169556, 14.658130105763354, 25.97609803427217, 98.59315353071554, -5.190349348614531)
(23.185795068740845, 14.658130105763354, 25.97609803427217, 98.59315353071554, -5.202972461782309)
(23.216025829315186, 14.658130105763354, 25.97609803427217, 98.59315353071554, -5.202972461782309)
(23.23727798461914, 14.658130105763354, 25.97609803427217, 98.59315353071554, -5.202972461782309)
(23.256967306137085, 14.658130105763354, 25.97609803427217, 98.59315353071554, -5.202972461782309)
(23.304147958755493, 14.675537786186942, 25.457236368994188, 98.75399282842083, -5.190037508977232)
(23.323338270187378, 14.675537786186942, 25.457236368994188, 98.75399282842083, -5.190037508977232)
(23.34508728981018, 14.675537786186942, 25.457236368994188, 98.75399282842083, -5.190037508977232)
(23.564711809158325, 14.743593596162375, 25.01877618606516, 98.8212900881772, -5.150092238954055)
(23.619930744171143, 14.743593596162375, 25.01877618606516, 98.8212900881772, -5.15470656500405)
(23.675984621047974, 14.835240574078915, 24.54588814701787, 98.71449036405092, -5.170971611149965)
(23.72008991241455, 14.835240574078915, 24.54588814701787, 98.71449036405092, -5.170971611149965)
(23.7638156414032, 14.835240574078915, 24.54588814701787, 98.71449036405092, -5.170971611149965)
(23.80880331993103, 14.835240574078915, 24.54588814701787, 98.71449036405092, -5.164669433065551)
(23.881710290908813, 14.96109423213586, 23.98188977931799, 98.65895714655878, -5.168625293030811)
(23.986551523208618, 14.96109423213586, 23.98188977931799, 98.65895714655878, -5.1576379664294265)
(24.052846670150757, 14.96109423213586, 23.98188977931799, 98.65895714655878, -5.1576379664294265)
(24.100788593292236, 15.15458947289232, 23.633623217234607, 98.91299860819137, -5.186371768983809)
(24.144843101501465, 15.15458947289232, 23.633623217234607, 98.91299860819137, -5.186371768983809)
(24.18877911567688, 15.15458947289232, 23.633623217234607, 98.91299860819137, -5.206070796182945)
(24.23250436782837, 15.15458947289232, 23.633623217234607, 98.91299860819137, -5.206070796182945)
(24.27590560913086, 15.15458947289232, 23.633623217234607, 98.91299860819137, -5.206070796182945)
(24.33097195625305, 15.365464718300496, 23.12478855432158, 99.10636893502989, -5.203825495284907)
(24.34384059906006, 15.365464718300496, 23.12478855432158, 99.10636893502989, -5.203825495284907)
(24.844813108444214, 16.011897522464846, 21.688806206578537, 98.81862875065917, -5.294567185482119)
(25.3456449508667, 16.1424618258894, 20.768009623281458, 98.20267703775498, -5.301803548335863, 'fly')
(25.460583209991455, 16.09855982914947, 21.254534798504334, 98.20581494081033, -5.647494217186001, 'fly')
(25.559462308883667, 16.09855982914947, 21.254534798504334, 98.20581494081033, -5.647494217186001, 'fly')
(25.629322052001953, 16.09855982914947, 21.254534798504334, 98.20581494081033, -6.564084516586446, 'fly')
(25.68501377105713, 15.979447533968651, 22.619534476687935, 98.31876147887277, -7.345726271938393, 'fly')
(25.745556354522705, 15.979447533968651, 22.619534476687935, 98.31876147887277, -7.345726271938393, 'fly')
(25.805409908294678, 15.979447533968651, 22.619534476687935, 98.31876147887277, -7.922947379573015, 'fly')
(25.85494899749756, 15.979447533968651, 22.619534476687935, 98.31876147887277, -7.922947379573015, 'fly')
(25.907216787338257, 15.960249526849726, 25.07003834808678, 98.50642869270563, -7.765615111039416, 'fly')
(25.955284357070923, 15.960249526849726, 25.07003834808678, 98.50642869270563, -7.765615111039416, 'fly')
(26.010260105133057, 15.960249526849726, 25.07003834808678, 98.50642869270563, -7.459388304193759, 'fly')
(26.06157088279724, 15.960249526849726, 25.07003834808678, 98.50642869270563, -7.459388304193759, 'fly')
(26.106630563735962, 15.7672446227614, 28.25886267710677, 98.62895944061052, -7.36803005070206, 'fly')
(26.15768003463745, 15.7672446227614, 28.25886267710677, 98.62895944061052, -7.36803005070206, 'fly')
(26.210110187530518, 15.7672446227614, 28.25886267710677, 98.62895944061052, -7.284703852619858, 'fly')
(26.262045860290527, 15.7672446227614, 28.25886267710677, 98.62895944061052, -7.284703852619858, 'fly')
(26.307748079299927, 15.541746865463624, 31.74184628082382, 98.54463213569468, -7.104422467441513, 'fly')
(26.381834506988525, 15.541746865463624, 31.74184628082382, 98.54463213569468, -7.104422467441513, 'fly')
(26.46962571144104, 15.541746865463624, 31.74184628082382, 98.54463213569468, -6.904516655595003, 'fly')
(26.56541347503662, 15.253865858187746, 35.611596528844366, 98.44928444523524, -6.794676553692911, 'fly')
(26.62777280807495, 15.253865858187746, 35.611596528844366, 98.44928444523524, -6.6284310016314425, 'fly')
(26.677760362625122, 15.253865858187746, 35.611596528844366, 98.44928444523524, -6.6284310016314425, 'fly')
(26.76931881904602, 15.033909475020316, 39.67093970165911, 98.53128050645041, -6.5519503766137515, 'fly')
(26.86495876312256, 15.033909475020316, 39.67093970165911, 98.53128050645041, -6.486629715716939, 'fly')
(26.928523778915405, 14.833970469349387, 44.13776219423395, 98.62370782836125, -6.395004008528501, 'fly')
(26.978020191192627, 14.833970469349387, 44.13776219423395, 98.62370782836125, -6.395004008528501, 'fly')
(27.07121205329895, 14.833970469349387, 44.13776219423395, 98.62370782836125, -6.268811172434653, 'fly')
(27.186172485351562, 14.88240248561719, 49.02225378194766, 98.76492862684493, -6.147319513383287, 'fly')
(27.246017932891846, 14.88240248561719, 49.02225378194766, 98.76492862684493, -6.0200403108580485, 'fly')
(27.34910011291504, 14.89112609999796, 53.66305573598847, 98.89583464549601, -6.049081503732934, 'fly')
(27.44998335838318, 14.89112609999796, 53.66305573598847, 98.89583464549601, -6.187761309019955, 'fly')
(27.604796171188354, 14.802182997656038, 58.37071785585839, 99.08251816148021, -6.150346091530556, 'fly')
(27.694188117980957, 14.52311252436223, 62.90808558264351, 99.39723624246669, -5.905938071527782, 'fly')
(27.756957054138184, 14.52311252436223, 62.90808558264351, 99.39723624246669, -5.905938071527782, 'fly')
(27.817596435546875, 14.52311252436223, 62.90808558264351, 99.39723624246669, -5.667906948298757, 'fly')
(27.884109258651733, 14.09148449404242, 67.3076692601395, 99.63576543292092, -5.548590739861401, 'fly')
(27.95147442817688, 14.09148449404242, 67.3076692601395, 99.63576543292092, -5.548590739861401, 'fly')
(28.017195224761963, 14.09148449404242, 67.3076692601395, 99.63576543292092, -5.490412571732639, 'fly')
(28.083928108215332, 14.065790288298748, 71.78023055537591, 99.17206579050365, -5.6877055005376524, 'fly')
(28.150817155838013, 14.065790288298748, 71.78023055537591, 99.17206579050365, -5.6877055005376524, 'fly')
(28.21752142906189, 14.065790288298748, 71.78023055537591, 99.17206579050365, -5.800358799695123, 'fly')
(28.284959077835083, 13.828853864126282, 76.19243406369458, 98.60375764169888, -5.8144954836189875, 'fly')
(28.351279258728027, 13.828853864126282, 76.19243406369458, 98.60375764169888, -5.8144954836189875, 'fly')
(28.41828727722168, 13.828853864126282, 76.19243406369458, 98.60375764169888, -5.7708265002983, 'fly')
(28.484514713287354, 13.673608818292825, 80.91906358716913, 97.99002625902997, -5.753336492987905, 'fly')
(28.510637044906616, 13.673608818292825, 80.91906358716913, 97.99002625902997, -5.753336492987905, 'fly')
(28.54718279838562, 13.673608818292825, 80.91906358716913, 97.99002625902997, -5.753336492987905, 'fly')
(28.584078311920166, 13.673608818292825, 80.91906358716913, 97.99002625902997, -5.810624533908662, 'fly')
(28.61648416519165, 13.673608818292825, 80.91906358716913, 97.99002625902997, -5.810624533908662, 'fly')
(28.66536808013916, 13.673608818292825, 80.91906358716913, 97.99002625902997, -5.810624533908662, 'fly')
(28.697689294815063, 13.835726765628332, 85.35854578067827, 97.50749896653632, -5.837119608157902, 'fly')
(28.754886865615845, 13.835726765628332, 85.35854578067827, 97.50749896653632, -5.837119608157902, 'fly')
(28.78072452545166, 13.835726765628332, 85.35854578067827, 97.50749896653632, -5.837119608157902, 'fly')
(28.80736780166626, 13.835726765628332, 85.35854578067827, 97.50749896653632, -5.79606017253896, 'fly')
(28.867273569107056, 13.835726765628332, 85.35854578067827, 97.50749896653632, -5.79606017253896, 'fly')
(28.89900493621826, 13.893697181296131, 90.34837089617845, 97.38554449285502, -5.689122183438393, 'fly')
(28.943564891815186, 13.893697181296131, 90.34837089617845, 97.38554449285502, -5.689122183438393, 'fly')
(28.993297576904297, 13.893697181296131, 90.34837089617845, 97.38554449285502, -5.663019457652302, 'fly')
(29.02774429321289, 13.893697181296131, 90.34837089617845, 97.38554449285502, -5.663019457652302, 'fly')
(29.06880021095276, 13.893697181296131, 90.34837089617845, 97.38554449285502, -5.663019457652302, 'fly')
(29.08866047859192, 13.893697181296131, 90.34837089617845, 97.38554449285502, -5.663019457652302, 'fly')
(29.12513780593872, 14.461224060992091, 95.00190312591725, 97.2650722624944, -5.821142382273108, 'fly')
(29.18574810028076, 14.461224060992091, 95.00190312591725, 97.2650722624944, -5.821142382273108, 'fly')
(29.217015027999878, 14.461224060992091, 95.00190312591725, 97.2650722624944, -6.015345087523203, 'fly')
(29.45871067047119, 15.206145506957181, 99.32546843727393, 97.40322859252842, -6.123406833987511, 'fly')
(29.477423906326294, 15.206145506957181, 99.32546843727393, 97.40322859252842, -6.123406833987511, 'fly')
(29.51991057395935, 16.130598692286547, 103.76390730929486, 97.46930341210671, -5.920641163291285, 'fly')
(29.538466453552246, 16.130598692286547, 103.76390730929486, 97.46930341210671, -5.920641163291285, 'fly')
(29.559351205825806, 16.130598692286547, 103.76390730929486, 97.46930341210671, -5.747340793660772, 'fly')
(29.58975315093994, 16.130598692286547, 103.76390730929486, 97.46930341210671, -5.747340793660772, 'fly')
(29.605238676071167, 16.130598692286547, 103.76390730929486, 97.46930341210671, -5.747340793660772, 'fly')
(29.628323793411255, 16.130598692286547, 103.76390730929486, 97.46930341210671, -5.747340793660772, 'fly')
(29.659975051879883, 17.05047988437978, 108.11394747146977, 97.56821664823029, -5.856170970200667, 'fly')
(29.675820112228394, 17.05047988437978, 108.11394747146977, 97.56821664823029, -5.856170970200667, 'fly')
(29.880087852478027, 17.904550305929366, 112.26625768497955, 97.86287273186315, -6.600216262116856, 'fly')
(29.96248173713684, 17.904550305929366, 112.26625768497955, 97.86287273186315, -7.035166968072298, 'fly')
(30.074626922607422, 18.943642080451323, 116.67558415561142, 98.12913260334787, -7.289991913850235, 'fly')
(30.137977600097656, 18.943642080451323, 116.67558415561142, 98.12913260334787, -7.289991913850235, 'fly')
(30.186426162719727, 18.943642080451323, 116.67558415561142, 98.12913260334787, -7.248128364350169, 'fly')
(30.231148719787598, 18.943642080451323, 116.67558415561142, 98.12913260334787, -7.248128364350169, 'fly')
(30.27557897567749, 19.500375035985847, 121.22905809673121, 98.32604588754313, -7.240838347770675, 'fly')
(30.32023572921753, 19.500375035985847, 121.22905809673121, 98.32604588754313, -7.240838347770675, 'fly')
(30.364399433135986, 19.500375035985847, 121.22905809673121, 98.32604588754313, -7.240838347770675, 'fly')
(30.408787727355957, 19.500375035985847, 121.22905809673121, 98.32604588754313, -7.1983025097514055, 'fly')
(30.453743934631348, 19.500375035985847, 121.22905809673121, 98.32604588754313, -7.1983025097514055, 'fly')
(30.498863697052002, 20.117191183438425, 125.40743388509952, 98.63832424156807, -7.134598148962157, 'fly')
(30.520654916763306, 20.117191183438425, 125.40743388509952, 98.63832424156807, -7.134598148962157, 'fly')
(30.53362727165222, 20.117191183438425, 125.40743388509952, 98.63832424156807, -7.134598148962157, 'fly')
(30.545337915420532, 20.117191183438425, 125.40743388509952, 98.63832424156807, -7.134598148962157, 'fly')
(30.566689252853394, 20.117191183438425, 125.40743388509952, 98.63832424156807, -7.134598148962157, 'fly')
(30.589332342147827, 20.117191183438425, 125.40743388509952, 98.63832424156807, -7.002073167492151, 'fly')
(30.604709148406982, 20.117191183438425, 125.40743388509952, 98.63832424156807, -7.002073167492151, 'fly')
(30.620414972305298, 20.117191183438425, 125.40743388509952, 98.63832424156807, -7.002073167492151, 'fly')
(30.658376455307007, 20.117191183438425, 125.40743388509952, 98.63832424156807, -7.002073167492151, 'fly')
(30.67883563041687, 20.69319522522445, 129.80399564201056, 98.70193577364864, -6.846210256427213, 'fly')
(30.702126026153564, 20.69319522522445, 129.80399564201056, 98.70193577364864, -6.846210256427213, 'fly')
(30.762641191482544, 20.69319522522445, 129.80399564201056, 98.70193577364864, -6.846210256427213, 'fly')
(30.99901032447815, 20.562436835705554, 134.03293355912166, 98.81332487833264, -6.594254033916689, 'fly')
(31.02031636238098, 20.562436835705554, 134.03293355912166, 98.81332487833264, -6.594254033916689, 'fly')
(31.053483486175537, 20.562436835705554, 134.03293355912166, 98.81332487833264, -6.594254033916689, 'fly')
(31.243163108825684, 20.499730155053545, 138.78398857065562, 98.87864837277455, -6.6195056786020405, 'fly')
(31.26878547668457, 20.499730155053545, 138.78398857065562, 98.87864837277455, -6.6195056786020405, 'fly')
(31.293952226638794, 20.19152262270096, 143.36942083792255, 98.87622277612302, -6.702040766603957, 'fly')
(31.319162845611572, 20.19152262270096, 143.36942083792255, 98.87622277612302, -6.702040766603957, 'fly')
(31.521890878677368, 19.889835440790897, 148.0644190267719, 98.78608505833257, -6.96117649608555, 'fly')
(31.59532880783081, 19.889835440790897, 148.0644190267719, 98.78608505833257, -6.96117649608555, 'fly')
(31.644582748413086, 19.889835440790897, 148.0644190267719, 98.78608505833257, -6.985314426701434, 'fly')
(31.72982907295227, 19.389913332505863, 152.48029507335525, 99.18733088059665, -6.909183251571818, 'fly')
(31.826435804367065, 19.389913332505863, 152.48029507335525, 99.18733088059665, -6.753801443180182, 'fly')
(31.896193742752075, 19.018256115734452, 157.22426971011546, 99.66185304382478, -6.773249955236791, 'fly')
(31.950273275375366, 19.018256115734452, 157.22426971011546, 99.66185304382478, -6.773249955236791, 'fly')
(32.01179623603821, 19.018256115734452, 157.22426971011546, 99.66185304382478, -7.0106580018863, 'fly')
(32.128151655197144, 18.814511213316067, 162.13638775485958, 99.82465139036714, -7.284752805913083, 'fly')
(32.23894143104553, 18.814511213316067, 162.13638775485958, 99.82465139036714, -7.560248736876051, 'fly')
(32.293031454086304, 18.95570907941229, 167.20944838858526, 99.65748135657175, -7.769028107860704, 'fly')
(32.346235275268555, 18.95570907941229, 167.20944838858526, 99.65748135657175, -7.769028107860704, 'fly')
(32.452765226364136, 18.95570907941229, 167.20944838858526, 99.65748135657175, -7.68612961371756, 'fly')
(32.572118520736694, 18.75839896417562, 171.98054567519574, 99.421022419166, -7.652114041488449, 'fly')
(32.766408920288086, 18.34958148159236, 176.46143342774315, 99.08237562337499, -7.652577831915696, 'fly')
(32.822213649749756, 18.34958148159236, 176.46143342774315, 99.08237562337499, -7.680086456723201, 'fly')
(32.85316514968872, 18.34958148159236, 176.46143342774315, 99.08237562337499, -7.680086456723201, 'fly')
(32.872795820236206, 18.34958148159236, 176.46143342774315, 99.08237562337499, -7.680086456723201, 'fly')
(32.892945289611816, 18.188324725047956, 181.25065219266114, 98.79210844819706, -7.675765903685667, 'fly')
(32.91945171356201, 18.188324725047956, 181.25065219266114, 98.79210844819706, -7.675765903685667, 'fly')
(32.93863558769226, 18.188324725047956, 181.25065219266114, 98.79210844819706, -7.675765903685667, 'fly')
(32.95544219017029, 18.188324725047956, 181.25065219266114, 98.79210844819706, -7.675765903685667, 'fly')
(32.97778606414795, 18.188324725047956, 181.25065219266114, 98.79210844819706, -7.675765903685667, 'fly')
(33.213775873184204, 17.77222219604886, 185.6101535432837, 98.55515055219254, -7.679794054108903, 'fly')
(33.23788595199585, 17.77222219604886, 185.6101535432837, 98.55515055219254, -7.679794054108903, 'fly')
(33.25424814224243, 17.77222219604886, 185.6101535432837, 98.55515055219254, -7.679794054108903, 'fly')
(33.27073812484741, 17.77222219604886, 185.6101535432837, 98.55515055219254, -7.679794054108903, 'fly')
(33.286192417144775, 17.77222219604886, 185.6101535432837, 98.55515055219254, -7.679794054108903, 'fly')
(33.30314660072327, 17.4409014757142, 190.4304766178483, 98.40896598613618, -7.651812851334656, 'fly')
(33.34843587875366, 17.4409014757142, 190.4304766178483, 98.40896598613618, -7.651812851334656, 'fly')
(33.602215051651, 17.472229516636528, 195.3382020569558, 98.12128037042842, -7.6924174554729845, 'fly')
(33.63929748535156, 17.472229516636528, 195.3382020569558, 98.12128037042842, -7.6924174554729845, 'fly')
(33.67221927642822, 17.472229516636528, 195.3382020569558, 98.12128037042842, -7.6924174554729845, 'fly')
(33.702927589416504, 17.52709975433203, 199.58272451404503, 98.07839437546764, -7.748293233350379, 'fly')
(33.72979211807251, 17.52709975433203, 199.58272451404503, 98.07839437546764, -7.748293233350379, 'fly')
(33.747214794158936, 17.52709975433203, 199.58272451404503, 98.07839437546764, -7.748293233350379, 'fly')
(33.77155017852783, 17.52709975433203, 199.58272451404503, 98.07839437546764, -7.748293233350379, 'fly')
(33.862841844558716, 17.437699120393845, 203.19162582008715, 98.03481637934756, -7.767605305249573, 'fly')
(33.90637016296387, 17.437699120393845, 203.19162582008715, 98.03481637934756, -7.767605305249573, 'fly')
(33.9556143283844, 17.437699120393845, 203.19162582008715, 98.03481637934756, -7.784697496272226, 'fly')
(33.996426582336426, 17.437699120393845, 203.19162582008715, 98.03481637934756, -7.784697496272226, 'fly')
(34.03000998497009, 17.437699120393845, 203.19162582008715, 98.03481637934756, -7.784697496272226, 'fly')
(34.06899952888489, 17.149528496407818, 206.84607173622274, 98.22472300474547, -7.781981201606458, 'fly')
(34.10173797607422, 17.149528496407818, 206.84607173622274, 98.22472300474547, -7.781981201606458, 'fly')
(34.128472089767456, 17.149528496407818, 206.84607173622274, 98.22472300474547, -7.781981201606458, 'fly')
(34.145073652267456, 17.149528496407818, 206.84607173622274, 98.22472300474547, -7.781981201606458, 'fly')
(34.19343852996826, 17.149528496407818, 206.84607173622274, 98.22472300474547, -7.7898610066600735, 'fly')
(34.228844165802, 17.149528496407818, 206.84607173622274, 98.22472300474547, -7.7898610066600735, 'fly')
(34.27452492713928, 16.65544001231404, 208.26391746384192, 98.33331319175456, -7.8939966933675745, 'fly')
