====================== HEADER ======================
Odometry data will folow format (time, x, y, z, yaw)
Landing site: (-1, x, y, z, yaw)
X = left and right
Y = foraward backward
Z = height
=====================================================
('min', -98.40475873820083, 119.14201894866346, 42.115878324963404)
('max', -72.86702461727444, 122.0020148464769, 43.35096051320413)
('dlp', -90.5167780049847, 120.72280345676808, 43.35096051320413, 26.417274499823918)
(0, -83.6950066049354, -21.023114212893766, 65.34644196761322, 21.02372870161713)
(0.0006763935089111328, -83.6950066049354, -21.023114212893766, 65.34644196761322, 21.02372870161713)
(0.05207705497741699, -83.6950066049354, -21.023114212893766, 65.34644196761322, 21.02372870161713)
(0.08219194412231445, -84.00849958948271, -20.967977103153352, 65.36562355882391, 21.35920451698307)
(0.11325883865356445, -84.00849958948271, -20.967977103153352, 65.36562355882391, 21.35920451698307)
(0.13493704795837402, -84.00849958948271, -20.967977103153352, 65.36562355882391, 21.35920451698307)
(0.16219282150268555, -84.00849958948271, -20.967977103153352, 65.36562355882391, 21.35920451698307)
(0.1941661834716797, -84.00849958948271, -20.967977103153352, 65.36562355882391, 21.261135844239234)
(0.22601842880249023, -84.00849958948271, -20.967977103153352, 65.36562355882391, 21.261135844239234)
(0.2693636417388916, -84.17443641748373, -21.067449642830038, 65.30582528912747, 21.296107119556673)
(0.3027939796447754, -84.17443641748373, -21.067449642830038, 65.30582528912747, 21.296107119556673)
(0.3321061134338379, -84.17443641748373, -21.067449642830038, 65.30582528912747, 21.296107119556673)
(0.3760385513305664, -84.17443641748373, -21.067449642830038, 65.30582528912747, 21.30010847330059)
(0.39503955841064453, -84.17443641748373, -21.067449642830038, 65.30582528912747, 21.30010847330059)
(0.4371218681335449, -84.17443641748373, -21.067449642830038, 65.30582528912747, 21.30010847330059)
(0.4515197277069092, -84.17443641748373, -21.067449642830038, 65.30582528912747, 21.30010847330059)
(0.46588826179504395, -84.17443641748373, -21.067449642830038, 65.30582528912747, 21.30010847330059)
(0.4930896759033203, -84.98365707430857, -21.35061734165063, 64.40421189372925, 21.31416562525805)
(0.5392117500305176, -84.98365707430857, -21.35061734165063, 64.40421189372925, 21.31416562525805)
(0.5748715400695801, -84.98365707430857, -21.35061734165063, 64.40421189372925, 21.35146085417243)
(0.6057262420654297, -84.98365707430857, -21.35061734165063, 64.40421189372925, 21.35146085417243)
(0.6354000568389893, -86.71658402479076, -21.50094032948882, 62.28901755658821, 21.375313142304442)
(0.6961672306060791, -86.71658402479076, -21.50094032948882, 62.28901755658821, 21.375313142304442)
(0.7139284610748291, -86.71658402479076, -21.50094032948882, 62.28901755658821, 21.375313142304442)
(0.7280564308166504, -86.71658402479076, -21.50094032948882, 62.28901755658821, 21.41090617874759)
(0.7590734958648682, -86.71658402479076, -21.50094032948882, 62.28901755658821, 21.41090617874759)
(0.8636634349822998, -89.47930521125167, -21.677048701125397, 59.23805784954473, 21.411750347541005)
(0.8995814323425293, -89.47930521125167, -21.677048701125397, 59.23805784954473, 21.411750347541005)
(0.9325718879699707, -89.47930521125167, -21.677048701125397, 59.23805784954473, 21.39676013440865)
(0.9657158851623535, -89.47930521125167, -21.677048701125397, 59.23805784954473, 21.39676013440865)
(0.9855759143829346, -89.47930521125167, -21.677048701125397, 59.23805784954473, 21.39676013440865)
(1.0379772186279297, -92.89129700766739, -21.86667746254247, 56.23322355499102, 21.355987722040833)
(1.070913553237915, -92.89129700766739, -21.86667746254247, 56.23322355499102, 21.355987722040833)
(1.1125962734222412, -92.89129700766739, -21.86667746254247, 56.23322355499102, 21.355987722040833)
(1.1496024131774902, -92.89129700766739, -21.86667746254247, 56.23322355499102, 21.329098436267678)
(1.1968834400177002, -92.89129700766739, -21.86667746254247, 56.23322355499102, 21.329098436267678)
(1.2350478172302246, -92.89129700766739, -21.86667746254247, 56.23322355499102, 21.329098436267678)
(1.2653608322143555, -96.83867495587242, -21.775650473772753, 52.796660122397654, 21.332499560532597)
(1.2887940406799316, -96.83867495587242, -21.775650473772753, 52.796660122397654, 21.332499560532597)
(1.4148662090301514, -96.83867495587242, -21.775650473772753, 52.796660122397654, 21.263047941606697)
(1.4682741165161133, -101.21083936171048, -21.676354122641378, 49.278049481108226, 21.254215156942255)
(1.5052027702331543, -101.21083936171048, -21.676354122641378, 49.278049481108226, 21.254215156942255)
(1.5219316482543945, -101.21083936171048, -21.676354122641378, 49.278049481108226, 21.254215156942255)
(1.5591614246368408, -101.21083936171048, -21.676354122641378, 49.278049481108226, 21.194341546087507)
(1.5760235786437988, -101.21083936171048, -21.676354122641378, 49.278049481108226, 21.194341546087507)
(1.590311050415039, -101.21083936171048, -21.676354122641378, 49.278049481108226, 21.194341546087507)
(1.6044085025787354, -101.21083936171048, -21.676354122641378, 49.278049481108226, 21.194341546087507)
(1.6374385356903076, -101.21083936171048, -21.676354122641378, 49.278049481108226, 21.194341546087507)
(1.6585948467254639, -105.03433790084735, -21.954992780362353, 46.06720280255405, 21.18968168370462)
(1.6900441646575928, -105.03433790084735, -21.954992780362353, 46.06720280255405, 21.18968168370462)
(1.7265331745147705, -105.03433790084735, -21.954992780362353, 46.06720280255405, 21.18968168370462)
(1.7753584384918213, -105.03433790084735, -21.954992780362353, 46.06720280255405, 21.147970639038256)
(1.79006028175354, -105.03433790084735, -21.954992780362353, 46.06720280255405, 21.147970639038256)
(1.8044323921203613, -105.03433790084735, -21.954992780362353, 46.06720280255405, 21.147970639038256)
(1.854752540588379, -108.27709121250474, -22.13484850582008, 43.97218180789546, 21.119302886673687)
(1.8845787048339844, -108.27709121250474, -22.13484850582008, 43.97218180789546, 21.119302886673687)
(1.8995349407196045, -108.27709121250474, -22.13484850582008, 43.97218180789546, 21.119302886673687)
(1.926095962524414, -108.27709121250474, -22.13484850582008, 43.97218180789546, 21.119302886673687)
(2.004366397857666, -108.27709121250474, -22.13484850582008, 43.97218180789546, 21.13820393173381)
(2.0517284870147705, -108.27709121250474, -22.13484850582008, 43.97218180789546, 21.13820393173381)
(2.0918447971343994, -110.93059589372218, -22.407612459453876, 41.72032220564908, 21.15362029463669)
(2.117546558380127, -110.93059589372218, -22.407612459453876, 41.72032220564908, 21.15362029463669)
(2.1532814502716064, -110.93059589372218, -22.407612459453876, 41.72032220564908, 21.15362029463669)
(2.175563097000122, -110.93059589372218, -22.407612459453876, 41.72032220564908, 21.142016762125944)
(2.2019412517547607, -110.93059589372218, -22.407612459453876, 41.72032220564908, 21.142016762125944)
(2.2225341796875, -110.93059589372218, -22.407612459453876, 41.72032220564908, 21.142016762125944)
(2.240429639816284, -110.93059589372218, -22.407612459453876, 41.72032220564908, 21.142016762125944)
(2.254889726638794, -110.93059589372218, -22.407612459453876, 41.72032220564908, 21.142016762125944)
(2.2710676193237305, -113.08543723957999, -22.722517670985162, 38.98851198724433, 21.169506006084266)
(2.2997148036956787, -113.08543723957999, -22.722517670985162, 38.98851198724433, 21.169506006084266)
(2.3169021606445312, -113.08543723957999, -22.722517670985162, 38.98851198724433, 21.169506006084266)
(2.334158420562744, -113.08543723957999, -22.722517670985162, 38.98851198724433, 21.169506006084266)
(2.3529233932495117, -113.08543723957999, -22.722517670985162, 38.98851198724433, 21.169506006084266)
(2.50651478767395, -114.35519314775856, -23.465278796346013, 36.64747817257514, 21.175982916302395)
(2.5467231273651123, -114.35519314775856, -23.465278796346013, 36.64747817257514, 21.175982916302395)
(2.56866192817688, -114.35519314775856, -23.465278796346013, 36.64747817257514, 21.175982916302395)
(2.585052967071533, -114.35519314775856, -23.465278796346013, 36.64747817257514, 21.19143440841738)
(2.60029673576355, -114.35519314775856, -23.465278796346013, 36.64747817257514, 21.19143440841738)
(2.619091510772705, -114.35519314775856, -23.465278796346013, 36.64747817257514, 21.19143440841738)
(2.648908853530884, -114.35519314775856, -23.465278796346013, 36.64747817257514, 21.19143440841738)
(2.6630468368530273, -114.35519314775856, -23.465278796346013, 36.64747817257514, 21.19143440841738)
(2.6920952796936035, -115.03642814245174, -23.827103742308616, 34.61586579683557, 21.222467646725384)
(2.7059435844421387, -115.03642814245174, -23.827103742308616, 34.61586579683557, 21.222467646725384)
(2.719773769378662, -115.03642814245174, -23.827103742308616, 34.61586579683557, 21.222467646725384)
(2.733659505844116, -115.03642814245174, -23.827103742308616, 34.61586579683557, 21.217401007751008)
(2.758845567703247, -115.03642814245174, -23.827103742308616, 34.61586579683557, 21.217401007751008)
(2.7728190422058105, -115.03642814245174, -23.827103742308616, 34.61586579683557, 21.217401007751008)
(2.787478446960449, -115.03642814245174, -23.827103742308616, 34.61586579683557, 21.217401007751008)
(2.8832719326019287, -114.9484731546206, -24.55950907423131, 33.34137577973047, 21.222653183802777)
(2.917921304702759, -114.9484731546206, -24.55950907423131, 33.34137577973047, 21.222653183802777)
(2.9540445804595947, -114.9484731546206, -24.55950907423131, 33.34137577973047, 21.255365227023056)
(2.9944331645965576, -114.9484731546206, -24.55950907423131, 33.34137577973047, 21.255365227023056)
(3.0353786945343018, -114.39933108134433, -24.93783666402385, 32.78783232505202, 21.256297056425332)
(3.058593273162842, -114.39933108134433, -24.93783666402385, 32.78783232505202, 21.256297056425332)
(3.159144163131714, -114.39933108134433, -24.93783666402385, 32.78783232505202, 21.219713767261695)
(3.196500301361084, -114.39933108134433, -24.93783666402385, 32.78783232505202, 21.219713767261695)
(3.2650041580200195, -113.48249278405838, -25.02130984603672, 32.87968144358489, 21.202135117395216)
(3.300448179244995, -113.48249278405838, -25.02130984603672, 32.87968144358489, 21.202135117395216)
(3.3159914016723633, -113.48249278405838, -25.02130984603672, 32.87968144358489, 21.202135117395216)
(3.337306022644043, -113.48249278405838, -25.02130984603672, 32.87968144358489, 21.202135117395216)
(3.361452579498291, -113.48249278405838, -25.02130984603672, 32.87968144358489, 21.214572419400554)
(3.409917116165161, -113.48249278405838, -25.02130984603672, 32.87968144358489, 21.214572419400554)
(3.4447531700134277, -111.98628880454018, -25.362885793262578, 33.894295626182014, 21.215748377774574)
(3.4601316452026367, -111.98628880454018, -25.362885793262578, 33.894295626182014, 21.215748377774574)
(3.4831528663635254, -111.98628880454018, -25.362885793262578, 33.894295626182014, 21.215748377774574)
(3.7146942615509033, -110.25999634981439, -25.57228227913437, 35.93284882590218, 21.20584187785375)
(3.7287755012512207, -110.25999634981439, -25.57228227913437, 35.93284882590218, 21.20584187785375)
(3.769491672515869, -110.25999634981439, -25.57228227913437, 35.93284882590218, 21.204628834172027)
(3.9781503677368164, -108.36576185705802, -26.046689449586587, 38.79913173523449, 21.19637199322578)
(4.0072503089904785, -108.36576185705802, -26.046689449586587, 38.79913173523449, 21.19637199322578)
(4.0457539558410645, -106.23713486466094, -26.53570965323221, 42.315424736351176, 21.1523877866045)
(4.062363386154175, -106.23713486466094, -26.53570965323221, 42.315424736351176, 21.1523877866045)
(4.089484691619873, -106.23713486466094, -26.53570965323221, 42.315424736351176, 21.1523877866045)
(4.299980401992798, -104.06336832709434, -26.896376148164105, 45.83756048996747, 21.126944857582643)
(4.321561098098755, -104.06336832709434, -26.896376148164105, 45.83756048996747, 21.126944857582643)
(4.335415363311768, -104.06336832709434, -26.896376148164105, 45.83756048996747, 21.126944857582643)
(4.350672721862793, -104.06336832709434, -26.896376148164105, 45.83756048996747, 21.10131163104282)
(4.370361566543579, -104.06336832709434, -26.896376148164105, 45.83756048996747, 21.10131163104282)
(4.3845837116241455, -104.06336832709434, -26.896376148164105, 45.83756048996747, 21.10131163104282)
(4.423454761505127, -104.06336832709434, -26.896376148164105, 45.83756048996747, 21.10131163104282)
(4.465616941452026, -104.06336832709434, -26.896376148164105, 45.83756048996747, 21.10131163104282)
(4.500058889389038, -104.06336832709434, -26.896376148164105, 45.83756048996747, 21.10131163104282)
(4.536532402038574, -104.06336832709434, -26.896376148164105, 45.83756048996747, 21.10131163104282)
(4.58443021774292, -102.14695551731795, -27.05549595359935, 48.61544024441103, 21.147043930850774)
(4.621456623077393, -102.14695551731795, -27.05549595359935, 48.61544024441103, 21.147043930850774)
(4.657766819000244, -102.14695551731795, -27.05549595359935, 48.61544024441103, 21.147043930850774)
(4.911380767822266, -99.04597882629456, -27.22417744380138, 50.97184591897112, 21.18847079342721)
(4.925377368927002, -99.04597882629456, -27.22417744380138, 50.97184591897112, 21.18847079342721)
(4.939053297042847, -99.04597882629456, -27.22417744380138, 50.97184591897112, 21.18847079342721)
(5.014565706253052, -99.04597882629456, -27.22417744380138, 50.97184591897112, 21.1686765060181)
(5.238446235656738, -96.27395242760726, -27.784853641457584, 49.32184461613922, 21.219361871144784)
(5.277345895767212, -96.27395242760726, -27.784853641457584, 49.32184461613922, 21.219361871144784)
(5.294474840164185, -96.27395242760726, -27.784853641457584, 49.32184461613922, 21.219361871144784)
(5.346536636352539, -96.27395242760726, -27.784853641457584, 49.32184461613922, 21.20189881346898)
(5.376653432846069, -96.27395242760726, -27.784853641457584, 49.32184461613922, 21.20189881346898)
(5.4090797901153564, -96.27395242760726, -27.784853641457584, 49.32184461613922, 21.20189881346898)
(5.44148588180542, -95.5632160611886, -27.87713367718791, 47.026107129703895, 21.197201247366714)
(5.468491315841675, -95.5632160611886, -27.87713367718791, 47.026107129703895, 21.197201247366714)
(5.49365758895874, -95.5632160611886, -27.87713367718791, 47.026107129703895, 21.197201247366714)
(5.531256675720215, -95.5632160611886, -27.87713367718791, 47.026107129703895, 21.194392800510602)
(5.561918020248413, -95.5632160611886, -27.87713367718791, 47.026107129703895, 21.194392800510602)
(5.594670057296753, -95.5632160611886, -27.87713367718791, 47.026107129703895, 21.194392800510602)
(5.661890983581543, -94.97991816551568, -27.92189836375031, 44.32541945747578, 21.20925487642204)
(5.704345703125, -94.97991816551568, -27.92189836375031, 44.32541945747578, 21.20925487642204)
(5.777909755706787, -94.97991816551568, -27.92189836375031, 44.32541945747578, 21.198090082453156)
(5.812163591384888, -94.97991816551568, -27.92189836375031, 44.32541945747578, 21.198090082453156)
(5.847287654876709, -94.64486004234152, -28.185697045536756, 41.67837465972028, 21.192191447593707)
(5.862015247344971, -94.64486004234152, -28.185697045536756, 41.67837465972028, 21.192191447593707)
(5.895854711532593, -94.64486004234152, -28.185697045536756, 41.67837465972028, 21.192191447593707)
(5.932170152664185, -94.64486004234152, -28.185697045536756, 41.67837465972028, 21.192191447593707)
(5.962620496749878, -94.64486004234152, -28.185697045536756, 41.67837465972028, 21.133526778329546)
(5.998883485794067, -94.64486004234152, -28.185697045536756, 41.67837465972028, 21.133526778329546)
(6.045323371887207, -94.64486004234152, -28.185697045536756, 41.67837465972028, 21.133526778329546)
(6.062264680862427, -94.64486004234152, -28.185697045536756, 41.67837465972028, 21.133526778329546)
(6.113312482833862, -94.64486004234152, -28.185697045536756, 41.67837465972028, 21.133526778329546)
(6.127552509307861, -94.64486004234152, -28.185697045536756, 41.67837465972028, 21.133526778329546)
(6.174151659011841, -94.64486004234152, -28.185697045536756, 41.67837465972028, 21.133526778329546)
(6.19077205657959, -94.30538660427345, -28.52472503666999, 39.88057359237016, 21.10834447374473)
(6.250661134719849, -94.0416854059364, -28.958545546161957, 38.6695821134191, 21.1082059660502)
(6.267252445220947, -94.0416854059364, -28.958545546161957, 38.6695821134191, 21.1082059660502)
(6.4798903465271, -93.80329540146542, -29.53245165398041, 38.26913644625104, 21.112593053978465)
(6.514700651168823, -93.80329540146542, -29.53245165398041, 38.26913644625104, 21.112593053978465)
(6.532442331314087, -93.80329540146542, -29.53245165398041, 38.26913644625104, 21.112593053978465)
(6.56681752204895, -93.80329540146542, -29.53245165398041, 38.26913644625104, 21.10995029788824)
(6.592336893081665, -93.80329540146542, -29.53245165398041, 38.26913644625104, 21.10995029788824)
(6.607626914978027, -93.80329540146542, -29.53245165398041, 38.26913644625104, 21.10995029788824)
(6.634082078933716, -93.80329540146542, -29.53245165398041, 38.26913644625104, 21.10995029788824)
(6.66519832611084, -93.74170520918145, -29.77287668721074, 38.63310402923581, 21.095759608989123)
(6.694147348403931, -93.74170520918145, -29.77287668721074, 38.63310402923581, 21.095759608989123)
(6.719141244888306, -93.74170520918145, -29.77287668721074, 38.63310402923581, 21.095759608989123)
(6.735831022262573, -93.74170520918145, -29.77287668721074, 38.63310402923581, 21.095759608989123)
(6.7626564502716064, -93.74170520918145, -29.77287668721074, 38.63310402923581, 21.06872625882481)
(6.984524250030518, -93.74018519559034, -29.879202330612813, 39.25244208558619, 21.029098095368695)
(7.0042405128479, -93.74018519559034, -29.879202330612813, 39.25244208558619, 21.029098095368695)
(7.039572715759277, -93.74018519559034, -29.879202330612813, 39.25244208558619, 21.029098095368695)
(7.0669333934783936, -93.91641797105724, -29.671909876749112, 40.19427839792513, 21.0317999046133)
(7.103047609329224, -93.91641797105724, -29.671909876749112, 40.19427839792513, 21.0317999046133)
(7.117070436477661, -93.91641797105724, -29.671909876749112, 40.19427839792513, 21.0317999046133)
(7.13110089302063, -93.91641797105724, -29.671909876749112, 40.19427839792513, 21.0317999046133)
(7.172637701034546, -93.91641797105724, -29.671909876749112, 40.19427839792513, 21.049544362246564)
(7.237352609634399, -93.91641797105724, -29.671909876749112, 40.19427839792513, 21.049544362246564)
(7.276974678039551, -94.01296799184982, -29.57715820312331, 41.16979039768902, 21.061145579568525)
(7.315786361694336, -94.01296799184982, -29.57715820312331, 41.16979039768902, 21.061145579568525)
(7.352271556854248, -94.01296799184982, -29.57715820312331, 41.16979039768902, 21.061145579568525)
(7.418365955352783, -94.01296799184982, -29.57715820312331, 41.16979039768902, 21.08261796605734)
(7.4555909633636475, -94.01296799184982, -29.57715820312331, 41.16979039768902, 21.08261796605734)
(7.483564138412476, -94.16296528234943, -29.657949282618624, 41.70448230765364, 21.114255151991102)
(7.640650272369385, -94.16296528234943, -29.657949282618624, 41.70448230765364, 21.162980272676513)
(7.724055051803589, -94.48362346399313, -29.535380738661306, 42.14267286826072, 21.151873625576854)
(7.817410230636597, -94.48362346399313, -29.535380738661306, 42.14267286826072, 21.161769871085603)
(7.912492036819458, -94.86101424895732, -29.02825968408688, 41.983596254573946, 21.186061480815788)
(7.974714517593384, -94.86101424895732, -29.02825968408688, 41.983596254573946, 21.222333056467182)
(8.022844552993774, -94.86101424895732, -29.02825968408688, 41.983596254573946, 21.222333056467182)
(8.066836595535278, -94.86101424895732, -29.02825968408688, 41.983596254573946, 21.222333056467182)
(8.1124427318573, -95.3749659930531, -28.627014387199196, 41.42370673504239, 21.271332075330513)
(8.156635284423828, -95.3749659930531, -28.627014387199196, 41.42370673504239, 21.257052940461342)
(8.236130714416504, -95.78173624259831, -28.340899420889293, 41.15499088647607, 21.24681812988433)
(8.346785545349121, -95.78173624259831, -28.340899420889293, 41.15499088647607, 21.240798428288002)
(8.406686067581177, -95.78173624259831, -28.340899420889293, 41.15499088647607, 21.240798428288002)
(8.453757762908936, -95.99847726087216, -27.918386128943446, 41.48548860315267, 21.225208361219458)
(8.533869743347168, -95.99847726087216, -27.918386128943446, 41.48548860315267, 21.205027591067605)
(8.635910749435425, -96.26894857361991, -27.5631734531694, 42.286119040696235, 21.174508771269693)
(8.707009553909302, -96.26894857361991, -27.5631734531694, 42.286119040696235, 21.174508771269693)
(8.761399745941162, -96.26894857361991, -27.5631734531694, 42.286119040696235, 21.174508771269693)
(8.8435378074646, -96.26894857361991, -27.5631734531694, 42.286119040696235, 21.176775566059682)
(8.935190916061401, -96.39352778909638, -27.472365423367034, 43.075359034231155, 21.177429120513565)
(9.00902771949768, -96.39352778909638, -27.472365423367034, 43.075359034231155, 21.1960337188099)
(9.06015157699585, -96.37691527702056, -27.564534397298395, 43.82244323480574, 21.19380507371556)
(9.121984958648682, -96.37691527702056, -27.564534397298395, 43.82244323480574, 21.19380507371556)
(9.20111894607544, -96.37691527702056, -27.564534397298395, 43.82244323480574, 21.19380507371556)
(9.302404642105103, -96.37691527702056, -27.564534397298395, 43.82244323480574, 21.19380507371556)
(9.368000507354736, -96.37691527702056, -27.564534397298395, 43.82244323480574, 21.201293004315907)
(9.41690993309021, -96.23039246616332, -27.690671810027013, 44.265570873887064, 21.211892453009277)
(9.498696088790894, -96.27770733908122, -27.826248613122054, 44.19179541945853, 21.25030441628586)
(9.59065866470337, -96.27770733908122, -27.826248613122054, 44.19179541945853, 21.25030441628586)
(9.69923448562622, -96.39478069832396, -28.60053138094878, 43.409577346853524, 21.27998203600614)
(9.752002477645874, -96.39478069832396, -28.60053138094878, 43.409577346853524, 21.27998203600614)
(9.798227310180664, -96.39478069832396, -28.60053138094878, 43.409577346853524, 21.30832727922567)
(9.903395175933838, -96.71954581905113, -28.77643826778685, 42.71594863123472, 21.33807411455942)
(9.995490789413452, -96.71954581905113, -28.77643826778685, 42.71594863123472, 21.315198122436524)
(10.067882061004639, -97.02696979901324, -28.973356190576034, 42.30989797326077, 21.30216652114744)
(10.124951124191284, -97.02696979901324, -28.973356190576034, 42.30989797326077, 21.30216652114744)
(10.168388843536377, -97.02696979901324, -28.973356190576034, 42.30989797326077, 21.310221622180777)
(10.21122431755066, -97.02696979901324, -28.973356190576034, 42.30989797326077, 21.310221622180777)
(10.2552809715271, -97.26903808984454, -28.880440053177363, 42.21826238904083, 21.27565925282738)
(10.298874855041504, -97.26903808984454, -28.880440053177363, 42.21826238904083, 21.27565925282738)
(10.34190583229065, -97.26903808984454, -28.880440053177363, 42.21826238904083, 21.27565925282738)
(10.388110160827637, -97.26903808984454, -28.880440053177363, 42.21826238904083, 21.27565925282738)
(10.431208610534668, -97.26903808984454, -28.880440053177363, 42.21826238904083, 21.27565925282738)
(10.473988056182861, -97.26903808984454, -28.880440053177363, 42.21826238904083, 21.27565925282738)
(10.522364139556885, -97.26903808984454, -28.880440053177363, 42.21826238904083, 21.27565925282738)
(10.566269874572754, -97.51025876467808, -28.31667212345572, 42.655315218773104, 21.25711999398115)
(10.609912395477295, -97.51025876467808, -28.31667212345572, 42.655315218773104, 21.25711999398115)
(10.639988899230957, -97.62720107061472, -27.77217993203987, 43.237598515581624, 21.24448158123264)
(10.702862739562988, -97.62720107061472, -27.77217993203987, 43.237598515581624, 21.24448158123264)
(10.728949069976807, -97.62720107061472, -27.77217993203987, 43.237598515581624, 21.24448158123264)
(10.770522117614746, -97.62720107061472, -27.77217993203987, 43.237598515581624, 21.2547340973263)
(10.81235384941101, -97.62720107061472, -27.77217993203987, 43.237598515581624, 21.2547340973263)
(10.855156898498535, -97.62720107061472, -27.77217993203987, 43.237598515581624, 21.2547340973263)
(10.875750064849854, -97.58529607690187, -27.392928387037255, 43.7060953925514, 21.25854694816105)
(10.895414590835571, -97.58529607690187, -27.392928387037255, 43.7060953925514, 21.25854694816105)
(10.923981189727783, -97.58529607690187, -27.392928387037255, 43.7060953925514, 21.25854694816105)
(10.939023971557617, -97.58529607690187, -27.392928387037255, 43.7060953925514, 21.25854694816105)
(10.961807012557983, -97.58529607690187, -27.392928387037255, 43.7060953925514, 21.319295230537563)
(10.979923963546753, -97.58529607690187, -27.392928387037255, 43.7060953925514, 21.319295230537563)
(10.998371124267578, -97.58529607690187, -27.392928387037255, 43.7060953925514, 21.319295230537563)
(11.160828828811646, -97.53480065310853, -27.00799351284876, 43.871306710578025, 21.337987714353716)
(11.191375017166138, -97.53480065310853, -27.00799351284876, 43.871306710578025, 21.337987714353716)
(11.224765300750732, -97.53480065310853, -27.00799351284876, 43.871306710578025, 21.337987714353716)
(11.251441478729248, -97.47601594556396, -27.207992478138202, 43.70427505442133, 21.336845242655063)
(11.26732325553894, -97.47601594556396, -27.207992478138202, 43.70427505442133, 21.336845242655063)
(11.297152280807495, -97.47601594556396, -27.207992478138202, 43.70427505442133, 21.336845242655063)
(11.331219673156738, -97.47601594556396, -27.207992478138202, 43.70427505442133, 21.336845242655063)
(11.547006368637085, -97.37369207883837, -26.683470483555944, 43.58899401168223, 21.313040093571107)
(11.805037021636963, -97.10894441510625, -26.675451662072906, 43.599409644882186, 21.258594561107564)
(11.829786777496338, -97.10894441510625, -26.675451662072906, 43.599409644882186, 21.258594561107564)
(11.843084573745728, -97.10894441510625, -26.675451662072906, 43.599409644882186, 21.258594561107564)
(11.856343984603882, -97.10894441510625, -26.675451662072906, 43.599409644882186, 21.258594561107564)
(11.870833158493042, -96.85884605229818, -26.613833274759855, 43.948518586752094, 21.26959553349441)
(11.905313730239868, -96.85884605229818, -26.613833274759855, 43.948518586752094, 21.26959553349441)
(11.925487756729126, -96.85884605229818, -26.613833274759855, 43.948518586752094, 21.26959553349441)
(11.955125331878662, -96.85884605229818, -26.613833274759855, 43.948518586752094, 21.26959553349441)
(11.987433195114136, -96.85884605229818, -26.613833274759855, 43.948518586752094, 21.252813081481577)
(12.019202470779419, -96.85884605229818, -26.613833274759855, 43.948518586752094, 21.252813081481577)
(12.048839092254639, -96.85884605229818, -26.613833274759855, 43.948518586752094, 21.252813081481577)
(12.105188131332397, -96.85884605229818, -26.613833274759855, 43.948518586752094, 21.236706572549444)
(12.151268243789673, -96.70136598969921, -26.004693344315104, 44.333384121256856, 21.236706572549444)
(12.184048652648926, -96.70136598969921, -26.004693344315104, 44.333384121256856, 21.225410621289992)
(12.23544192314148, -96.70136598969921, -26.004693344315104, 44.333384121256856, 21.225410621289992)
(12.273107767105103, -96.55698328416648, -25.3943149980387, 44.72325327942269, 21.231805744975468)
(12.30101227760315, -96.55698328416648, -25.3943149980387, 44.72325327942269, 21.231805744975468)
(12.31545352935791, -96.55698328416648, -25.3943149980387, 44.72325327942269, 21.231805744975468)
(12.411088943481445, -96.55698328416648, -25.3943149980387, 44.72325327942269, 21.226961168392734)
(12.45825743675232, -96.61825374515409, -24.505883309158783, 44.95297136488883, 21.22840536231822)
(12.499780893325806, -96.61825374515409, -24.505883309158783, 44.95297136488883, 21.22840536231822)
(12.542278289794922, -96.61825374515409, -24.505883309158783, 44.95297136488883, 21.24338163848125)
(12.56652307510376, -96.61825374515409, -24.505883309158783, 44.95297136488883, 21.24338163848125)
(12.583749771118164, -96.61825374515409, -24.505883309158783, 44.95297136488883, 21.24338163848125)
(12.60021185874939, -96.61825374515409, -24.505883309158783, 44.95297136488883, 21.24338163848125)
(12.652524709701538, -96.59129826930234, -23.812276868180756, 44.998859395231605, 21.22762632034034)
(12.710857391357422, -96.59129826930234, -23.812276868180756, 44.998859395231605, 21.22762632034034)
(12.735246419906616, -96.59129826930234, -23.812276868180756, 44.998859395231605, 21.20002656482452)
(12.753991842269897, -96.59129826930234, -23.812276868180756, 44.998859395231605, 21.20002656482452)
(12.788746118545532, -96.59129826930234, -23.812276868180756, 44.998859395231605, 21.20002656482452)
(12.909879207611084, -96.44754689798846, -23.10285519080646, 45.08028524106885, 21.229789201185355)
(13.021295070648193, -96.44754689798846, -23.10285519080646, 45.08028524106885, 21.229789201185355)
(13.075180768966675, -96.16213779862079, -22.545592705805063, 45.216896724926855, 21.18907554310975)
(13.121235132217407, -96.16213779862079, -22.545592705805063, 45.216896724926855, 21.18907554310975)
(13.164028644561768, -96.16213779862079, -22.545592705805063, 45.216896724926855, 21.168275674338034)
(13.206336736679077, -96.16213779862079, -22.545592705805063, 45.216896724926855, 21.168275674338034)
(13.254461765289307, -96.12536577053388, -22.427365755058098, 45.519341602647884, 21.153869284805403)
(13.297701597213745, -96.12536577053388, -22.427365755058098, 45.519341602647884, 21.153869284805403)
(13.340055465698242, -96.12536577053388, -22.427365755058098, 45.519341602647884, 21.16151655979246)
(13.387875080108643, -96.12536577053388, -22.427365755058098, 45.519341602647884, 21.16151655979246)
(13.457919836044312, -95.81307826494042, -22.56011881985144, 45.68869842704853, 21.168244773309294)
(13.541799306869507, -95.81307826494042, -22.56011881985144, 45.68869842704853, 21.19250791244354)
(13.620611429214478, -95.81307826494042, -22.56011881985144, 45.68869842704853, 21.19250791244354)
(13.67041277885437, -95.6179931519607, -22.486160468536774, 45.635435699172106, 21.186122761680608)
(13.722434520721436, -95.6179931519607, -22.486160468536774, 45.635435699172106, 21.186122761680608)
(13.801098823547363, -95.6179931519607, -22.486160468536774, 45.635435699172106, 21.163389464654287)
(13.903408288955688, -95.6179931519607, -22.486160468536774, 45.635435699172106, 21.163389464654287)
(14.071818113327026, -95.51771356220027, -22.254448021819236, 45.16342701683831, 21.108219595981907)
(14.178040742874146, -95.51771356220027, -22.254448021819236, 45.16342701683831, 21.077402002301554)
(14.22823190689087, -95.51771356220027, -22.254448021819236, 45.16342701683831, 21.077402002301554)
(14.273492813110352, -95.57898381006108, -22.21661608895593, 44.86661631776076, 21.033481018630326)
(14.321770429611206, -95.57898381006108, -22.21661608895593, 44.86661631776076, 21.033481018630326)
(14.365483045578003, -95.57898381006108, -22.21661608895593, 44.86661631776076, 21.033481018630326)
(14.407931566238403, -95.57898381006108, -22.21661608895593, 44.86661631776076, 20.990019778599283)
(14.454632043838501, -95.6387891836005, -22.218352245182572, 44.51923452309954, 20.980578975803546)
(14.497390508651733, -95.6387891836005, -22.218352245182572, 44.51923452309954, 20.980578975803546)
(14.539955854415894, -95.6387891836005, -22.218352245182572, 44.51923452309954, 20.92651180809784)
(14.588545322418213, -95.6387891836005, -22.218352245182572, 44.51923452309954, 20.92651180809784)
(14.658667802810669, -95.58557514687287, -22.382878965829175, 44.290031404304784, 20.888822216034377)
(14.767285585403442, -95.58557514687287, -22.382878965829175, 44.290031404304784, 20.855904221442643)
(14.837371587753296, -95.6158434547876, -22.635391899441338, 44.25668663782683, 20.851478476300898)
(14.885312795639038, -95.6158434547876, -22.635391899441338, 44.25668663782683, 20.851478476300898)
(14.978877305984497, -95.6158434547876, -22.635391899441338, 44.25668663782683, 20.857103174812497)
(15.09094762802124, -95.41290644595766, -22.91945194405084, 44.39227324005378, 20.850976166211726)
(15.123981475830078, -95.41290644595766, -22.91945194405084, 44.39227324005378, 20.850976166211726)
(15.163575649261475, -95.41290644595766, -22.91945194405084, 44.39227324005378, 20.822431857491345)
(15.194138288497925, -95.41290644595766, -22.91945194405084, 44.39227324005378, 20.822431857491345)
(15.253936767578125, -95.29390853730612, -22.98303315444406, 44.53296603500462, 20.822363734507583)
(15.294836521148682, -95.29390853730612, -22.98303315444406, 44.53296603500462, 20.822363734507583)
(15.508711338043213, -95.25238297388348, -22.959964582958833, 44.524681287038185, 20.79452284870103)
(15.541449785232544, -95.25238297388348, -22.959964582958833, 44.524681287038185, 20.79452284870103)
(15.597745180130005, -95.25238297388348, -22.959964582958833, 44.524681287038185, 20.82376415482487)
(15.657920360565186, -95.1384424567507, -22.663893130491477, 44.107198531723775, 20.850221714835307)
(15.692991733551025, -95.1384424567507, -22.663893130491477, 44.107198531723775, 20.850221714835307)
(15.707539796829224, -95.1384424567507, -22.663893130491477, 44.107198531723775, 20.850221714835307)
(15.722085237503052, -95.1384424567507, -22.663893130491477, 44.107198531723775, 20.850221714835307)
(15.737096548080444, -95.1384424567507, -22.663893130491477, 44.107198531723775, 20.850221714835307)
(15.760160684585571, -95.1384424567507, -22.663893130491477, 44.107198531723775, 20.88565448785357)
(15.786327838897705, -95.1384424567507, -22.663893130491477, 44.107198531723775, 20.88565448785357)
(15.82608699798584, -95.1384424567507, -22.663893130491477, 44.107198531723775, 20.88565448785357)
(15.845397472381592, -95.1384424567507, -22.663893130491477, 44.107198531723775, 20.88565448785357)
(15.861346244812012, -95.33342885508293, -22.4860668229365, 43.38723446914694, 20.900481333060732)
(15.8927001953125, -95.33342885508293, -22.4860668229365, 43.38723446914694, 20.900481333060732)
(15.908684015274048, -95.33342885508293, -22.4860668229365, 43.38723446914694, 20.900481333060732)
(15.931187391281128, -95.33342885508293, -22.4860668229365, 43.38723446914694, 20.900481333060732)
(15.995997667312622, -95.33342885508293, -22.4860668229365, 43.38723446914694, 20.897862364336266)
(16.053393125534058, -95.33342885508293, -22.4860668229365, 43.38723446914694, 20.897862364336266)
(16.097001552581787, -95.78272010130189, -22.126025932671745, 42.59187629894979, 20.894796331669255)
(16.30372714996338, -96.21814074268215, -21.86114564988781, 41.94349315840247, 20.924612027385287)
(16.37658381462097, -96.21814074268215, -21.86114564988781, 41.94349315840247, 20.929897377006558)
(16.429840803146362, -96.21814074268215, -21.86114564988781, 41.94349315840247, 20.929897377006558)
(16.473138332366943, -96.41228110830954, -21.565065089899036, 42.00183487614658, 20.92420211804816)
(16.525365829467773, -96.41228110830954, -21.565065089899036, 42.00183487614658, 20.92420211804816)
(16.573500156402588, -96.41228110830954, -21.565065089899036, 42.00183487614658, 20.92420211804816)
(16.61809754371643, -96.41228110830954, -21.565065089899036, 42.00183487614658, 20.904648864844155)
(16.661911725997925, -96.71434714385809, -21.36720944951788, 42.6574047953354, 20.904380917874594)
(16.725330352783203, -96.71434714385809, -21.36720944951788, 42.6574047953354, 20.941589495857663)
(16.773558855056763, -96.71434714385809, -21.36720944951788, 42.6574047953354, 20.941589495857663)
(16.818084239959717, -96.71434714385809, -21.36720944951788, 42.6574047953354, 20.941589495857663)
(16.86154842376709, -96.45914869187249, -21.218021321339904, 43.115313558008005, 20.98217957369056)
(16.924793004989624, -96.45914869187249, -21.218021321339904, 43.115313558008005, 20.98217957369056)
(16.973682403564453, -96.45914869187249, -21.218021321339904, 43.115313558008005, 20.999471005641233)
(17.018025875091553, -96.45914869187249, -21.218021321339904, 43.115313558008005, 20.999471005641233)
(17.089046716690063, -95.6816392462406, -21.081830821489532, 42.96510173224364, 21.001517022328272)
(17.172905445098877, -95.6816392462406, -21.081830821489532, 42.96510173224364, 20.99692506687991)
(17.27427840232849, -94.80724644385627, -20.73771712041478, 42.82071855947108, 21.016893274679454)
(17.37165093421936, -94.80724644385627, -20.73771712041478, 42.82071855947108, 21.04766480552922)
(17.436232328414917, -94.80724644385627, -20.73771712041478, 42.82071855947108, 21.04766480552922)
(17.484942197799683, -93.3368406683197, -20.6453706255119, 42.58398966355053, 21.086467098388674)
(17.56637454032898, -93.3368406683197, -20.6453706255119, 42.58398966355053, 21.13083943897182)
(17.65842032432556, -92.4554539317953, -20.425200501231124, 42.61882780827661, 21.1637521462103)
(17.730057954788208, -92.4554539317953, -20.425200501231124, 42.61882780827661, 21.1637521462103)
(17.792134761810303, -92.4554539317953, -20.425200501231124, 42.61882780827661, 21.139867275259693)
(17.835607051849365, -92.4554539317953, -20.425200501231124, 42.61882780827661, 21.139867275259693)
(17.878424167633057, -91.58023389329763, -20.588186249909494, 42.82212119469487, 21.129414446303922)
(17.921730756759644, -91.58023389329763, -20.588186249909494, 42.82212119469487, 21.129414446303922)
(17.964618921279907, -91.58023389329763, -20.588186249909494, 42.82212119469487, 21.139592008598076)
(18.007493257522583, -91.58023389329763, -20.588186249909494, 42.82212119469487, 21.139592008598076)
(18.050109148025513, -91.58023389329763, -20.588186249909494, 42.82212119469487, 21.139592008598076)
(18.093652486801147, -91.00420041679575, -20.700403249725966, 43.09661242911722, 21.114995762667768)
(18.13617491722107, -91.00420041679575, -20.700403249725966, 43.09661242911722, 21.114995762667768)
(18.637027502059937, -90.62912165585294, -19.738208791122773, 42.78175719838259, 21.082441544078634)
(19.13793683052063, -89.36131325249171, -18.635374287568695, 41.82649435221215, 21.198460659747184, 'fly')
(19.29404878616333, -89.03599519925817, -17.610823037784584, 41.75383829102941, 21.210484717918035, 'fly')
(19.406524419784546, -89.03599519925817, -17.610823037784584, 41.75383829102941, 22.52852069299574, 'fly')
(19.458471298217773, -88.89447457995456, -16.125474556417544, 41.753926827480484, 24.596623958933947, 'fly')
(19.502891302108765, -88.89447457995456, -16.125474556417544, 41.753926827480484, 24.596623958933947, 'fly')
(19.546042919158936, -88.89447457995456, -16.125474556417544, 41.753926827480484, 26.500006381151017, 'fly')
(19.589177131652832, -88.89447457995456, -16.125474556417544, 41.753926827480484, 26.500006381151017, 'fly')
(19.676109790802002, -89.11549377670961, -13.867139291056956, 41.476728888156536, 26.264720306846616, 'fly')
(19.77865982055664, -89.11549377670961, -13.867139291056956, 41.476728888156536, 26.42443910396488, 'fly')
(19.844512701034546, -89.11549377670961, -13.867139291056956, 41.476728888156536, 26.42443910396488, 'fly')
(19.894856929779053, -89.49689930158327, -10.351557802071818, 41.1887431589041, 26.437102649433562, 'fly')
(19.939437866210938, -89.49689930158327, -10.351557802071818, 41.1887431589041, 26.437102649433562, 'fly')
(19.98819351196289, -89.49689930158327, -10.351557802071818, 41.1887431589041, 26.46890058998042, 'fly')
(20.065661191940308, -89.82616793727746, -6.436653378545013, 40.99205871514607, 26.46626325255055, 'fly')
(20.169739246368408, -89.82616793727746, -6.436653378545013, 40.99205871514607, 26.464525094649296, 'fly')
(20.240696668624878, -89.82616793727746, -6.436653378545013, 40.99205871514607, 26.464525094649296, 'fly')
(20.28872323036194, -90.27367086762226, -1.6354871389008796, 41.06858635034801, 26.4608404584295, 'fly')
(20.37035083770752, -90.27367086762226, -1.6354871389008796, 41.06858635034801, 26.472763595218247, 'fly')
(20.463593244552612, -90.4102693799796, 3.1269934400776265, 41.25089655459657, 26.466006962979844, 'fly')
(20.539456605911255, -90.4102693799796, 3.1269934400776265, 41.25089655459657, 26.466006962979844, 'fly')
(20.593150854110718, -90.4102693799796, 3.1269934400776265, 41.25089655459657, 26.48077674411424, 'fly')
(20.655576944351196, -90.4102693799796, 3.1269934400776265, 41.25089655459657, 26.48077674411424, 'fly')
(20.699694633483887, -90.46934467058605, 8.793399624859266, 41.442259447266075, 26.481194240825047, 'fly')
(20.743057012557983, -90.46934467058605, 8.793399624859266, 41.442259447266075, 26.481194240825047, 'fly')
(20.78797483444214, -90.46934467058605, 8.793399624859266, 41.442259447266075, 26.468433086685323, 'fly')
(20.83204674720764, -90.46934467058605, 8.793399624859266, 41.442259447266075, 26.468433086685323, 'fly')
(20.87607502937317, -90.23222544991972, 13.846675612755137, 42.003889748560326, 26.50773533077334, 'fly')
(20.922255754470825, -90.23222544991972, 13.846675612755137, 42.003889748560326, 26.50773533077334, 'fly')
(20.966744661331177, -90.23222544991972, 13.846675612755137, 42.003889748560326, 26.550325581056992, 'fly')
(21.010249853134155, -90.23222544991972, 13.846675612755137, 42.003889748560326, 26.550325581056992, 'fly')
(21.055116653442383, -90.40903580928271, 18.882944547116317, 42.613886495902506, 26.60480362848005, 'fly')
(21.099183797836304, -90.40903580928271, 18.882944547116317, 42.613886495902506, 26.60480362848005, 'fly')
(21.14255142211914, -90.40903580928271, 18.882944547116317, 42.613886495902506, 26.642488607266, 'fly')
(21.188429355621338, -90.40903580928271, 18.882944547116317, 42.613886495902506, 26.642488607266, 'fly')
(21.240262508392334, -90.41547897379839, 23.895343460070233, 43.31543001582831, 26.644363870907988, 'fly')
(21.254350900650024, -90.41547897379839, 23.895343460070233, 43.31543001582831, 26.644363870907988, 'fly')
(21.266146659851074, -90.41547897379839, 23.895343460070233, 43.31543001582831, 26.644363870907988, 'fly')
(21.30919337272644, -90.41547897379839, 23.895343460070233, 43.31543001582831, 26.644363870907988, 'fly')
(21.32134461402893, -90.41547897379839, 23.895343460070233, 43.31543001582831, 26.644363870907988, 'fly')
(21.335227727890015, -90.41547897379839, 23.895343460070233, 43.31543001582831, 26.60963685502613, 'fly')
(21.357680559158325, -90.41547897379839, 23.895343460070233, 43.31543001582831, 26.60963685502613, 'fly')
(21.385201454162598, -90.41547897379839, 23.895343460070233, 43.31543001582831, 26.60963685502613, 'fly')
(21.401976108551025, -90.41547897379839, 23.895343460070233, 43.31543001582831, 26.60963685502613, 'fly')
(21.43693709373474, -90.23271571923333, 28.656227159003958, 44.00656128626241, 26.5908179344103, 'fly')
(21.462157726287842, -90.23271571923333, 28.656227159003958, 44.00656128626241, 26.5908179344103, 'fly')
(21.699516534805298, -90.34276880344841, 33.4143059640911, 44.20141729753099, 26.62762538298907, 'fly')
(21.724910020828247, -90.34276880344841, 33.4143059640911, 44.20141729753099, 26.62762538298907, 'fly')
(21.740294694900513, -90.34276880344841, 33.4143059640911, 44.20141729753099, 26.62762538298907, 'fly')
(21.801952600479126, -90.34276880344841, 33.4143059640911, 44.20141729753099, 26.649950449014135, 'fly')
(21.868940353393555, -90.46692509574176, 37.88335380128116, 44.24064879954657, 26.687844092925612, 'fly')
(21.92348003387451, -90.46692509574176, 37.88335380128116, 44.24064879954657, 26.687844092925612, 'fly')
(21.984119415283203, -90.46692509574176, 37.88335380128116, 44.24064879954657, 26.733697126601967, 'fly')
(22.011401891708374, -90.46692509574176, 37.88335380128116, 44.24064879954657, 26.733697126601967, 'fly')
(22.066046714782715, -90.3975695252196, 42.36612401867919, 43.893834390966596, 26.766283508127128, 'fly')
(22.124479293823242, -90.3975695252196, 42.36612401867919, 43.893834390966596, 26.766283508127128, 'fly')
(22.157339096069336, -90.3975695252196, 42.36612401867919, 43.893834390966596, 26.824815096871433, 'fly')
(22.190622806549072, -90.3975695252196, 42.36612401867919, 43.893834390966596, 26.824815096871433, 'fly')
(22.31778383255005, -90.32218234391614, 46.64775450545625, 43.36176127825608, 26.828494052849827, 'fly')
(22.475713968276978, -90.20064592167829, 50.84866750175576, 43.12858340676824, 27.612869867106927, 'fly')
(22.57978367805481, -90.20064592167829, 50.84866750175576, 43.12858340676824, 28.383326227973882, 'fly')
(22.67530584335327, -89.87871574768008, 54.567028442137754, 42.95007449572951, 28.969942904100517, 'fly')
(22.737215518951416, -89.87871574768008, 54.567028442137754, 42.95007449572951, 29.055889990135917, 'fly')
(22.790583848953247, -89.87871574768008, 54.567028442137754, 42.95007449572951, 29.055889990135917, 'fly')
(22.834033966064453, -89.48850887503471, 58.26992063774734, 42.83167422625986, 28.77550500162531, 'fly')
(22.877444982528687, -89.48850887503471, 58.26992063774734, 42.83167422625986, 28.77550500162531, 'fly')
(22.92494797706604, -89.48850887503471, 58.26992063774734, 42.83167422625986, 28.77550500162531, 'fly')
(22.974933385849, -89.48850887503471, 58.26992063774734, 42.83167422625986, 28.60756177679731, 'fly')
(23.022313833236694, -89.48850887503471, 58.26992063774734, 42.83167422625986, 28.60756177679731, 'fly')
(23.080564975738525, -89.21019909739877, 62.621177145957645, 43.10303102191019, 28.93327607438539, 'fly')
(23.16026759147644, -89.21019909739877, 62.621177145957645, 43.10303102191019, 29.21735232599353, 'fly')
(23.23459792137146, -88.16200758616336, 66.93061080887588, 43.64281449195239, 29.32137177754637, 'fly')
(23.256720066070557, -88.16200758616336, 66.93061080887588, 43.64281449195239, 29.32137177754637, 'fly')
(23.444737672805786, -87.42632369890953, 71.4777786268299, 43.79265428282895, 28.747944310043014, 'fly')
(23.48363947868347, -87.42632369890953, 71.4777786268299, 43.79265428282895, 28.747944310043014, 'fly')
(23.515804052352905, -87.42632369890953, 71.4777786268299, 43.79265428282895, 28.747944310043014, 'fly')
(23.543296813964844, -87.42632369890953, 71.4777786268299, 43.79265428282895, 28.65118118590081, 'fly')
(23.559351444244385, -87.42632369890953, 71.4777786268299, 43.79265428282895, 28.65118118590081, 'fly')
(23.574904918670654, -87.42632369890953, 71.4777786268299, 43.79265428282895, 28.65118118590081, 'fly')
(23.58996868133545, -87.42632369890953, 71.4777786268299, 43.79265428282895, 28.65118118590081, 'fly')
(23.66811990737915, -86.02349307034083, 76.1559887582904, 43.807707773729824, 28.637828305682724, 'fly')
(23.701711654663086, -86.02349307034083, 76.1559887582904, 43.807707773729824, 28.637828305682724, 'fly')
(23.734288454055786, -86.02349307034083, 76.1559887582904, 43.807707773729824, 28.637828305682724, 'fly')
(23.774615049362183, -86.02349307034083, 76.1559887582904, 43.807707773729824, 28.71266153271666, 'fly')
(23.804568767547607, -86.02349307034083, 76.1559887582904, 43.807707773729824, 28.71266153271666, 'fly')
(23.84690761566162, -86.02349307034083, 76.1559887582904, 43.807707773729824, 28.71266153271666, 'fly')
(23.86309027671814, -85.10830284926202, 81.11437157663201, 43.93187619797379, 28.737805833917665, 'fly')
(23.901237726211548, -85.10830284926202, 81.11437157663201, 43.93187619797379, 28.737805833917665, 'fly')
(23.923986673355103, -85.10830284926202, 81.11437157663201, 43.93187619797379, 28.737805833917665, 'fly')
(23.941153287887573, -85.10830284926202, 81.11437157663201, 43.93187619797379, 28.737805833917665, 'fly')
(23.965375661849976, -85.10830284926202, 81.11437157663201, 43.93187619797379, 28.671208128715197, 'fly')
(24.169191360473633, -84.29004627183261, 86.01656461637106, 43.660590504320425, 28.526454514673308, 'fly')
(24.212599515914917, -84.29004627183261, 86.01656461637106, 43.660590504320425, 28.526454514673308, 'fly')
(24.228432655334473, -84.29004627183261, 86.01656461637106, 43.660590504320425, 28.526454514673308, 'fly')
(24.284467458724976, -84.24852862675155, 90.55900055272426, 43.042061129200064, 28.561118969259006, 'fly')
(24.30339741706848, -84.24852862675155, 90.55900055272426, 43.042061129200064, 28.561118969259006, 'fly')
(24.323375701904297, -84.24852862675155, 90.55900055272426, 43.042061129200064, 28.561118969259006, 'fly')
(24.33989977836609, -84.24852862675155, 90.55900055272426, 43.042061129200064, 28.561118969259006, 'fly')
(24.36616325378418, -84.24852862675155, 90.55900055272426, 43.042061129200064, 28.537688030625997, 'fly')
(24.39485216140747, -84.24852862675155, 90.55900055272426, 43.042061129200064, 28.537688030625997, 'fly')
(24.441372394561768, -84.24852862675155, 90.55900055272426, 43.042061129200064, 28.537688030625997, 'fly')
(24.462947845458984, -83.91683837987007, 95.29021094104375, 42.74504034680602, 28.417629791708457, 'fly')
(24.49479627609253, -83.91683837987007, 95.29021094104375, 42.74504034680602, 28.417629791708457, 'fly')
(24.51145911216736, -83.91683837987007, 95.29021094104375, 42.74504034680602, 28.417629791708457, 'fly')
(24.552778482437134, -83.91683837987007, 95.29021094104375, 42.74504034680602, 28.417629791708457, 'fly')
(24.5798237323761, -83.91683837987007, 95.29021094104375, 42.74504034680602, 28.264421880571437, 'fly')
(24.59518027305603, -83.91683837987007, 95.29021094104375, 42.74504034680602, 28.264421880571437, 'fly')
(24.619240760803223, -83.91683837987007, 95.29021094104375, 42.74504034680602, 28.264421880571437, 'fly')
(24.6435809135437, -83.91683837987007, 95.29021094104375, 42.74504034680602, 28.264421880571437, 'fly')
(24.663230895996094, -83.91683837987007, 95.29021094104375, 42.74504034680602, 28.264421880571437, 'fly')
(24.703087091445923, -83.87678477681392, 99.55009599469041, 42.136460300046906, 28.167725419400174, 'fly')
(24.74584436416626, -83.87678477681392, 99.55009599469041, 42.136460300046906, 28.167725419400174, 'fly')
(24.80092978477478, -83.87678477681392, 99.55009599469041, 42.136460300046906, 28.079125506251362, 'fly')
(24.846385717391968, -83.87678477681392, 99.55009599469041, 42.136460300046906, 28.079125506251362, 'fly')
(24.878507375717163, -84.28398680939344, 103.9381748356437, 41.613742091901365, 28.06406304243014, 'fly')
(24.916797399520874, -84.28398680939344, 103.9381748356437, 41.613742091901365, 28.06406304243014, 'fly')
(24.967997074127197, -84.28398680939344, 103.9381748356437, 41.613742091901365, 28.06406304243014, 'fly')
(24.98700451850891, -84.28398680939344, 103.9381748356437, 41.613742091901365, 27.979820318395063, 'fly')
(25.002835035324097, -84.28398680939344, 103.9381748356437, 41.613742091901365, 27.979820318395063, 'fly')
(25.04106855392456, -84.45292418599021, 108.27953962459831, 41.3431372354553, 27.79629085789303, 'fly')
(25.056668758392334, -84.45292418599021, 108.27953962459831, 41.3431372354553, 27.79629085789303, 'fly')
(25.07305669784546, -84.45292418599021, 108.27953962459831, 41.3431372354553, 27.79629085789303, 'fly')
(25.10164165496826, -84.45292418599021, 108.27953962459831, 41.3431372354553, 27.79629085789303, 'fly')
(25.13032603263855, -84.45292418599021, 108.27953962459831, 41.3431372354553, 27.523193284082037, 'fly')
(25.174224615097046, -84.45292418599021, 108.27953962459831, 41.3431372354553, 27.523193284082037, 'fly')
(25.193925142288208, -84.45292418599021, 108.27953962459831, 41.3431372354553, 27.523193284082037, 'fly')
(25.21785306930542, -84.45292418599021, 108.27953962459831, 41.3431372354553, 27.523193284082037, 'fly')
(25.2869975566864, -84.26177152286913, 112.45725971859129, 41.414626562380384, 27.33775345908607, 'fly')
(25.310937881469727, -84.26177152286913, 112.45725971859129, 41.414626562380384, 27.33775345908607, 'fly')
(25.3259699344635, -84.26177152286913, 112.45725971859129, 41.414626562380384, 27.33775345908607, 'fly')
(25.354171991348267, -84.26177152286913, 112.45725971859129, 41.414626562380384, 27.139323034508518, 'fly')
(25.386472702026367, -84.26177152286913, 112.45725971859129, 41.414626562380384, 27.139323034508518, 'fly')
(25.405818462371826, -84.26177152286913, 112.45725971859129, 41.414626562380384, 27.139323034508518, 'fly')
(25.42619013786316, -84.26177152286913, 112.45725971859129, 41.414626562380384, 27.139323034508518, 'fly')
(25.44189953804016, -84.58672085583893, 116.51953046923025, 42.27897626642752, 26.79113311054803, 'fly')
(25.45715022087097, -84.58672085583893, 116.51953046923025, 42.27897626642752, 26.79113311054803, 'fly')
(25.505133867263794, -84.58672085583893, 116.51953046923025, 42.27897626642752, 26.79113311054803, 'fly')
(25.55800199508667, -84.58672085583893, 116.51953046923025, 42.27897626642752, 26.79113311054803, 'fly')
(25.59600806236267, -84.58672085583893, 116.51953046923025, 42.27897626642752, 26.36231123638406, 'fly')
(25.628180980682373, -84.58672085583893, 116.51953046923025, 42.27897626642752, 26.36231123638406, 'fly')
(25.663639545440674, -84.72508106029058, 120.13148247077972, 43.65909472782375, 25.685917094287085, 'fly')
(25.683318614959717, -84.72508106029058, 120.13148247077972, 43.65909472782375, 25.685917094287085, 'fly')
(25.698319673538208, -84.72508106029058, 120.13148247077972, 43.65909472782375, 25.685917094287085, 'fly')
(25.713425397872925, -84.72508106029058, 120.13148247077972, 43.65909472782375, 25.685917094287085, 'fly')
(25.728198289871216, -84.72508106029058, 120.13148247077972, 43.65909472782375, 25.685917094287085, 'fly')
(25.74972915649414, -84.72508106029058, 120.13148247077972, 43.65909472782375, 24.9869302717009, 'fly')
(25.764692544937134, -84.72508106029058, 120.13148247077972, 43.65909472782375, 24.9869302717009, 'fly')
(25.77952480316162, -84.72508106029058, 120.13148247077972, 43.65909472782375, 24.9869302717009, 'fly')
(25.793325185775757, -84.72508106029058, 120.13148247077972, 43.65909472782375, 24.9869302717009, 'fly')
(25.816128730773926, -84.72508106029058, 120.13148247077972, 43.65909472782375, 24.9869302717009, 'fly')
(25.830217599868774, -84.72508106029058, 120.13148247077972, 43.65909472782375, 24.9869302717009, 'fly')
(25.844176292419434, -84.99003744213682, 123.51707550591487, 45.22195993449537, 26.34881921459919, 'fly')
(25.85810089111328, -84.99003744213682, 123.51707550591487, 45.22195993449537, 26.34881921459919, 'fly')
(25.8724684715271, -84.99003744213682, 123.51707550591487, 45.22195993449537, 26.34881921459919, 'fly')
(25.887255668640137, -84.99003744213682, 123.51707550591487, 45.22195993449537, 26.34881921459919, 'fly')
(25.901278972625732, -84.99003744213682, 123.51707550591487, 45.22195993449537, 26.34881921459919, 'fly')
(25.915233373641968, -84.99003744213682, 123.51707550591487, 45.22195993449537, 26.34881921459919, 'fly')
(25.929271697998047, -84.99003744213682, 123.51707550591487, 45.22195993449537, 26.34881921459919, 'fly')
(25.949822902679443, -84.99003744213682, 123.51707550591487, 45.22195993449537, 27.93556205944909, 'fly')
(25.964031457901, -84.99003744213682, 123.51707550591487, 45.22195993449537, 27.93556205944909, 'fly')
(25.978006839752197, -84.99003744213682, 123.51707550591487, 45.22195993449537, 27.93556205944909, 'fly')
(25.99244976043701, -84.99003744213682, 123.51707550591487, 45.22195993449537, 27.93556205944909, 'fly')
(26.181085348129272, -85.07700594583342, 123.45352893979012, 44.96395420299476, 26.486057165977318, 'fly')
(26.22461748123169, -85.07700594583342, 123.45352893979012, 44.96395420299476, 26.486057165977318, 'fly')
(26.40814757347107, -85.34892256510791, 124.096090177671, 44.96224661825836, 25.08470084043718, 'fly')
(26.452581644058228, -85.34892256510791, 124.096090177671, 44.96224661825836, 25.08470084043718, 'fly')
(26.490294933319092, -86.1394904697435, 123.74271186951327, 44.97623561946948, 24.80079382977996, 'fly')
(26.5278959274292, -86.1394904697435, 123.74271186951327, 44.97623561946948, 24.80079382977996, 'fly')
(26.59772777557373, -86.1394904697435, 123.74271186951327, 44.97623561946948, 24.65890257372132, 'fly')
(26.658201456069946, -86.1394904697435, 123.74271186951327, 44.97623561946948, 24.65890257372132, 'fly')
(26.692144870758057, -85.8197773837059, 123.78941931007552, 44.968251966594444, 24.613332727671224, 'fly')
(26.72373127937317, -85.8197773837059, 123.78941931007552, 44.968251966594444, 24.613332727671224, 'fly')
(26.755961894989014, -85.8197773837059, 123.78941931007552, 44.968251966594444, 24.613332727671224, 'fly')
(26.84851598739624, -85.8197773837059, 123.78941931007552, 44.968251966594444, 24.699609349068467, 'fly')
(26.944220781326294, -86.26550029620603, 123.45373316798775, 44.92579545963898, 24.74144280526651, 'fly')
