====================== HEADER ======================
Odometry data will folow format (time, x, y, z, yaw)
Landing site: (-1, x, y, z, yaw)
X = left and right
Y = foraward backward
Z = height
=====================================================
('min', -144.04708389613097, 106.09787012767474, -92.59435223560055)
('max', -109.37542614796598, 111.21332848656316, -90.63455375055989)
('dlp', -128.16548096535593, 107.65700837929528, -91.22619102906273, 9.316594802308007)
(0, -120.54042876632818, -52.668570351960525, -66.95616587023457, 0.6044374758328539)
(0.000213623046875, -120.54042876632818, -52.668570351960525, -66.95616587023457, 0.6044374758328539)
(0.06691932678222656, -120.54042876632818, -52.668570351960525, -66.95616587023457, 0.6044374758328539)
(0.0929861068725586, -120.36322963363833, -53.144125246281924, -67.20994289634444, 0.297235187569626)
(0.11614322662353516, -120.36322963363833, -53.144125246281924, -67.20994289634444, 0.297235187569626)
(0.15603852272033691, -120.36322963363833, -53.144125246281924, -67.20994289634444, 0.297235187569626)
(0.21722030639648438, -120.36322963363833, -53.144125246281924, -67.20994289634444, 0.044122601723479093)
(0.2643132209777832, -120.36322963363833, -53.144125246281924, -67.20994289634444, 0.044122601723479093)
(0.3145449161529541, -120.313460392058, -53.14041416746431, -67.6934256632611, -0.29609520217758245)
(0.33649301528930664, -120.313460392058, -53.14041416746431, -67.6934256632611, -0.29609520217758245)
(0.363755464553833, -120.313460392058, -53.14041416746431, -67.6934256632611, -0.29609520217758245)
(0.39135169982910156, -120.313460392058, -53.14041416746431, -67.6934256632611, -0.7126342256514377)
(0.4627687931060791, -120.313460392058, -53.14041416746431, -67.6934256632611, -0.7126342256514377)
(0.49730610847473145, -121.81868178677009, -52.84642194372532, -69.24927320819181, -1.1972652162533506)
(0.5711705684661865, -121.81868178677009, -52.84642194372532, -69.24927320819181, -1.1972652162533506)
(0.6074678897857666, -121.81868178677009, -52.84642194372532, -69.24927320819181, -1.7039568909645861)
(0.6424522399902344, -121.81868178677009, -52.84642194372532, -69.24927320819181, -1.7039568909645861)
(0.6609344482421875, -121.81868178677009, -52.84642194372532, -69.24927320819181, -1.7039568909645861)
(0.6892881393432617, -121.81868178677009, -52.84642194372532, -69.24927320819181, -1.7039568909645861)
(0.7068111896514893, -124.07378398706581, -53.30963060873346, -71.92525356639891, -2.208875476473275)
(0.7532703876495361, -124.07378398706581, -53.30963060873346, -71.92525356639891, -2.208875476473275)
(0.7828624248504639, -124.07378398706581, -53.30963060873346, -71.92525356639891, -2.208875476473275)
(0.8184280395507812, -124.07378398706581, -53.30963060873346, -71.92525356639891, -2.7622766649966994)
(0.866377592086792, -124.07378398706581, -53.30963060873346, -71.92525356639891, -2.7622766649966994)
(0.9209539890289307, -127.93177800990217, -54.02349043335671, -75.08000774844224, -3.3350675197685256)
(0.9360833168029785, -127.93177800990217, -54.02349043335671, -75.08000774844224, -3.3350675197685256)
(0.9605152606964111, -127.93177800990217, -54.02349043335671, -75.08000774844224, -3.3350675197685256)
(1.1280381679534912, -133.2830744421996, -54.824203495656924, -77.73343869978709, -4.194758686280613)
(1.1656014919281006, -133.2830744421996, -54.824203495656924, -77.73343869978709, -4.194758686280613)
(1.3351099491119385, -139.01968295764112, -55.973670922381395, -80.50988888983349, -4.1716588875256155)
(1.368973970413208, -139.01968295764112, -55.973670922381395, -80.50988888983349, -4.1716588875256155)
(1.3991665840148926, -139.01968295764112, -55.973670922381395, -80.50988888983349, -4.1716588875256155)
(1.421574592590332, -139.01968295764112, -55.973670922381395, -80.50988888983349, -4.14422406053282)
(1.517030954360962, -145.22190773940514, -57.361866146842615, -83.393350811593, -4.102324206815464)
(1.5382864475250244, -145.22190773940514, -57.361866146842615, -83.393350811593, -4.102324206815464)
(1.6573834419250488, -145.22190773940514, -57.361866146842615, -83.393350811593, -4.058278976034976)
(1.702099084854126, -145.22190773940514, -57.361866146842615, -83.393350811593, -4.058278976034976)
(1.7380485534667969, -152.00370005939914, -58.76786957363083, -86.44179669349711, -4.020869755916087)
(1.7862317562103271, -152.00370005939914, -58.76786957363083, -86.44179669349711, -4.020869755916087)
(1.8218085765838623, -152.00370005939914, -58.76786957363083, -86.44179669349711, -3.997849922246923)
(1.8413496017456055, -152.00370005939914, -58.76786957363083, -86.44179669349711, -3.997849922246923)
(1.8587980270385742, -152.00370005939914, -58.76786957363083, -86.44179669349711, -3.997849922246923)
(1.886857271194458, -152.00370005939914, -58.76786957363083, -86.44179669349711, -3.997849922246923)
(1.9068717956542969, -152.00370005939914, -58.76786957363083, -86.44179669349711, -3.997849922246923)
(1.9236762523651123, -158.7456182049652, -60.56313757389188, -89.53642059817713, -4.013549495495722)
(1.9604671001434326, -158.7456182049652, -60.56313757389188, -89.53642059817713, -4.013549495495722)
(1.9952354431152344, -158.7456182049652, -60.56313757389188, -89.53642059817713, -4.013549495495722)
(2.0317788124084473, -158.7456182049652, -60.56313757389188, -89.53642059817713, -4.015971007899317)
(2.064103841781616, -158.7456182049652, -60.56313757389188, -89.53642059817713, -4.015971007899317)
(2.090022087097168, -158.7456182049652, -60.56313757389188, -89.53642059817713, -4.015971007899317)
(2.107679605484009, -158.7456182049652, -60.56313757389188, -89.53642059817713, -4.015971007899317)
(2.1285436153411865, -164.29925465796433, -61.42022972754123, -91.58703931399505, -4.050893790597792)
(2.154801607131958, -164.29925465796433, -61.42022972754123, -91.58703931399505, -4.050893790597792)
(2.1770071983337402, -164.29925465796433, -61.42022972754123, -91.58703931399505, -4.092382668390537)
(2.1982998847961426, -164.29925465796433, -61.42022972754123, -91.58703931399505, -4.092382668390537)
(2.229806661605835, -164.29925465796433, -61.42022972754123, -91.58703931399505, -4.092382668390537)
(2.248363733291626, -164.29925465796433, -61.42022972754123, -91.58703931399505, -4.092382668390537)
(2.262615919113159, -164.29925465796433, -61.42022972754123, -91.58703931399505, -4.092382668390537)
(2.2803173065185547, -169.23837119807632, -62.10346306662508, -93.98289391507926, -4.077841899665942)
(2.303795337677002, -169.23837119807632, -62.10346306662508, -93.98289391507926, -4.077841899665942)
(2.3209049701690674, -169.23837119807632, -62.10346306662508, -93.98289391507926, -4.077841899665942)
(2.3359875679016113, -169.23837119807632, -62.10346306662508, -93.98289391507926, -4.077841899665942)
(2.5017192363739014, -172.35715996504, -62.645755346540234, -96.42116882060802, -4.080792234606463)
(2.535079002380371, -172.35715996504, -62.645755346540234, -96.42116882060802, -4.080792234606463)
(2.5734400749206543, -172.35715996504, -62.645755346540234, -96.42116882060802, -4.080792234606463)
(2.5898962020874023, -172.35715996504, -62.645755346540234, -96.42116882060802, -4.038268741255517)
(2.612166404724121, -172.35715996504, -62.645755346540234, -96.42116882060802, -4.038268741255517)
(2.63390851020813, -172.35715996504, -62.645755346540234, -96.42116882060802, -4.038268741255517)
(2.6529455184936523, -172.35715996504, -62.645755346540234, -96.42116882060802, -4.038268741255517)
(2.6673452854156494, -172.35715996504, -62.645755346540234, -96.42116882060802, -4.038268741255517)
(2.705594301223755, -174.02192063172248, -63.18832196966175, -98.82608421212247, -3.973626968320607)
(2.7286949157714844, -174.02192063172248, -63.18832196966175, -98.82608421212247, -3.973626968320607)
(2.7455711364746094, -174.02192063172248, -63.18832196966175, -98.82608421212247, -3.973626968320607)
(2.771901845932007, -174.02192063172248, -63.18832196966175, -98.82608421212247, -3.973626968320607)
(2.7885665893554688, -174.02192063172248, -63.18832196966175, -98.82608421212247, -3.973626968320607)
(3.0129449367523193, -174.20342562069408, -63.25462327710514, -100.45651833730133, -3.8945705795813597)
(3.107602596282959, -172.78044249476403, -63.38169279921064, -101.20502141925114, -3.870736374579261)
(3.2018189430236816, -172.78044249476403, -63.38169279921064, -101.20502141925114, -3.8865142712481013)
(3.2695155143737793, -172.78044249476403, -63.38169279921064, -101.20502141925114, -3.8865142712481013)
(3.323963165283203, -170.32513276135, -63.17649893223703, -101.10284668263144, -3.8730095340129527)
(3.37998628616333, -170.32513276135, -63.17649893223703, -101.10284668263144, -3.8730095340129527)
(3.500065326690674, -170.32513276135, -63.17649893223703, -101.10284668263144, -3.874842838330718)
(3.609705924987793, -166.9128449394891, -62.54183671105742, -99.50469331131181, -3.895247325578916)
(3.664123773574829, -166.9128449394891, -62.54183671105742, -99.50469331131181, -3.895247325578916)
(3.716717004776001, -162.7603643369327, -61.92993105800655, -97.31193661628436, -3.902629850109049)
(3.7970035076141357, -162.7603643369327, -61.92993105800655, -97.31193661628436, -3.902629850109049)
(3.8938252925872803, -162.7603643369327, -61.92993105800655, -97.31193661628436, -3.919185168563186)
(3.9666435718536377, -158.28250127151847, -61.021606541473346, -94.79204949566206, -3.9418955629921575)
(4.0139665603637695, -158.28250127151847, -61.021606541473346, -94.79204949566206, -3.9418955629921575)
(4.094449996948242, -158.28250127151847, -61.021606541473346, -94.79204949566206, -3.9436571999270758)
(4.188976287841797, -153.68633846243242, -59.977204811276884, -92.88456369316388, -3.976255586561532)
(4.259201526641846, -153.68633846243242, -59.977204811276884, -92.88456369316388, -3.9831006351753917)
(4.321081638336182, -153.68633846243242, -59.977204811276884, -92.88456369316388, -3.9831006351753917)
(4.3657143115997314, -148.76849047005246, -58.71130065206216, -91.1689269357697, -3.9393436311599306)
(4.409109830856323, -148.76849047005246, -58.71130065206216, -91.1689269357697, -3.9393436311599306)
(4.452953100204468, -148.76849047005246, -58.71130065206216, -91.1689269357697, -3.911491829472454)
(4.527563571929932, -144.12734482484072, -57.424424364265896, -89.90650656534356, -3.913703489856287)
(4.630602121353149, -144.12734482484072, -57.424424364265896, -89.90650656534356, -3.923571239782923)
(4.725920915603638, -140.11692923300876, -56.32682349746759, -89.51385402730872, -3.9460056198589593)
(4.834477424621582, -140.11692923300876, -56.32682349746759, -89.51385402730872, -3.958926211097567)
(4.904996156692505, -136.65275668886107, -55.05753640276137, -90.00098070990013, -3.9460642231625043)
(5.0706868171691895, -136.65275668886107, -55.05753640276137, -90.00098070990013, -3.9083664273271186)
(5.099734544754028, -134.0378604411181, -53.97940552545087, -90.682746920622, -3.9151762499378098)
(5.152810096740723, -134.0378604411181, -53.97940552545087, -90.682746920622, -3.9151762499378098)
(5.171977996826172, -134.0378604411181, -53.97940552545087, -90.682746920622, -3.9151762499378098)
(5.202316522598267, -134.0378604411181, -53.97940552545087, -90.682746920622, -3.9025210206716068)
(5.231834888458252, -134.0378604411181, -53.97940552545087, -90.682746920622, -3.9025210206716068)
(5.250946521759033, -134.0378604411181, -53.97940552545087, -90.682746920622, -3.9025210206716068)
(5.271889925003052, -134.0378604411181, -53.97940552545087, -90.682746920622, -3.9025210206716068)
(5.29085898399353, -134.0378604411181, -53.97940552545087, -90.682746920622, -3.9025210206716068)
(5.312026500701904, -131.99442585826273, -53.01479300798691, -90.8781231856717, -3.880280589363392)
(5.358421087265015, -131.99442585826273, -53.01479300798691, -90.8781231856717, -3.880280589363392)
(5.385380506515503, -131.99442585826273, -53.01479300798691, -90.8781231856717, -3.880280589363392)
(5.546084403991699, -130.85269016506152, -51.98985792243345, -90.90592590780307, -3.889332976275253)
(5.599063396453857, -130.85269016506152, -51.98985792243345, -90.90592590780307, -3.889332976275253)
(5.625223636627197, -130.85269016506152, -51.98985792243345, -90.90592590780307, -3.8887600099873127)
(5.664074182510376, -130.85269016506152, -51.98985792243345, -90.90592590780307, -3.8887600099873127)
(5.722860336303711, -130.5718497247514, -51.301613773015234, -91.09647777438747, -3.8790433009933185)
(5.778876066207886, -130.5718497247514, -51.301613773015234, -91.09647777438747, -3.8790433009933185)
(5.806699514389038, -130.5718497247514, -51.301613773015234, -91.09647777438747, -3.8824729542735588)
(5.859670162200928, -130.5718497247514, -51.301613773015234, -91.09647777438747, -3.8824729542735588)
(5.916190147399902, -130.80840850111974, -50.75076475699609, -91.70868547439612, -3.8789305900199347)
(6.077010631561279, -130.80840850111974, -50.75076475699609, -91.70868547439612, -3.8860090742623807)
(6.145211219787598, -131.73322389042215, -49.783350605022086, -92.43877183766533, -3.8841197768608566)
(6.200603008270264, -131.73322389042215, -49.783350605022086, -92.43877183766533, -3.8841197768608566)
(6.254635810852051, -131.73322389042215, -49.783350605022086, -92.43877183766533, -3.856485363044359)
(6.308312177658081, -131.73322389042215, -49.783350605022086, -92.43877183766533, -3.856485363044359)
(6.358018636703491, -133.06253436094843, -49.087640392560765, -92.6234351800943, -3.8528223607918353)
(6.402379751205444, -133.06253436094843, -49.087640392560765, -92.6234351800943, -3.8528223607918353)
(6.452816009521484, -133.06253436094843, -49.087640392560765, -92.6234351800943, -3.8381660698774427)
(6.496296644210815, -133.06253436094843, -49.087640392560765, -92.6234351800943, -3.8381660698774427)
(6.538939952850342, -134.7637173438465, -48.85717454385306, -92.61863548012141, -3.8469344188671126)
(6.584768295288086, -134.7637173438465, -48.85717454385306, -92.61863548012141, -3.8469344188671126)
(6.628146409988403, -134.7637173438465, -48.85717454385306, -92.61863548012141, -3.8815315666229724)
(6.671758413314819, -134.7637173438465, -48.85717454385306, -92.61863548012141, -3.8815315666229724)
(6.717222690582275, -134.7637173438465, -48.85717454385306, -92.61863548012141, -3.8815315666229724)
(6.84392237663269, -136.45043406641935, -49.135129300092764, -92.64268988299712, -3.901250112613978)
(6.923363447189331, -138.1678791977426, -49.09905646820707, -92.5529769767804, -3.8790521776537137)
(6.955458402633667, -138.1678791977426, -49.09905646820707, -92.5529769767804, -3.8790521776537137)
(6.988104820251465, -138.1678791977426, -49.09905646820707, -92.5529769767804, -3.8810518585874068)
(7.002439022064209, -138.1678791977426, -49.09905646820707, -92.5529769767804, -3.8810518585874068)
(7.032289981842041, -138.1678791977426, -49.09905646820707, -92.5529769767804, -3.8810518585874068)
(7.058867454528809, -138.1678791977426, -49.09905646820707, -92.5529769767804, -3.8810518585874068)
(7.088907241821289, -139.93604853346778, -48.95208813912384, -92.43227896750554, -3.8817941703490186)
(7.10944390296936, -139.93604853346778, -48.95208813912384, -92.43227896750554, -3.8817941703490186)
(7.123673439025879, -139.93604853346778, -48.95208813912384, -92.43227896750554, -3.8817941703490186)
(7.1575539112091064, -139.93604853346778, -48.95208813912384, -92.43227896750554, -3.8817941703490186)
(7.192645072937012, -139.93604853346778, -48.95208813912384, -92.43227896750554, -3.8747208438888467)
(7.223075866699219, -139.93604853346778, -48.95208813912384, -92.43227896750554, -3.8747208438888467)
(7.240440607070923, -139.93604853346778, -48.95208813912384, -92.43227896750554, -3.8747208438888467)
(7.295109748840332, -141.209284703472, -48.78800523947665, -92.24653616922708, -3.894572909929056)
(7.326864957809448, -141.209284703472, -48.78800523947665, -92.24653616922708, -3.894572909929056)
(7.357487916946411, -141.209284703472, -48.78800523947665, -92.24653616922708, -3.894572909929056)
(7.396085262298584, -141.209284703472, -48.78800523947665, -92.24653616922708, -3.9139572523092383)
(7.437060594558716, -141.209284703472, -48.78800523947665, -92.24653616922708, -3.9139572523092383)
(7.459060430526733, -141.209284703472, -48.78800523947665, -92.24653616922708, -3.9139572523092383)
(7.483057975769043, -141.209284703472, -48.78800523947665, -92.24653616922708, -3.9139572523092383)
(7.4988319873809814, -142.29352345868284, -48.293291707641345, -91.97610881608396, -3.9169554237880897)
(7.514131784439087, -142.29352345868284, -48.293291707641345, -91.97610881608396, -3.9169554237880897)
(7.546497821807861, -142.29352345868284, -48.293291707641345, -91.97610881608396, -3.9169554237880897)
(7.565934181213379, -142.29352345868284, -48.293291707641345, -91.97610881608396, -3.9169554237880897)
(7.581547021865845, -142.29352345868284, -48.293291707641345, -91.97610881608396, -3.9169554237880897)
(7.599032163619995, -142.29352345868284, -48.293291707641345, -91.97610881608396, -3.895292543869207)
(7.6257524490356445, -142.29352345868284, -48.293291707641345, -91.97610881608396, -3.895292543869207)
(7.644079685211182, -142.29352345868284, -48.293291707641345, -91.97610881608396, -3.895292543869207)
(7.666504144668579, -142.29352345868284, -48.293291707641345, -91.97610881608396, -3.895292543869207)
(7.701543807983398, -142.9064427419388, -47.89604443991785, -91.61483508662702, -3.9021645121961654)
(7.730401277542114, -142.9064427419388, -47.89604443991785, -91.61483508662702, -3.9021645121961654)
(7.792924404144287, -142.9064427419388, -47.89604443991785, -91.61483508662702, -3.9021645121961654)
(7.8416571617126465, -142.9064427419388, -47.89604443991785, -91.61483508662702, -3.905855963326479)
(7.87352991104126, -142.9064427419388, -47.89604443991785, -91.61483508662702, -3.905855963326479)
(7.914941787719727, -143.30406378208045, -47.51737779140285, -91.27561719651601, -3.90442902368411)
(7.937010288238525, -143.30406378208045, -47.51737779140285, -91.27561719651601, -3.90442902368411)
(7.96851110458374, -143.30406378208045, -47.51737779140285, -91.27561719651601, -3.90442902368411)
(7.985154151916504, -143.30406378208045, -47.51737779140285, -91.27561719651601, -3.90442902368411)
(8.13008737564087, -143.071203077203, -47.243886370614575, -90.99816684208332, -3.8760079495220596)
(8.169718265533447, -143.071203077203, -47.243886370614575, -90.99816684208332, -3.8760079495220596)
(8.186187505722046, -143.071203077203, -47.243886370614575, -90.99816684208332, -3.8760079495220596)
(8.201414108276367, -143.071203077203, -47.243886370614575, -90.99816684208332, -3.8760079495220596)
(8.215901851654053, -143.071203077203, -47.243886370614575, -90.99816684208332, -3.857847622700336)
(8.231034994125366, -143.071203077203, -47.243886370614575, -90.99816684208332, -3.857847622700336)
(8.24564814567566, -143.071203077203, -47.243886370614575, -90.99816684208332, -3.857847622700336)
(8.259737253189087, -143.071203077203, -47.243886370614575, -90.99816684208332, -3.857847622700336)
(8.278507709503174, -143.071203077203, -47.243886370614575, -90.99816684208332, -3.857847622700336)
(8.292815208435059, -143.071203077203, -47.243886370614575, -90.99816684208332, -3.857847622700336)
(8.30718469619751, -143.071203077203, -47.243886370614575, -90.99816684208332, -3.857847622700336)
(8.322326421737671, -142.56094386679234, -47.10848532196835, -90.65525989920187, -3.8453528147940954)
(8.345754623413086, -142.56094386679234, -47.10848532196835, -90.65525989920187, -3.8453528147940954)
(8.359676837921143, -142.56094386679234, -47.10848532196835, -90.65525989920187, -3.8453528147940954)
(8.374059915542603, -142.56094386679234, -47.10848532196835, -90.65525989920187, -3.8453528147940954)
(8.387720584869385, -142.56094386679234, -47.10848532196835, -90.65525989920187, -3.8453528147940954)
(8.401416301727295, -142.56094386679234, -47.10848532196835, -90.65525989920187, -3.8453528147940954)
(8.414972305297852, -142.56094386679234, -47.10848532196835, -90.65525989920187, -3.831245972710666)
(8.429445505142212, -142.56094386679234, -47.10848532196835, -90.65525989920187, -3.831245972710666)
(8.44534707069397, -142.56094386679234, -47.10848532196835, -90.65525989920187, -3.831245972710666)
(8.459011793136597, -142.56094386679234, -47.10848532196835, -90.65525989920187, -3.831245972710666)
(8.478086948394775, -142.56094386679234, -47.10848532196835, -90.65525989920187, -3.831245972710666)
(8.491713285446167, -142.56094386679234, -47.10848532196835, -90.65525989920187, -3.831245972710666)
(8.695069551467896, -141.75127046404447, -46.96878507302756, -90.34385515222871, -3.7850851196298834)
(8.75086522102356, -140.94410557716944, -46.704035085963, -90.32417868176027, -3.7648496809792746)
(8.798107147216797, -140.94410557716944, -46.704035085963, -90.32417868176027, -3.7648496809792746)
(8.841656684875488, -140.94410557716944, -46.704035085963, -90.32417868176027, -3.7684314891232757)
(8.885952472686768, -140.94410557716944, -46.704035085963, -90.32417868176027, -3.7684314891232757)
(8.92902684211731, -140.22087371684674, -46.71918496576029, -90.44296660810637, -3.7860543334434347)
(8.975159168243408, -140.22087371684674, -46.71918496576029, -90.44296660810637, -3.7860543334434347)
(9.000901937484741, -140.22087371684674, -46.71918496576029, -90.44296660810637, -3.7860543334434347)
(9.01263976097107, -140.22087371684674, -46.71918496576029, -90.44296660810637, -3.7860543334434347)
(9.028685092926025, -140.22087371684674, -46.71918496576029, -90.44296660810637, -3.778168932322817)
(9.04452633857727, -140.22087371684674, -46.71918496576029, -90.44296660810637, -3.778168932322817)
(9.057151794433594, -140.22087371684674, -46.71918496576029, -90.44296660810637, -3.778168932322817)
(9.275169134140015, -139.79945681586292, -46.891932250474895, -90.53442887871323, -3.742624189755273)
(9.294069528579712, -139.55284005345945, -46.95807209119502, -90.61918981531348, -3.7306842497998343)
(9.312845945358276, -139.55284005345945, -46.95807209119502, -90.61918981531348, -3.7306842497998343)
(9.328485250473022, -139.55284005345945, -46.95807209119502, -90.61918981531348, -3.7306842497998343)
(9.583988666534424, -139.4113608003183, -46.87465338407012, -90.66871626774133, -3.7623495967042206)
(9.598163604736328, -139.4113608003183, -46.87465338407012, -90.66871626774133, -3.7602864474233897)
(9.79984164237976, -139.55923767084855, -46.60891348723191, -90.53089243802623, -3.738914331331613)
(9.842729330062866, -139.55923767084855, -46.60891348723191, -90.53089243802623, -3.738914331331613)
(9.868219137191772, -139.55923767084855, -46.60891348723191, -90.53089243802623, -3.738914331331613)
(9.88786768913269, -139.55923767084855, -46.60891348723191, -90.53089243802623, -3.738914331331613)
(9.938922643661499, -139.60296292019459, -46.7582524853962, -90.11262353572913, -3.7442117832425907)
(9.960326910018921, -139.60296292019459, -46.7582524853962, -90.11262353572913, -3.7442117832425907)
(9.976216077804565, -139.60296292019459, -46.7582524853962, -90.11262353572913, -3.7442117832425907)
(10.024635076522827, -139.60296292019459, -46.7582524853962, -90.11262353572913, -3.7636871658415663)
(10.055024147033691, -139.60296292019459, -46.7582524853962, -90.11262353572913, -3.7636871658415663)
(10.096673727035522, -139.84205756363605, -46.69054501592687, -89.61377696614667, -3.7890978367678914)
(10.120750427246094, -139.84205756363605, -46.69054501592687, -89.61377696614667, -3.7890978367678914)
(10.154311656951904, -139.84205756363605, -46.69054501592687, -89.61377696614667, -3.7890978367678914)
(10.174963474273682, -139.84205756363605, -46.69054501592687, -89.61377696614667, -3.7890978367678914)
(10.195295333862305, -139.84205756363605, -46.69054501592687, -89.61377696614667, -3.7890978367678914)
(10.227080583572388, -139.84205756363605, -46.69054501592687, -89.61377696614667, -3.8003543366196526)
(10.244460582733154, -139.84205756363605, -46.69054501592687, -89.61377696614667, -3.8003543366196526)
(10.291684627532959, -139.84205756363605, -46.69054501592687, -89.61377696614667, -3.8003543366196526)
(10.335199356079102, -140.40297120720362, -46.02539107320674, -89.57429123273012, -3.8227937005923005)
(10.369267702102661, -140.40297120720362, -46.02539107320674, -89.57429123273012, -3.8227937005923005)
(10.406269550323486, -140.40297120720362, -46.02539107320674, -89.57429123273012, -3.8692356570519877)
(10.456348419189453, -140.40297120720362, -46.02539107320674, -89.57429123273012, -3.8692356570519877)
(10.47935938835144, -140.40297120720362, -46.02539107320674, -89.57429123273012, -3.8692356570519877)
(10.493834733963013, -140.40297120720362, -46.02539107320674, -89.57429123273012, -3.8692356570519877)
(10.508891344070435, -141.11884469542042, -44.96666335735292, -89.46846032987868, -3.894057041051501)
(10.53084921836853, -141.11884469542042, -44.96666335735292, -89.46846032987868, -3.894057041051501)
(10.551575422286987, -141.11884469542042, -44.96666335735292, -89.46846032987868, -3.894057041051501)
(10.570213794708252, -141.11884469542042, -44.96666335735292, -89.46846032987868, -3.894057041051501)
(10.58804726600647, -141.11884469542042, -44.96666335735292, -89.46846032987868, -3.894057041051501)
(10.640705108642578, -141.11884469542042, -44.96666335735292, -89.46846032987868, -3.889019486187556)
(10.676177740097046, -141.11884469542042, -44.96666335735292, -89.46846032987868, -3.889019486187556)
(10.704997062683105, -141.11884469542042, -44.96666335735292, -89.46846032987868, -3.889019486187556)
(10.73554253578186, -141.7133026352646, -44.01628081999729, -89.0072001314159, -3.8915329886979944)
(10.766586780548096, -141.7133026352646, -44.01628081999729, -89.0072001314159, -3.8915329886979944)
(10.792585849761963, -141.7133026352646, -44.01628081999729, -89.0072001314159, -3.8915329886979944)
(10.812342882156372, -141.7133026352646, -44.01628081999729, -89.0072001314159, -3.896072507782958)
(10.826486349105835, -141.7133026352646, -44.01628081999729, -89.0072001314159, -3.896072507782958)
(10.840534210205078, -141.7133026352646, -44.01628081999729, -89.0072001314159, -3.896072507782958)
(10.855194091796875, -141.7133026352646, -44.01628081999729, -89.0072001314159, -3.896072507782958)
(10.903477907180786, -141.7133026352646, -44.01628081999729, -89.0072001314159, -3.896072507782958)
(10.929111957550049, -141.89556856835708, -43.16179936425884, -88.71162828644263, -3.906481254133424)
(10.962102890014648, -141.89556856835708, -43.16179936425884, -88.71162828644263, -3.906481254133424)
(10.994915008544922, -141.89556856835708, -43.16179936425884, -88.71162828644263, -3.906481254133424)
(11.109764814376831, -141.89556856835708, -43.16179936425884, -88.71162828644263, -3.9157141892031566)
(11.176868438720703, -141.82211590293167, -42.30744174141844, -88.80281022550308, -3.953287180767477)
(11.237936973571777, -141.82211590293167, -42.30744174141844, -88.80281022550308, -3.9491825751965353)
(11.288524150848389, -141.82211590293167, -42.30744174141844, -88.80281022550308, -3.9491825751965353)
(11.331532955169678, -141.80748710290476, -41.451569974859126, -88.72315305418029, -3.9719954565622055)
(11.380990028381348, -141.80748710290476, -41.451569974859126, -88.72315305418029, -3.9719954565622055)
(11.48327374458313, -141.80748710290476, -41.451569974859126, -88.72315305418029, -4.009691986471885)
(11.585051774978638, -141.44569530829224, -40.64775976834038, -88.65266655698686, -4.0545367263783705)
(11.685013055801392, -140.8274447938438, -40.052952398968536, -88.81379075669793, -4.046231372088905)
(11.796724319458008, -140.8274447938438, -40.052952398968536, -88.81379075669793, -4.012185436581519)
(11.901087760925293, -140.05033284113884, -39.595398034185784, -89.15834577528891, -4.003455181211694)
(11.953841209411621, -140.05033284113884, -39.595398034185784, -89.15834577528891, -4.003455181211694)
(12.0000159740448, -140.05033284113884, -39.595398034185784, -89.15834577528891, -3.981740313379178)
(12.019449234008789, -140.05033284113884, -39.595398034185784, -89.15834577528891, -3.981740313379178)
(12.031374454498291, -140.05033284113884, -39.595398034185784, -89.15834577528891, -3.981740313379178)
(12.157383918762207, -139.32529463809198, -39.03067545349122, -89.68996105409414, -3.954607646819426)
(12.200597047805786, -139.32529463809198, -39.03067545349122, -89.68996105409414, -3.991047712535801)
(12.249501943588257, -139.32529463809198, -39.03067545349122, -89.68996105409414, -3.991047712535801)
(12.267426490783691, -139.32529463809198, -39.03067545349122, -89.68996105409414, -3.991047712535801)
(12.293936014175415, -138.43710696259433, -38.38178600253473, -90.60316435019037, -3.9901027124768653)
(12.33053469657898, -138.43710696259433, -38.38178600253473, -90.60316435019037, -3.9901027124768653)
(12.390604257583618, -138.43710696259433, -38.38178600253473, -90.60316435019037, -3.9901027124768653)
(12.433872938156128, -138.43710696259433, -38.38178600253473, -90.60316435019037, -4.007399200086175)
(12.491928339004517, -138.43710696259433, -38.38178600253473, -90.60316435019037, -4.007399200086175)
(12.52878189086914, -137.557244738191, -38.165636706406964, -91.47261770757072, -4.013479587319151)
(12.59494137763977, -137.557244738191, -38.165636706406964, -91.47261770757072, -4.013479587319151)
(12.63891315460205, -137.557244738191, -38.165636706406964, -91.47261770757072, -4.0301075728259415)
(12.678888082504272, -137.557244738191, -38.165636706406964, -91.47261770757072, -4.0301075728259415)
(12.72694444656372, -136.91086534145944, -37.831798008498396, -92.19413017854026, -4.020398347634448)
(12.778907299041748, -136.91086534145944, -37.831798008498396, -92.19413017854026, -4.020398347634448)
(12.793765306472778, -136.91086534145944, -37.831798008498396, -92.19413017854026, -4.020398347634448)
(12.82767629623413, -136.91086534145944, -37.831798008498396, -92.19413017854026, -4.030739434535696)
(12.860135793685913, -136.91086534145944, -37.831798008498396, -92.19413017854026, -4.030739434535696)
(12.913043975830078, -136.44461501278448, -37.69784324394331, -92.24681054672216, -4.005353301463125)
(12.978745698928833, -136.44461501278448, -37.69784324394331, -92.24681054672216, -4.005353301463125)
(13.006387710571289, -136.44461501278448, -37.69784324394331, -92.24681054672216, -4.005353301463125)
(13.11817717552185, -135.98687082773307, -37.92930833244285, -92.03343563215155, -4.003483367261362)
(13.210193872451782, -135.98687082773307, -37.92930833244285, -92.03343563215155, -4.003483367261362)
(13.26887822151184, -135.98687082773307, -37.92930833244285, -92.03343563215155, -3.9956156800122873)
(13.319466829299927, -135.6183892729652, -38.09296673528182, -91.78827712458657, -3.9757909526508453)
(13.370659112930298, -135.6183892729652, -38.09296673528182, -91.78827712458657, -3.9757909526508453)
(13.421755075454712, -135.6183892729652, -38.09296673528182, -91.78827712458657, -3.9836474960821926)
(13.471197843551636, -135.6183892729652, -38.09296673528182, -91.78827712458657, -3.9836474960821926)
(13.517179012298584, -135.6183892729652, -38.09296673528182, -91.78827712458657, -3.9836474960821926)
(13.567388534545898, -135.03736773593425, -38.5070065197272, -91.4797441883275, -3.999121201225532)
(13.61887001991272, -135.03736773593425, -38.5070065197272, -91.4797441883275, -3.999121201225532)
(13.666290521621704, -135.03736773593425, -38.5070065197272, -91.4797441883275, -4.001058720259796)
(13.71743893623352, -135.03736773593425, -38.5070065197272, -91.4797441883275, -4.001058720259796)
(13.76817274093628, -134.69896141565752, -38.96108568018791, -91.15281973773756, -4.020468375339524)
(13.820417165756226, -134.69896141565752, -38.96108568018791, -91.15281973773756, -4.061220336394456)
(13.86859941482544, -134.69896141565752, -38.96108568018791, -91.15281973773756, -4.061220336394456)
(13.918028593063354, -134.43398448464237, -39.2935986571404, -91.0972728944461, -4.051328864842044)
(13.969870567321777, -134.43398448464237, -39.2935986571404, -91.0972728944461, -4.051328864842044)
(14.021234035491943, -134.43398448464237, -39.2935986571404, -91.0972728944461, -4.029377917593881)
(14.038837194442749, -134.43398448464237, -39.2935986571404, -91.0972728944461, -4.029377917593881)
(14.050322771072388, -134.43398448464237, -39.2935986571404, -91.0972728944461, -4.029377917593881)
(14.061611652374268, -134.43398448464237, -39.2935986571404, -91.0972728944461, -4.029377917593881)
(14.106871128082275, -134.3309078446668, -39.41191899219229, -91.1953751262553, -4.004703800322386)
(14.137422800064087, -134.3309078446668, -39.41191899219229, -91.1953751262553, -4.004703800322386)
(14.179109573364258, -134.3309078446668, -39.41191899219229, -91.1953751262553, -4.004703800322386)
(14.20782208442688, -134.3309078446668, -39.41191899219229, -91.1953751262553, -4.009705097955488)
(14.25000262260437, -134.3309078446668, -39.41191899219229, -91.1953751262553, -4.009705097955488)
(14.298386812210083, -134.09131653100508, -39.77988045198665, -91.20953925052702, -4.008054758464449)
(14.326873064041138, -134.09131653100508, -39.77988045198665, -91.20953925052702, -4.008054758464449)
(14.35578989982605, -134.09131653100508, -39.77988045198665, -91.20953925052702, -4.008054758464449)
(14.376754999160767, -134.09131653100508, -39.77988045198665, -91.20953925052702, -4.008054758464449)
(14.402865648269653, -134.09131653100508, -39.77988045198665, -91.20953925052702, -3.9859016474584665)
(14.421396255493164, -134.09131653100508, -39.77988045198665, -91.20953925052702, -3.9859016474584665)
(14.442314624786377, -134.09131653100508, -39.77988045198665, -91.20953925052702, -3.9859016474584665)
(14.457849502563477, -134.09131653100508, -39.77988045198665, -91.20953925052702, -3.9859016474584665)
(14.502884149551392, -133.9577701183291, -40.018812080184716, -91.12750236815789, -3.9759024175534368)
(14.528945446014404, -133.9577701183291, -40.018812080184716, -91.12750236815789, -3.9759024175534368)
(14.556331157684326, -133.9577701183291, -40.018812080184716, -91.12750236815789, -3.9759024175534368)
(14.72495150566101, -133.5549726076663, -40.69895283176611, -90.92105396398671, -4.041007821696901)
(14.77817678451538, -133.5549726076663, -40.69895283176611, -90.92105396398671, -4.041007821696901)
(14.804305791854858, -133.5549726076663, -40.69895283176611, -90.92105396398671, -4.052575451748159)
(14.82633662223816, -133.5549726076663, -40.69895283176611, -90.92105396398671, -4.052575451748159)
(14.862236738204956, -133.5549726076663, -40.69895283176611, -90.92105396398671, -4.052575451748159)
(14.89083218574524, -133.5549726076663, -40.69895283176611, -90.92105396398671, -4.052575451748159)
(14.92622971534729, -133.49280985101626, -41.20307761287282, -90.71256961133456, -4.048045328151025)
(14.980085849761963, -133.49280985101626, -41.20307761287282, -90.71256961133456, -4.048045328151025)
(15.212451219558716, -133.68751099531528, -41.523230737020185, -90.56415957145582, -4.038165915994767)
(15.27768874168396, -133.68751099531528, -41.523230737020185, -90.56415957145582, -4.038165915994767)
(15.331108331680298, -133.8583057745764, -41.703145628417865, -90.63545080403237, -4.008464935885791)
(15.390378713607788, -133.8583057745764, -41.703145628417865, -90.63545080403237, -4.008464935885791)
(15.460164546966553, -133.8583057745764, -41.703145628417865, -90.63545080403237, -3.962711078263159)
(15.526707649230957, -134.06458674886795, -41.668461003607206, -90.81727926312273, -3.9799540708485646)
(15.59281587600708, -134.06458674886795, -41.668461003607206, -90.81727926312273, -3.9799540708485646)
(15.658990621566772, -134.06458674886795, -41.668461003607206, -90.81727926312273, -4.011401096274194)
(15.720388650894165, -134.31056594751698, -41.60044830851442, -90.81009358918413, -4.0073049785775465)
(15.769851207733154, -134.31056594751698, -41.60044830851442, -90.81009358918413, -4.0073049785775465)
(15.814544677734375, -134.31056594751698, -41.60044830851442, -90.81009358918413, -4.0073049785775465)
(15.907545328140259, -134.31056594751698, -41.60044830851442, -90.81009358918413, -4.0132351625408935)
(15.981625318527222, -134.51652074517358, -41.55639263820129, -90.7608614455581, -3.988330704499316)
(16.047829389572144, -134.51652074517358, -41.55639263820129, -90.7608614455581, -3.9992457859365356)
(16.06665825843811, -134.51652074517358, -41.55639263820129, -90.7608614455581, -3.9992457859365356)
(16.280720949172974, -134.8535005226124, -41.00823164291577, -91.0686823511172, -4.029059055613935)
(16.31220054626465, -134.8535005226124, -41.00823164291577, -91.0686823511172, -4.029059055613935)
(16.36900281906128, -134.8535005226124, -41.00823164291577, -91.0686823511172, -4.029059055613935)
(16.408745050430298, -134.8535005226124, -41.00823164291577, -91.0686823511172, -4.043824767989473)
(16.443402528762817, -134.8535005226124, -41.00823164291577, -91.0686823511172, -4.043824767989473)
(16.471643686294556, -134.8535005226124, -41.00823164291577, -91.0686823511172, -4.043824767989473)
(16.510475635528564, -134.7652732627524, -40.95936234148208, -91.26958633185605, -4.030195439151459)
(16.548792362213135, -134.7652732627524, -40.95936234148208, -91.26958633185605, -4.030195439151459)
(16.581133127212524, -134.7652732627524, -40.95936234148208, -91.26958633185605, -4.030195439151459)
(16.61040163040161, -134.7652732627524, -40.95936234148208, -91.26958633185605, -4.021958940126354)
(16.668652057647705, -134.7652732627524, -40.95936234148208, -91.26958633185605, -4.021958940126354)
(16.710179328918457, -134.74136777493462, -40.990247341276124, -91.46733419253857, -4.025562737134817)
(16.76689648628235, -134.74136777493462, -40.990247341276124, -91.46733419253857, -4.025562737134817)
(16.789911031723022, -134.74136777493462, -40.990247341276124, -91.46733419253857, -4.025562737134817)
(16.82317876815796, -134.74136777493462, -40.990247341276124, -91.46733419253857, -4.031595504311992)
(16.844366788864136, -134.74136777493462, -40.990247341276124, -91.46733419253857, -4.031595504311992)
(16.858691692352295, -134.74136777493462, -40.990247341276124, -91.46733419253857, -4.031595504311992)
(16.89485263824463, -134.84426370063719, -41.129247843055296, -91.44125751777963, -4.053901581618459)
(16.910006523132324, -134.84426370063719, -41.129247843055296, -91.44125751777963, -4.053901581618459)
(16.955079555511475, -134.84426370063719, -41.129247843055296, -91.44125751777963, -4.053901581618459)
(16.969619512557983, -134.84426370063719, -41.129247843055296, -91.44125751777963, -4.053901581618459)
(16.984709978103638, -134.84426370063719, -41.129247843055296, -91.44125751777963, -4.053901581618459)
(17.010063886642456, -134.84426370063719, -41.129247843055296, -91.44125751777963, -4.068979976873851)
(17.038893461227417, -134.84426370063719, -41.129247843055296, -91.44125751777963, -4.068979976873851)
(17.073689699172974, -134.84426370063719, -41.129247843055296, -91.44125751777963, -4.068979976873851)
(17.094951391220093, -134.84426370063719, -41.129247843055296, -91.44125751777963, -4.068979976873851)
(17.119290113449097, -134.9323348794293, -41.43492700776097, -91.34794106342326, -4.081312850270112)
(17.165802478790283, -134.9323348794293, -41.43492700776097, -91.34794106342326, -4.081312850270112)
(17.190143585205078, -134.9323348794293, -41.43492700776097, -91.34794106342326, -4.081312850270112)
(17.22327494621277, -134.9323348794293, -41.43492700776097, -91.34794106342326, -4.095207253386169)
(17.253028631210327, -134.9323348794293, -41.43492700776097, -91.34794106342326, -4.095207253386169)
(17.29490900039673, -134.9323348794293, -41.43492700776097, -91.34794106342326, -4.095207253386169)
(17.326518774032593, -135.12748088316167, -41.63203969936531, -91.23013583223748, -4.114605029003958)
(17.346110820770264, -135.12748088316167, -41.63203969936531, -91.23013583223748, -4.114605029003958)
(17.36132550239563, -135.12748088316167, -41.63203969936531, -91.23013583223748, -4.114605029003958)
(17.375744581222534, -135.12748088316167, -41.63203969936531, -91.23013583223748, -4.114605029003958)
(17.52846360206604, -135.09215578425128, -42.32648021072605, -91.19947149531761, -4.136571729256227)
(17.559417247772217, -135.09215578425128, -42.32648021072605, -91.19947149531761, -4.136571729256227)
(17.75682044029236, -135.02959022782682, -42.63304850864408, -91.19968764004467, -4.1567215910535955)
(17.832818269729614, -135.02959022782682, -42.63304850864408, -91.19968764004467, -4.152372341710919)
(17.888494968414307, -135.02959022782682, -42.63304850864408, -91.19968764004467, -4.152372341710919)
(17.939162015914917, -135.0169632574964, -43.2856295174736, -91.31530421125221, -4.157925887817912)
(17.988444805145264, -135.0169632574964, -43.2856295174736, -91.31530421125221, -4.157925887817912)
(18.051055908203125, -135.0169632574964, -43.2856295174736, -91.31530421125221, -4.170003383436999)
(18.06810212135315, -135.0169632574964, -43.2856295174736, -91.31530421125221, -4.170003383436999)
(18.07925844192505, -135.0169632574964, -43.2856295174736, -91.31530421125221, -4.170003383436999)
(18.10982608795166, -135.0169632574964, -43.2856295174736, -91.31530421125221, -4.170003383436999)
(18.137081146240234, -134.77206766301595, -44.32905281111176, -91.468667088946, -4.1591520022160315)
(18.187129735946655, -134.77206766301595, -44.32905281111176, -91.468667088946, -4.1591520022160315)
(18.25494694709778, -134.77206766301595, -44.32905281111176, -91.468667088946, -4.151161114855401)
(18.462765216827393, -134.53611776876318, -45.23615269413196, -91.62432423183647, -4.132770196707663)
(18.48914670944214, -134.2259952952666, -46.02020452407188, -91.60711295940473, -4.14469795632901)
(18.71106457710266, -133.88227389937222, -47.04823455741006, -91.49781360365222, -4.1891081403560415)
(18.72489094734192, -133.88227389937222, -47.04823455741006, -91.49781360365222, -4.1891081403560415)
(18.745824813842773, -133.88227389937222, -47.04823455741006, -91.49781360365222, -4.1891081403560415)
(18.76105260848999, -133.88227389937222, -47.04823455741006, -91.49781360365222, -4.1891081403560415)
(18.78386902809143, -133.88227389937222, -47.04823455741006, -91.49781360365222, -4.1891081403560415)
(18.803470373153687, -133.88227389937222, -47.04823455741006, -91.49781360365222, -4.193709667280326)
(18.82680034637451, -133.88227389937222, -47.04823455741006, -91.49781360365222, -4.193709667280326)
(18.843111753463745, -133.88227389937222, -47.04823455741006, -91.49781360365222, -4.193709667280326)
(18.858501195907593, -133.88227389937222, -47.04823455741006, -91.49781360365222, -4.193709667280326)
(18.88823914527893, -133.69907646278187, -47.97521149316776, -91.33185089701928, -4.177389624439624)
(18.90851140022278, -133.69907646278187, -47.97521149316776, -91.33185089701928, -4.177389624439624)
(18.924208164215088, -133.69907646278187, -47.97521149316776, -91.33185089701928, -4.177389624439624)
(18.955114603042603, -133.69907646278187, -47.97521149316776, -91.33185089701928, -4.177389624439624)
(18.970142602920532, -133.69907646278187, -47.97521149316776, -91.33185089701928, -4.177389624439624)
(18.987847805023193, -133.69907646278187, -47.97521149316776, -91.33185089701928, -4.177389624439624)
(19.021223783493042, -133.69907646278187, -47.97521149316776, -91.33185089701928, -4.156829525618383)
(19.0358567237854, -133.69907646278187, -47.97521149316776, -91.33185089701928, -4.156829525618383)
(19.05142641067505, -133.69907646278187, -47.97521149316776, -91.33185089701928, -4.156829525618383)
(19.16208028793335, -133.59533689733112, -48.6631535825813, -91.44212542092619, -4.117478802620011)
(19.28126549720764, -133.59533689733112, -48.6631535825813, -91.44212542092619, -4.140587805178859)
(19.333924770355225, -133.63354221225893, -49.10418151488329, -91.77291529146223, -4.151130897047862)
(19.379987478256226, -133.63354221225893, -49.10418151488329, -91.77291529146223, -4.151130897047862)
(19.496422290802002, -133.63354221225893, -49.10418151488329, -91.77291529146223, -4.17093976637899)
(19.59923505783081, -133.5351929414705, -49.678534570560444, -91.98209862343904, -4.185718143021235)
(19.650689363479614, -133.5351929414705, -49.678534570560444, -91.98209862343904, -4.177331760387642)
(19.73371171951294, -133.4883032746911, -49.87774965394398, -91.96772433076325, -4.131593067222981)
(19.826143741607666, -133.4883032746911, -49.87774965394398, -91.96772433076325, -4.094994695350485)
(19.891587734222412, -133.4883032746911, -49.87774965394398, -91.96772433076325, -4.094994695350485)
(19.939778089523315, -133.50274291043317, -50.55091589859645, -91.94329256999649, -4.089280913286237)
(19.98909068107605, -133.50274291043317, -50.55091589859645, -91.94329256999649, -4.089280913286237)
(20.091675758361816, -133.50274291043317, -50.55091589859645, -91.94329256999649, -4.085260312511778)
(20.180455923080444, -133.41509379359888, -51.809445354902444, -91.86087069142327, -4.0898755928071155)
(20.288448333740234, -133.41509379359888, -51.809445354902444, -91.86087069142327, -4.104630651249255)
(20.345945358276367, -133.1262370704339, -52.944175142532664, -91.77931819592563, -4.089826544465825)
(20.39752507209778, -133.1262370704339, -52.944175142532664, -91.77931819592563, -4.089826544465825)
(20.442687034606934, -133.1262370704339, -52.944175142532664, -91.77931819592563, -4.0672283180715905)
(20.493887424468994, -133.1262370704339, -52.944175142532664, -91.77931819592563, -4.0672283180715905)
(20.544718503952026, -132.7429838187633, -53.969938136099024, -91.8754349106425, -4.047738024133092)
(20.595075368881226, -132.7429838187633, -53.969938136099024, -91.8754349106425, -4.047738024133092)
(20.643055200576782, -132.7429838187633, -53.969938136099024, -91.8754349106425, -4.028199146713253)
(20.693800687789917, -132.24256281000282, -54.917714353828, -92.0227960029474, -4.014945579148289)
(20.744056224822998, -132.24256281000282, -54.917714353828, -92.0227960029474, -4.014945579148289)
(20.79203462600708, -132.24256281000282, -54.917714353828, -92.0227960029474, -3.9926282019942434)
(20.850789070129395, -132.24256281000282, -54.917714353828, -92.0227960029474, -3.9926282019942434)
(20.902682304382324, -131.7968998029407, -56.08745694453599, -92.21761918348373, -3.953265475843959)
(20.947462558746338, -131.7968998029407, -56.08745694453599, -92.21761918348373, -3.953265475843959)
(20.99915385246277, -131.7968998029407, -56.08745694453599, -92.21761918348373, -3.9736574738199666)
(21.051719427108765, -131.7968998029407, -56.08745694453599, -92.21761918348373, -3.9736574738199666)
(21.09583353996277, -131.33264328738449, -57.29037099202437, -92.56419887025591, -4.000973680171535)
(21.139936447143555, -131.33264328738449, -57.29037099202437, -92.56419887025591, -4.000973680171535)
(21.185447454452515, -131.33264328738449, -57.29037099202437, -92.56419887025591, -4.000973680171535)
(21.22066378593445, -131.33264328738449, -57.29037099202437, -92.56419887025591, -4.0094284395886275)
(21.24613332748413, -131.33264328738449, -57.29037099202437, -92.56419887025591, -4.0094284395886275)
(21.258711576461792, -131.33264328738449, -57.29037099202437, -92.56419887025591, -4.0094284395886275)
(21.28645968437195, -131.33264328738449, -57.29037099202437, -92.56419887025591, -4.0094284395886275)
(21.314963817596436, -130.8387511460141, -58.590638857213534, -92.96834324019667, -4.021406732785878)
(21.32643175125122, -130.8387511460141, -58.590638857213534, -92.96834324019667, -4.021406732785878)
(21.35369849205017, -130.8387511460141, -58.590638857213534, -92.96834324019667, -4.021406732785878)
(21.383211374282837, -130.8387511460141, -58.590638857213534, -92.96834324019667, -4.021406732785878)
(21.394983530044556, -130.8387511460141, -58.590638857213534, -92.96834324019667, -4.042770068567844)
(21.418111562728882, -130.8387511460141, -58.590638857213534, -92.96834324019667, -4.042770068567844)
(21.589247941970825, -130.68344122092054, -59.38964236518501, -93.42689284436166, -4.028554364463021)
(21.62289786338806, -130.68344122092054, -59.38964236518501, -93.42689284436166, -4.015922617607946)
(21.6581289768219, -130.68344122092054, -59.38964236518501, -93.42689284436166, -4.015922617607946)
(21.679065704345703, -130.68344122092054, -59.38964236518501, -93.42689284436166, -4.015922617607946)
(21.712896823883057, -130.40154626134145, -60.14924045228479, -93.84420227632783, -4.017670921262597)
(21.728856563568115, -130.40154626134145, -60.14924045228479, -93.84420227632783, -4.017670921262597)
(21.751644134521484, -130.40154626134145, -60.14924045228479, -93.84420227632783, -4.017670921262597)
(21.780010223388672, -130.40154626134145, -60.14924045228479, -93.84420227632783, -4.017670921262597)
(21.794938564300537, -130.40154626134145, -60.14924045228479, -93.84420227632783, -4.017670921262597)
(21.86158847808838, -130.40154626134145, -60.14924045228479, -93.84420227632783, -4.038482909166974)
(21.90715527534485, -130.31819169546173, -60.87426133184972, -94.16796668475425, -4.063635665607196)
(21.9541175365448, -130.31819169546173, -60.87426133184972, -94.16796668475425, -4.063635665607196)
(21.997922897338867, -130.31819169546173, -60.87426133184972, -94.16796668475425, -4.063635665607196)
(22.045453310012817, -130.31819169546173, -60.87426133184972, -94.16796668475425, -4.0974695713679115)
(22.084702968597412, -130.31819169546173, -60.87426133184972, -94.16796668475425, -4.0974695713679115)
(22.140907764434814, -130.55111432545007, -61.567649895815094, -94.46959084433398, -4.127672001138531)
(22.16686201095581, -130.55111432545007, -61.567649895815094, -94.46959084433398, -4.127672001138531)
(22.182108640670776, -130.55111432545007, -61.567649895815094, -94.46959084433398, -4.127672001138531)
(22.384329080581665, -130.4530110082195, -62.15922305278351, -94.6868787174816, -4.106835927521215)
(22.440080165863037, -130.4530110082195, -62.15922305278351, -94.6868787174816, -4.098208057597992)
(22.48735785484314, -130.4530110082195, -62.15922305278351, -94.6868787174816, -4.098208057597992)
(22.530903100967407, -130.25390325583052, -62.43337077849482, -94.52858573613526, -4.13294563730695)
(22.57511329650879, -130.25390325583052, -62.43337077849482, -94.52858573613526, -4.13294563730695)
(22.618271827697754, -130.25390325583052, -62.43337077849482, -94.52858573613526, -4.146573285379115)
(22.661051034927368, -130.25390325583052, -62.43337077849482, -94.52858573613526, -4.146573285379115)
(22.708653688430786, -130.25390325583052, -62.43337077849482, -94.52858573613526, -4.146573285379115)
(22.752500295639038, -130.08934438449293, -62.66500967592068, -94.22356041231845, -4.163012339545256)
(22.79536008834839, -130.08934438449293, -62.66500967592068, -94.22356041231845, -4.163012339545256)
(22.84185791015625, -130.08934438449293, -62.66500967592068, -94.22356041231845, -4.1635209531000354)
(22.885339498519897, -130.08934438449293, -62.66500967592068, -94.22356041231845, -4.1635209531000354)
(22.92849564552307, -129.9030609396084, -62.978768067587744, -93.67108272599062, -4.175602823289086)
(22.975232362747192, -129.9030609396084, -62.978768067587744, -93.67108272599062, -4.180197815787168)
(23.01844024658203, -129.9030609396084, -62.978768067587744, -93.67108272599062, -4.180197815787168)
(23.061363697052002, -129.9030609396084, -62.978768067587744, -93.67108272599062, -4.180197815787168)
(23.10857915878296, -129.6234415615241, -63.63912714254515, -92.98055915116907, -4.177374128465933)
(23.15235710144043, -129.6234415615241, -63.63912714254515, -92.98055915116907, -4.177374128465933)
(23.195608377456665, -129.6234415615241, -63.63912714254515, -92.98055915116907, -4.16567113430566)
(23.24237632751465, -129.6234415615241, -63.63912714254515, -92.98055915116907, -4.16567113430566)
(23.25978708267212, -129.6234415615241, -63.63912714254515, -92.98055915116907, -4.16567113430566)
(23.28718638420105, -129.37251575073438, -64.55538742225268, -92.30697505708419, -4.138553399887916)
(23.306106090545654, -129.37251575073438, -64.55538742225268, -92.30697505708419, -4.138553399887916)
(23.317464351654053, -129.37251575073438, -64.55538742225268, -92.30697505708419, -4.138553399887916)
(23.32876706123352, -129.37251575073438, -64.55538742225268, -92.30697505708419, -4.138553399887916)
(23.351863384246826, -129.37251575073438, -64.55538742225268, -92.30697505708419, -4.138553399887916)
(23.437380075454712, -129.37251575073438, -64.55538742225268, -92.30697505708419, -4.145738421972874)
(23.49124026298523, -129.00417234797294, -65.19214342282223, -91.78925139651352, -4.1344902493210425)
(23.992294549942017, -129.2749142138606, -65.79142388367005, -91.03601053569157, -4.07418465611541)
(24.493194341659546, -129.55719119450896, -65.97315040916611, -90.79743712914558, -3.995511120883049, 'fly')
(24.63782548904419, -129.55629375780265, -65.29856195487326, -90.86473305851108, -3.8526238874886083, 'fly')
(24.731087923049927, -129.6511592543924, -63.93331311869585, -90.8224137868027, -0.8962805611993818, 'fly')
(24.797703981399536, -129.6511592543924, -63.93331311869585, -90.8224137868027, -0.8962805611993818, 'fly')
(24.859495878219604, -129.6511592543924, -63.93331311869585, -90.8224137868027, 2.609847798131213, 'fly')
(24.926486492156982, -129.8268235596015, -62.28200088408481, -90.67670840580992, 5.45645357097365, 'fly')
(24.993379831314087, -129.8268235596015, -62.28200088408481, -90.67670840580992, 5.45645357097365, 'fly')
(25.059566020965576, -129.8268235596015, -62.28200088408481, -90.67670840580992, 6.561716347204083, 'fly')
(25.130491256713867, -129.66568150094992, -60.087729093479204, -90.16746920946244, 5.083348150376267, 'fly')
(25.19026780128479, -129.66568150094992, -60.087729093479204, -90.16746920946244, 5.083348150376267, 'fly')
(25.2599937915802, -129.66568150094992, -60.087729093479204, -90.16746920946244, 4.766830818814279, 'fly')
(25.326129913330078, -129.74158194228102, -56.74087234307103, -89.51679556921233, 5.382479953788061, 'fly')
(25.392890453338623, -129.74158194228102, -56.74087234307103, -89.51679556921233, 7.130119922483021, 'fly')
(25.459736347198486, -129.74158194228102, -56.74087234307103, -89.51679556921233, 7.130119922483021, 'fly')
(25.52665901184082, -129.8734506668129, -52.9540982464979, -88.95533239418386, 8.699236265548285, 'fly')
(25.592851400375366, -129.8734506668129, -52.9540982464979, -88.95533239418386, 8.271201719603486, 'fly')
(25.659926176071167, -129.8734506668129, -52.9540982464979, -88.95533239418386, 8.271201719603486, 'fly')
(25.69281578063965, -129.76309008959421, -49.11293661165733, -88.68731721804637, 7.235733156256231, 'fly')
(25.709725856781006, -129.76309008959421, -49.11293661165733, -88.68731721804637, 7.235733156256231, 'fly')
(25.724351167678833, -129.76309008959421, -49.11293661165733, -88.68731721804637, 7.235733156256231, 'fly')
(25.75152063369751, -129.76309008959421, -49.11293661165733, -88.68731721804637, 7.235733156256231, 'fly')
(25.76522397994995, -129.76309008959421, -49.11293661165733, -88.68731721804637, 7.235733156256231, 'fly')
(25.77881169319153, -129.76309008959421, -49.11293661165733, -88.68731721804637, 7.235733156256231, 'fly')
(25.792332410812378, -129.76309008959421, -49.11293661165733, -88.68731721804637, 6.847050726019784, 'fly')
(25.825117826461792, -129.76309008959421, -49.11293661165733, -88.68731721804637, 6.847050726019784, 'fly')
(25.84118127822876, -129.76309008959421, -49.11293661165733, -88.68731721804637, 6.847050726019784, 'fly')
(25.852937936782837, -129.76309008959421, -49.11293661165733, -88.68731721804637, 6.847050726019784, 'fly')
(25.865005016326904, -129.76309008959421, -49.11293661165733, -88.68731721804637, 6.847050726019784, 'fly')
(25.87928009033203, -129.76309008959421, -49.11293661165733, -88.68731721804637, 6.847050726019784, 'fly')
(25.91329574584961, -129.49321109562788, -44.97710681091723, -88.83463858097508, 6.905345485998349, 'fly')
(25.929139614105225, -129.49321109562788, -44.97710681091723, -88.83463858097508, 6.905345485998349, 'fly')
(25.948925495147705, -129.49321109562788, -44.97710681091723, -88.83463858097508, 6.905345485998349, 'fly')
(26.074172496795654, -129.49321109562788, -44.97710681091723, -88.83463858097508, 7.205769547281182, 'fly')
(26.23412275314331, -129.12017080463613, -40.760433740455206, -89.04360021190324, 8.013345871792726, 'fly')
(26.268137454986572, -129.12017080463613, -40.760433740455206, -89.04360021190324, 8.013345871792726, 'fly')
(26.303833961486816, -128.4851721293272, -37.17710964201108, -89.12414840449293, 8.278371485548464, 'fly')
(26.32149577140808, -128.4851721293272, -37.17710964201108, -89.12414840449293, 8.278371485548464, 'fly')
(26.34786367416382, -128.4851721293272, -37.17710964201108, -89.12414840449293, 8.278371485548464, 'fly')
(26.386343955993652, -128.4851721293272, -37.17710964201108, -89.12414840449293, 8.278371485548464, 'fly')
(26.403571367263794, -128.4851721293272, -37.17710964201108, -89.12414840449293, 8.42394948236437, 'fly')
(26.427894115447998, -128.4851721293272, -37.17710964201108, -89.12414840449293, 8.42394948236437, 'fly')
(26.452449798583984, -128.4851721293272, -37.17710964201108, -89.12414840449293, 8.42394948236437, 'fly')
(26.46979808807373, -128.4851721293272, -37.17710964201108, -89.12414840449293, 8.42394948236437, 'fly')
(26.492886304855347, -128.4851721293272, -37.17710964201108, -89.12414840449293, 8.42394948236437, 'fly')
(26.577717542648315, -127.62498654536957, -32.85532983377099, -89.02310863227572, 8.61999359520171, 'fly')
(26.613094806671143, -127.62498654536957, -32.85532983377099, -89.02310863227572, 8.826167434245098, 'fly')
(26.667804479599, -127.62498654536957, -32.85532983377099, -89.02310863227572, 8.826167434245098, 'fly')
(26.715388536453247, -127.03038620427617, -28.676964152082846, -89.03885197457018, 9.010858564699431, 'fly')
(26.741267919540405, -127.03038620427617, -28.676964152082846, -89.03885197457018, 9.010858564699431, 'fly')
(26.766605615615845, -127.03038620427617, -28.676964152082846, -89.03885197457018, 9.010858564699431, 'fly')
(26.794144868850708, -127.03038620427617, -28.676964152082846, -89.03885197457018, 9.010858564699431, 'fly')
(26.82395362854004, -127.03038620427617, -28.676964152082846, -89.03885197457018, 9.116984723693903, 'fly')
(26.84773325920105, -127.03038620427617, -28.676964152082846, -89.03885197457018, 9.116984723693903, 'fly')
(26.918341636657715, -126.25970532342284, -24.381777046084395, -88.93507719892119, 9.179437860582626, 'fly')
(26.982091903686523, -126.25970532342284, -24.381777046084395, -88.93507719892119, 9.179437860582626, 'fly')
(27.042920351028442, -126.25970532342284, -24.381777046084395, -88.93507719892119, 9.205297970493861, 'fly')
(27.098721504211426, -126.25970532342284, -24.381777046084395, -88.93507719892119, 9.205297970493861, 'fly')
(27.15229082107544, -125.53927795319976, -19.900821596648278, -88.59771055207096, 9.211747311935959, 'fly')
(27.197339296340942, -125.53927795319976, -19.900821596648278, -88.59771055207096, 9.211747311935959, 'fly')
(27.247629165649414, -125.53927795319976, -19.900821596648278, -88.59771055207096, 9.204236444628394, 'fly')
(27.296862363815308, -125.53927795319976, -19.900821596648278, -88.59771055207096, 9.204236444628394, 'fly')
(27.340197324752808, -124.81146544805384, -14.99105641244794, -88.5369361610896, 9.199612307904259, 'fly')
(27.389853477478027, -124.81146544805384, -14.99105641244794, -88.5369361610896, 9.199612307904259, 'fly')
(27.450174570083618, -124.81146544805384, -14.99105641244794, -88.5369361610896, 9.182082063953354, 'fly')
(27.535049438476562, -123.91071326129293, -10.141492468218582, -88.83293773564611, 9.177367711072897, 'fly')
(27.616169452667236, -123.91071326129293, -10.141492468218582, -88.83293773564611, 9.179852016223153, 'fly')
(27.723278045654297, -122.91091568850746, -5.27395592559883, -89.72992094274589, 9.150537681142687, 'fly')
(27.849764108657837, -122.91091568850746, -5.27395592559883, -89.72992094274589, 9.13132582499877, 'fly')
(27.979217767715454, -122.03557193552494, -0.7820675745313896, -90.55179553819139, 9.151321157495918, 'fly')
(28.0328209400177, -122.03557193552494, -0.7820675745313896, -90.55179553819139, 9.193499548073472, 'fly')
(28.081013441085815, -122.03557193552494, -0.7820675745313896, -90.55179553819139, 9.193499548073472, 'fly')
(28.165055751800537, -121.41215889357824, 4.027707719099033, -91.3751637223415, 9.239930426000239, 'fly')
(28.25071430206299, -121.41215889357824, 4.027707719099033, -91.3751637223415, 9.263436629930602, 'fly')
(28.35503101348877, -120.70757274000748, 8.85120001635207, -92.02636216773529, 9.272098665031013, 'fly')
(28.458101987838745, -120.70757274000748, 8.85120001635207, -92.02636216773529, 9.24364014391575, 'fly')
(28.566020727157593, -120.05064710360452, 13.432758680295894, -92.27243131933996, 9.221282000233904, 'fly')
(28.622793674468994, -120.05064710360452, 13.432758680295894, -92.27243131933996, 9.191237320833034, 'fly')
(28.672150135040283, -120.05064710360452, 13.432758680295894, -92.27243131933996, 9.191237320833034, 'fly')
(28.71875500679016, -119.04869026995974, 17.907135245598013, -92.30732464136493, 9.173775681432305, 'fly')
(28.766023874282837, -119.04869026995974, 17.907135245598013, -92.30732464136493, 9.173775681432305, 'fly')
(28.812437534332275, -119.04869026995974, 17.907135245598013, -92.30732464136493, 9.168542377454386, 'fly')
(28.892287015914917, -119.04869026995974, 17.907135245598013, -92.30732464136493, 9.168542377454386, 'fly')
(28.99533200263977, -118.37938566474067, 22.329876777601033, -91.9308297985151, 9.19242525323724, 'fly')
(29.06644082069397, -118.37938566474067, 22.329876777601033, -91.9308297985151, 9.254516695993674, 'fly')
(29.1223304271698, -117.61118174835005, 26.57652248064195, -91.71288421060535, 9.244455365140672, 'fly')
(29.186586380004883, -117.61118174835005, 26.57652248064195, -91.71288421060535, 9.244455365140672, 'fly')
(29.233680486679077, -117.61118174835005, 26.57652248064195, -91.71288421060535, 9.238256420714881, 'fly')
(29.28048300743103, -117.61118174835005, 26.57652248064195, -91.71288421060535, 9.238256420714881, 'fly')
(29.35846495628357, -117.52219142242352, 31.301021003421504, -91.52806675822134, 9.217519940140356, 'fly')
(29.451043128967285, -117.52219142242352, 31.301021003421504, -91.52806675822134, 9.210719149536722, 'fly')
(29.564826011657715, -117.3915256249702, 36.266568162441374, -91.4814809880724, 9.178676964016887, 'fly')
(29.660892009735107, -117.3915256249702, 36.266568162441374, -91.4814809880724, 9.135947421331384, 'fly')
(29.729215621948242, -117.37281216352996, 40.900242464801735, -91.41716734611006, 9.099056000846296, 'fly')
(29.78613591194153, -117.37281216352996, 40.900242464801735, -91.41716734611006, 9.099056000846296, 'fly')
(29.83261251449585, -117.37281216352996, 40.900242464801735, -91.41716734611006, 9.093063735648558, 'fly')
(29.8787784576416, -117.71358586549795, 45.84215796245722, -91.2361077880233, 9.08409052051055, 'fly')
(29.924894094467163, -117.71358586549795, 45.84215796245722, -91.2361077880233, 9.08409052051055, 'fly')
(29.96273112297058, -117.71358586549795, 45.84215796245722, -91.2361077880233, 9.08409052051055, 'fly')
(29.980722904205322, -117.71358586549795, 45.84215796245722, -91.2361077880233, 9.086518247606065, 'fly')
(29.998415231704712, -117.71358586549795, 45.84215796245722, -91.2361077880233, 9.086518247606065, 'fly')
(30.01339602470398, -117.71358586549795, 45.84215796245722, -91.2361077880233, 9.086518247606065, 'fly')
(30.05497980117798, -117.71358586549795, 45.84215796245722, -91.2361077880233, 9.086518247606065, 'fly')
(30.091045379638672, -118.80156867374923, 51.275838912816276, -91.35126585934982, 9.08614788374613, 'fly')
(30.134926557540894, -118.80156867374923, 51.275838912816276, -91.35126585934982, 9.08614788374613, 'fly')
(30.15557289123535, -118.80156867374923, 51.275838912816276, -91.35126585934982, 9.08614788374613, 'fly')
(30.192444562911987, -118.80156867374923, 51.275838912816276, -91.35126585934982, 9.094698865047302, 'fly')
(30.230787992477417, -118.80156867374923, 51.275838912816276, -91.35126585934982, 9.094698865047302, 'fly')
(30.258630990982056, -118.80156867374923, 51.275838912816276, -91.35126585934982, 9.094698865047302, 'fly')
(30.312772035598755, -119.99854678711162, 56.7165738757677, -91.14515518747781, 9.07816129533736, 'fly')
(30.332547187805176, -119.99854678711162, 56.7165738757677, -91.14515518747781, 9.07816129533736, 'fly')
(30.35585308074951, -119.99854678711162, 56.7165738757677, -91.14515518747781, 9.07816129533736, 'fly')
(30.407566785812378, -119.99854678711162, 56.7165738757677, -91.14515518747781, 9.085131818546156, 'fly')
(30.432236909866333, -119.99854678711162, 56.7165738757677, -91.14515518747781, 9.085131818546156, 'fly')
(30.523046493530273, -120.71804643445529, 61.914362256228735, -91.2063645864552, 9.063872658396777, 'fly')
(30.562268257141113, -120.71804643445529, 61.914362256228735, -91.2063645864552, 9.063872658396777, 'fly')
(30.5976505279541, -120.71804643445529, 61.914362256228735, -91.2063645864552, 9.02977966704263, 'fly')
(30.63584876060486, -120.71804643445529, 61.914362256228735, -91.2063645864552, 9.02977966704263, 'fly')
(30.673219919204712, -120.71804643445529, 61.914362256228735, -91.2063645864552, 9.02977966704263, 'fly')
(30.69668412208557, -121.20938823162018, 67.13657200541911, -91.07391450795768, 9.030994187308641, 'fly')
(30.71233320236206, -121.20938823162018, 67.13657200541911, -91.07391450795768, 9.030994187308641, 'fly')
(30.727729082107544, -121.20938823162018, 67.13657200541911, -91.07391450795768, 9.030994187308641, 'fly')
(30.77210235595703, -121.20938823162018, 67.13657200541911, -91.07391450795768, 9.030994187308641, 'fly')
(30.787880659103394, -121.20938823162018, 67.13657200541911, -91.07391450795768, 9.030994187308641, 'fly')
(30.81531858444214, -121.20938823162018, 67.13657200541911, -91.07391450795768, 9.030985928949404, 'fly')
(30.870909929275513, -121.20938823162018, 67.13657200541911, -91.07391450795768, 9.030985928949404, 'fly')
(30.886311769485474, -121.20938823162018, 67.13657200541911, -91.07391450795768, 9.030985928949404, 'fly')
(30.90482473373413, -122.38584563156908, 72.72524509487567, -91.00689259905582, 9.04796577449318, 'fly')
(30.923659324645996, -122.38584563156908, 72.72524509487567, -91.00689259905582, 9.04796577449318, 'fly')
(30.96508240699768, -122.38584563156908, 72.72524509487567, -91.00689259905582, 9.04796577449318, 'fly')
(30.98897385597229, -122.38584563156908, 72.72524509487567, -91.00689259905582, 9.04796577449318, 'fly')
(31.012370586395264, -122.38584563156908, 72.72524509487567, -91.00689259905582, 9.088267777366829, 'fly')
(31.034915924072266, -122.38584563156908, 72.72524509487567, -91.00689259905582, 9.088267777366829, 'fly')
(31.05418109893799, -122.38584563156908, 72.72524509487567, -91.00689259905582, 9.088267777366829, 'fly')
(31.079183340072632, -122.38584563156908, 72.72524509487567, -91.00689259905582, 9.088267777366829, 'fly')
(31.104589700698853, -123.45426488555871, 77.94753438057917, -90.72920324910123, 9.101861584349283, 'fly')
(31.122068166732788, -123.45426488555871, 77.94753438057917, -90.72920324910123, 9.101861584349283, 'fly')
(31.14548945426941, -123.45426488555871, 77.94753438057917, -90.72920324910123, 9.101861584349283, 'fly')
(31.18156886100769, -123.45426488555871, 77.94753438057917, -90.72920324910123, 9.101861584349283, 'fly')
(31.19697666168213, -123.45426488555871, 77.94753438057917, -90.72920324910123, 9.101861584349283, 'fly')
(31.217595100402832, -123.45426488555871, 77.94753438057917, -90.72920324910123, 9.093534582021183, 'fly')
(31.239338397979736, -123.45426488555871, 77.94753438057917, -90.72920324910123, 9.093534582021183, 'fly')
(31.31047248840332, -124.26707130261822, 83.31621182780277, -90.44684482510675, 9.07457456769393, 'fly')
(31.35224151611328, -124.26707130261822, 83.31621182780277, -90.44684482510675, 9.07457456769393, 'fly')
(31.399531364440918, -124.26707130261822, 83.31621182780277, -90.44684482510675, 9.07457456769393, 'fly')
(31.436102390289307, -124.26707130261822, 83.31621182780277, -90.44684482510675, 9.03776372646035, 'fly')
(31.458711862564087, -124.26707130261822, 83.31621182780277, -90.44684482510675, 9.03776372646035, 'fly')
(31.47971248626709, -124.26707130261822, 83.31621182780277, -90.44684482510675, 9.03776372646035, 'fly')
(31.67590308189392, -124.97854740305975, 88.51876686080668, -90.16869138926766, 9.01974685790236, 'fly')
(31.708621978759766, -124.97854740305975, 88.51876686080668, -90.16869138926766, 9.01974685790236, 'fly')
(31.72514271736145, -125.75209177299439, 93.6489458242609, -90.09996631228206, 9.058282855557312, 'fly')
(31.745602130889893, -125.75209177299439, 93.6489458242609, -90.09996631228206, 9.058282855557312, 'fly')
(31.76305913925171, -125.75209177299439, 93.6489458242609, -90.09996631228206, 9.058282855557312, 'fly')
(31.781779527664185, -125.75209177299439, 93.6489458242609, -90.09996631228206, 9.058282855557312, 'fly')
(31.806146144866943, -125.75209177299439, 93.6489458242609, -90.09996631228206, 9.058282855557312, 'fly')
(31.82138967514038, -125.75209177299439, 93.6489458242609, -90.09996631228206, 9.059118814436426, 'fly')
(31.836459159851074, -125.75209177299439, 93.6489458242609, -90.09996631228206, 9.059118814436426, 'fly')
(31.851996660232544, -125.75209177299439, 93.6489458242609, -90.09996631228206, 9.059118814436426, 'fly')
(31.893105268478394, -125.75209177299439, 93.6489458242609, -90.09996631228206, 9.059118814436426, 'fly')
(31.923858880996704, -126.42140116323412, 98.07915552365004, -90.12668478583537, 9.043396871019425, 'fly')
(32.090566873550415, -127.02419195295803, 102.86559300484798, -90.00225363258924, 9.03015274648146, 'fly')
(32.15927219390869, -127.02419195295803, 102.86559300484798, -90.00225363258924, 9.03015274648146, 'fly')
(32.20913052558899, -127.02419195295803, 102.86559300484798, -90.00225363258924, 9.02427111551927, 'fly')
(32.25463533401489, -127.02419195295803, 102.86559300484798, -90.00225363258924, 9.02427111551927, 'fly')
(32.298755168914795, -127.2611259695416, 106.80426021281342, -90.43517448990153, 9.045696667092455, 'fly')
(32.34278583526611, -127.2611259695416, 106.80426021281342, -90.43517448990153, 9.045696667092455, 'fly')
(32.387205362319946, -127.2611259695416, 106.80426021281342, -90.43517448990153, 9.016859565520795, 'fly')
(32.431488037109375, -127.2611259695416, 106.80426021281342, -90.43517448990153, 9.016859565520795, 'fly')
(32.47696805000305, -127.2611259695416, 106.80426021281342, -90.43517448990153, 9.016859565520795, 'fly')
(32.55039024353027, -127.23511465785543, 109.96652015473263, -90.78893233724612, 8.997077478316404, 'fly')
(32.63537859916687, -127.23511465785543, 109.96652015473263, -90.78893233724612, 8.956428438237905, 'fly')
(32.70947504043579, -126.85393033225597, 112.07162909643458, -91.01339625713081, 8.942547537156138, 'fly')
(32.759629249572754, -126.85393033225597, 112.07162909643458, -91.01339625713081, 8.942547537156138, 'fly')
(32.80470108985901, -126.85393033225597, 112.07162909643458, -91.01339625713081, 8.964336961464772, 'fly')
(32.85074472427368, -126.85393033225597, 112.07162909643458, -91.01339625713081, 8.964336961464772, 'fly')
(32.89452838897705, -126.96638953366212, 113.35400864229463, -90.99382575918314, 9.005191615442968, 'fly')
(32.937687158584595, -126.96638953366212, 113.35400864229463, -90.99382575918314, 9.005191615442968, 'fly')
(33.10052418708801, -126.4846078686726, 113.81901295591524, -91.14532975824021, 9.028412972586151, 'fly')
