Landing point: X Y Z YAW ROLL
18.097850758267057 141.37404535125924 -13.475393297739995 -2.645748026407718 0.9915534422707057
Points: X Y Z
0.09837811518516124 141.84047494541937 -13.990384615384615
0.8752588805393352 141.84047494541937 -13.26923076923077
1.0208194618615016 140.48961327927253 -14.0
20.785986736582096 147.51409394323616 -13.65
22.41241630749948 140.48961327927253 -13.0
22.41241630749948 140.48961327927253 -13.714285714285715
38.512542864714106 139.1642395690907 -13.443396226415095
38.6649873922553 139.1642395690907 -12.735849056603772
