Landing point: X Y Z YAW ROLL
16.860288361330674 131.7066431405533 -13.475393297739995 -2.6457488675641376 1.0643182610344786
Points: X Y Z
0.09165084918762191 132.1411774707807 -13.990384615384615
0.8154071615364413 132.1411774707807 -13.26923076923077
0.9510140580632886 130.88269006629704 -14.0
19.364604943130093 137.4268245696119 -13.65
20.879816441519537 130.88269006629704 -13.0
20.879816441519537 130.88269006629704 -13.714285714285715
35.87898844455739 129.64794770718103 -13.443396226415095
36.0210085511315 129.64794770718103 -12.735849056603772
