Landing point: X Y Z YAW ROLL (atan((12,5−2,25)÷(40−4))=15,89283098)
12.381625741186705 131.7080962919239 -22.874034891741502 1.4822733272854747 18.53013950820588
Points: X Y Z
-3.206793633449166 130.88269006629704 -27.285714285714285
-2.346557559343141 130.88269006629704 -28.571428571428573
-1.9164395222901285 130.88269006629704 -28.0
-1.4863214852371158 130.88269006629704 -27.428571428571427
-1.472299584432992 129.64794770718103 -26.17924528301887
-1.199576127201774 130.88269006629704 -26.571428571428573
-1.199576127201774 130.88269006629704 -28.0
-0.19596737407807813 130.88269006629704 -27.142857142857142
12.420828379476959 130.88269006629704 -22.57142857142857
13.281064453582983 130.88269006629704 -22.714285714285715
13.711182490635995 130.88269006629704 -22.285714285714285
13.854555169653667 130.88269006629704 -21.857142857142858
13.854555169653667 130.88269006629704 -22.857142857142858
15.471393938005162 144.65981533643358 -23.842105263157894
16.005145354918728 130.88269006629704 -21.57142857142857
16.042809278010346 136.0661629402098 -22.871287128712872
16.159040983331412 132.1411774707807 -22.067307692307693
16.43526339197174 130.88269006629704 -21.285714285714285
29.33880450356212 130.88269006629704 -17.857142857142858
29.48217718257979 130.88269006629704 -16.857142857142858
30.342413256685816 130.88269006629704 -16.0
30.485785935703486 130.88269006629704 -16.57142857142857
30.9159039727565 130.88269006629704 -15.714285714285714
