1 0.2875 0.5090277777777777 0.05 0.9291666666666667
1 0.4083333333333333 0.45625 0.03958333333333333 0.8236111111111111
1 0.4671875 0.6083333333333333 0.040625 0.7611111111111111
1 0.50625 0.5034722222222222 0.035416666666666666 0.4597222222222222
1 0.5505208333333333 0.38819444444444445 0.042708333333333334 0.2125
1 0.6005208333333333 0.5395833333333333 0.034375 0.24027777777777778
1 0.6385416666666667 0.6902777777777778 0.035416666666666666 0.55
1 0.7619791666666667 0.5138888888888888 0.12604166666666666 0.9638888888888889
1 0.19010416666666666 0.5006944444444444 0.109375 0.9625
0 0.08333333333333333 0.17152777777777778 0.13541666666666666 0.0625
0 0.08020833333333334 0.36736111111111114 0.14583333333333334 0.0875
0 0.08229166666666667 0.7506944444444444 0.15833333333333333 0.0625
0 0.9046875 0.3347222222222222 0.18020833333333333 0.08055555555555556
0 0.9015625 0.4895833333333333 0.18020833333333333 0.15138888888888888
0 0.8494791666666667 0.9256944444444445 0.13854166666666667 0.10416666666666667
