0 0.08697916666666666 0.059722222222222225 0.10729166666666666 0.075
0 0.17239583333333333 0.20555555555555555 0.284375 0.10555555555555556
0 0.17447916666666666 0.3451388888888889 0.3072916666666667 0.09583333333333334
0 0.2203125 0.5430555555555555 0.421875 0.10277777777777777
1 0.03802083333333333 0.5034722222222222 0.046875 0.8986111111111111
1 0.15833333333333333 0.5138888888888888 0.04375 0.9583333333333334
1 0.109375 0.36180555555555555 0.035416666666666666 0.6208333333333333
1 0.3229166666666667 0.4625 0.06875 0.8388888888888889
1 0.4515625 0.33055555555555555 0.04479166666666667 0.6111111111111112
1 0.634375 0.5104166666666666 0.058333333333333334 0.9486111111111111
1 0.7072916666666667 0.38958333333333334 0.052083333333333336 0.6652777777777777
1 0.7401041666666667 0.3597222222222222 0.03854166666666667 0.5944444444444444
1 0.7796875 0.3284722222222222 0.042708333333333334 0.5041666666666667
1 0.828125 0.5319444444444444 0.06875 0.9083333333333333
1 0.95 0.47708333333333336 0.05416666666666667 0.7430555555555556
1 0.8677083333333333 0.37083333333333335 0.05416666666666667 0.575
