1 0.07291666666666667 0.40555555555555556 0.06666666666666667 0.6972222222222222
1 0.1421875 0.37569444444444444 0.036458333333333336 0.2847222222222222
1 0.20364583333333333 0.3263888888888889 0.03229166666666667 0.6027777777777777
1 0.39895833333333336 0.7895833333333333 0.04583333333333333 0.39861111111111114
1 0.31875 0.3993055555555556 0.04583333333333333 0.7486111111111111
1 0.49947916666666664 0.5034722222222222 0.08645833333333333 0.9652777777777778
1 0.734375 0.5034722222222222 0.07291666666666667 0.9347222222222222
1 0.8958333333333334 0.5034722222222222 0.1375 0.9736111111111111
0 0.7244791666666667 0.33541666666666664 0.23645833333333333 0.06805555555555555
0 0.7390625 0.5381944444444444 0.19270833333333334 0.15138888888888888
