0 0.4703125 0.6902777777777778 0.38229166666666664 0.14166666666666666
0 0.4088541666666667 0.45208333333333334 0.2760416666666667 0.09583333333333334
0 0.39739583333333334 0.31805555555555554 0.23645833333333333 0.11388888888888889
0 0.3223958333333333 0.18819444444444444 0.084375 0.04583333333333333
0 0.4005208333333333 0.10277777777777777 0.21979166666666666 0.13333333333333333
1 0.24010416666666667 0.5041666666666667 0.071875 0.975
1 0.36666666666666664 0.5131944444444444 0.04791666666666667 0.9597222222222223
0 0.37552083333333336 0.7097222222222223 0.196875 0.175
1 0.47552083333333334 0.35138888888888886 0.04479166666666667 0.5666666666666667
1 0.5260416666666666 0.46597222222222223 0.05625 0.8819444444444444
1 0.5979166666666667 0.24166666666666667 0.027083333333333334 0.43333333333333335
1 0.6385416666666667 0.3423611111111111 0.025 0.6236111111111111
1 0.8270833333333333 0.5194444444444445 0.04583333333333333 0.9416666666666667
1 0.7864583333333334 0.27569444444444446 0.027083333333333334 0.3958333333333333
1 0.9072916666666667 0.39791666666666664 0.052083333333333336 0.6958333333333333
1 0.94375 0.37430555555555556 0.041666666666666664 0.6430555555555556
1 0.9807291666666667 0.3013888888888889 0.034375 0.4888888888888889
1 0.07864583333333333 0.5083333333333333 0.11145833333333334 0.9666666666666667
