0 0.7729166666666667 0.2777777777777778 0.11666666666666667 0.05
0 0.5973958333333333 0.45625 0.128125 0.10694444444444444
0 0.5411458333333333 0.5458333333333333 0.23645833333333333 0.06111111111111111
0 0.5770833333333333 0.3145833333333333 0.16875 0.07916666666666666
0 0.5322916666666667 0.22777777777777777 0.24791666666666667 0.08611111111111111
0 0.58125 0.14444444444444443 0.16041666666666668 0.05555555555555555
0 0.5453125 0.08888888888888889 0.21979166666666666 0.125
1 0.4557291666666667 0.425 0.04895833333333333 0.7777777777777778
1 0.5229166666666667 0.45416666666666666 0.03958333333333333 0.8638888888888889
1 0.6890625 0.5020833333333333 0.08645833333333333 0.9680555555555556
