Landing point: X Y Z YAW ROLL
7.961615174590842 146.97483727449446 -29.026410801975384 43.029416661546406 0.23705408603424588
Points: X Y Z
-2.737592141829116 136.0661629402098 -29.405940594059405
-2.6144267502788527 137.4268245696119 -28.35
-2.012261498404635 137.4268245696119 -28.35
-1.711178872467526 137.4268245696119 -27.75
-1.5764015752514868 138.8149743127393 -29.545454545454547
-1.5606375594989719 137.4268245696119 -28.2
-1.5606375594989719 137.4268245696119 -29.85
-1.1202157783770794 138.8149743127393 -29.696969696969695
-1.1202157783770794 138.8149743127393 -30.606060606060606
-0.5119680492112029 138.8149743127393 -29.242424242424242
-0.5119680492112029 138.8149743127393 -30.606060606060606
9.329216905766375 147.77077910710958 -28.387096774193548
9.74850755321655 154.4121624377662 -29.662921348314608
10.739676332729525 149.37698322783902 -28.206521739130434
11.066940056574209 149.37698322783902 -27.717391304347824
11.557835642341233 149.37698322783902 -28.043478260869566
11.557835642341233 149.37698322783902 -28.532608695652176
11.684844825224104 151.01848853803506 -29.67032967032967
12.677424910731057 151.01848853803506 -28.516483516483518
23.136103022432 161.6786171407199 -28.41176470588235
23.667425303497485 161.6786171407199 -29.11764705882353
24.19874758456297 161.6786171407199 -28.941176470588236
24.19874758456297 161.6786171407199 -29.294117647058822
24.552962438606627 161.6786171407199 -30.529411764705884
