1 0.07083333333333333 0.47847222222222224 0.035416666666666666 0.7597222222222222
1 0.18333333333333332 0.5180555555555556 0.10833333333333334 0.9305555555555556
1 0.3671875 0.5152777777777777 0.03854166666666667 0.9583333333333334
1 0.284375 0.3680555555555556 0.03958333333333333 0.5138888888888888
0 0.5427083333333333 0.1875 0.12708333333333333 0.06666666666666667
0 0.5619791666666667 0.36875 0.165625 0.06805555555555555
0 0.6161458333333333 0.6208333333333333 0.28229166666666666 0.09444444444444444
1 0.44895833333333335 0.5027777777777778 0.052083333333333336 0.9611111111111111
1 0.7473958333333334 0.5083333333333333 0.042708333333333334 0.9555555555555556
1 0.790625 0.33819444444444446 0.03333333333333333 0.6319444444444444
1 0.8088541666666667 0.2791666666666667 0.023958333333333335 0.5083333333333333
1 0.8286458333333333 0.29305555555555557 0.019791666666666666 0.5333333333333333
1 0.9036458333333334 0.3368055555555556 0.042708333333333334 0.6097222222222223
1 0.965625 0.5034722222222222 0.0625 0.9736111111111111
0 0.5567708333333333 0.46041666666666664 0.16145833333333334 0.07083333333333333
