0 0.12864583333333332 0.21944444444444444 0.24270833333333333 0.08611111111111111
0 0.45677083333333335 0.19444444444444445 0.2864583333333333 0.09166666666666666
0 0.39895833333333336 0.36180555555555555 0.175 0.14305555555555555
0 0.35989583333333336 0.5618055555555556 0.140625 0.06805555555555555
0 0.3453125 0.8173611111111111 0.14270833333333333 0.0875
0 0.20104166666666667 0.3763888888888889 0.075 0.041666666666666664
1 0.2520833333333333 0.5083333333333333 0.13958333333333334 0.9722222222222222
1 0.036458333333333336 0.5416666666666666 0.027083333333333334 0.5027777777777778
1 0.0984375 0.38958333333333334 0.021875 0.28194444444444444
1 0.1578125 0.55 0.030208333333333334 0.2861111111111111
1 0.3453125 0.5729166666666666 0.021875 0.31527777777777777
1 0.40260416666666665 0.6423611111111112 0.028125 0.6263888888888889
1 0.37604166666666666 0.5479166666666667 0.014583333333333334 0.3680555555555556
1 0.4739583333333333 0.5819444444444445 0.03958333333333333 0.8083333333333333
1 0.5677083333333334 0.5055555555555555 0.03333333333333333 0.9666666666666667
1 0.63125 0.4798611111111111 0.06041666666666667 0.3402777777777778
1 0.6973958333333333 0.49444444444444446 0.021875 0.2
1 0.8708333333333333 0.45208333333333334 0.03333333333333333 0.5319444444444444
1 0.9182291666666667 0.5159722222222223 0.06354166666666666 0.9486111111111111
