1 0.9213541666666667 0.55 0.06979166666666667 0.8638888888888889
1 0.8697916666666666 0.3402777777777778 0.022916666666666665 0.37777777777777777
1 0.0375 0.5486111111111112 0.025 0.49166666666666664
1 0.10208333333333333 0.42083333333333334 0.022916666666666665 0.25555555555555554
1 0.15416666666666667 0.5430555555555555 0.029166666666666667 0.3
0 0.4661458333333333 0.19375 0.31979166666666664 0.08472222222222223
0 0.1234375 0.21388888888888888 0.234375 0.08888888888888889
0 0.3885416666666667 0.3548611111111111 0.17291666666666666 0.14583333333333334
0 0.3484375 0.5701388888888889 0.13020833333333334 0.06805555555555555
0 0.3385416666666667 0.8215277777777777 0.15833333333333333 0.07916666666666666
1 0.3421875 0.5548611111111111 0.023958333333333335 0.4041666666666667
1 0.3770833333333333 0.5201388888888889 0.01875 0.3902777777777778
1 0.39947916666666666 0.6326388888888889 0.042708333333333334 0.6486111111111111
1 0.4744791666666667 0.5833333333333334 0.03854166666666667 0.8111111111111111
1 0.559375 0.5798611111111112 0.029166666666666667 0.8152777777777778
1 0.7015625 0.48125 0.023958333333333335 0.2263888888888889
1 0.6364583333333333 0.4486111111111111 0.05625 0.2638888888888889
1 0.2390625 0.50625 0.159375 0.9680555555555556
