1 0.11145833333333334 0.5027777777777778 0.08958333333333333 0.9722222222222222
1 0.246875 0.3416666666666667 0.058333333333333334 0.6166666666666667
1 0.30833333333333335 0.5097222222222222 0.10416666666666667 0.9527777777777777
1 0.4557291666666667 0.49930555555555556 0.059375 0.9763888888888889
0 0.6609375 0.6527777777777778 0.3697916666666667 0.175
0 0.609375 0.40902777777777777 0.24375 0.10138888888888889
0 0.6109375 0.3020833333333333 0.24479166666666666 0.11805555555555555
1 0.5802083333333333 0.5604166666666667 0.05416666666666667 0.8541666666666666
1 0.740625 0.45902777777777776 0.06458333333333334 0.8625
1 0.8635416666666667 0.3527777777777778 0.041666666666666664 0.6
