0 0.44895833333333335 0.07777777777777778 0.09166666666666666 0.06944444444444445
0 0.5276041666666667 0.21319444444444444 0.25104166666666666 0.10416666666666667
0 0.5333333333333333 0.34791666666666665 0.26666666666666666 0.10138888888888889
0 0.5921875 0.5791666666666667 0.3697916666666667 0.17222222222222222
1 0.3578125 0.5034722222222222 0.08020833333333334 0.9708333333333333
1 0.21927083333333333 0.5069444444444444 0.096875 0.9611111111111111
1 0.16354166666666667 0.32013888888888886 0.05625 0.5791666666666667
1 0.27760416666666665 0.41458333333333336 0.04479166666666667 0.7736111111111111
1 0.5119791666666667 0.5229166666666667 0.046875 0.9458333333333333
1 0.6666666666666666 0.47638888888888886 0.07291666666666667 0.8472222222222222
1 0.7947916666666667 0.3763888888888889 0.041666666666666664 0.5638888888888889
1 0.9369791666666667 0.45069444444444445 0.04479166666666667 0.6125
