0 0.0625 0.06736111111111111 0.0875 0.06527777777777778
0 0.15208333333333332 0.22152777777777777 0.2875 0.10416666666666667
0 0.15833333333333333 0.36319444444444443 0.30833333333333335 0.10972222222222222
0 0.21458333333333332 0.5826388888888889 0.42291666666666666 0.10416666666666667
1 0.030729166666666665 0.46875 0.036458333333333336 0.8402777777777778
1 0.14270833333333333 0.5118055555555555 0.052083333333333336 0.9625
1 0.31666666666666665 0.46041666666666664 0.08541666666666667 0.8597222222222223
1 0.4484375 0.3375 0.04479166666666667 0.6305555555555555
1 0.6192708333333333 0.5131944444444444 0.071875 0.9263888888888889
1 0.8166666666666667 0.5256944444444445 0.07291666666666667 0.9263888888888889
1 0.9421875 0.45555555555555555 0.06145833333333333 0.7805555555555556
1 0.8604166666666667 0.36875 0.03125 0.6152777777777778
1 0.7026041666666667 0.3993055555555556 0.04895833333333333 0.6736111111111112
