0 0.07916666666666666 0.05347222222222222 0.11041666666666666 0.07361111111111111
0 0.153125 0.19791666666666666 0.2875 0.10138888888888889
0 0.15885416666666666 0.33958333333333335 0.309375 0.10972222222222222
0 0.21822916666666667 0.5722222222222222 0.4197916666666667 0.14722222222222223
1 0.03125 0.49236111111111114 0.04583333333333333 0.9152777777777777
1 0.15 0.5034722222222222 0.041666666666666664 0.9791666666666666
1 0.1875 0.33819444444444446 0.03333333333333333 0.6097222222222223
1 0.3145833333333333 0.46111111111111114 0.07083333333333333 0.8944444444444445
1 0.44895833333333335 0.3451388888888889 0.03125 0.6069444444444444
1 0.6239583333333333 0.5034722222222222 0.058333333333333334 0.9680555555555556
1 0.7067708333333333 0.375 0.051041666666666666 0.7083333333333334
1 0.7390625 0.3458333333333333 0.034375 0.6416666666666667
1 0.7770833333333333 0.26875 0.029166666666666667 0.48194444444444445
1 0.8213541666666667 0.5097222222222222 0.06770833333333333 0.9527777777777777
1 0.865625 0.3458333333333333 0.04791666666666667 0.6166666666666667
1 0.94375 0.4583333333333333 0.04791666666666667 0.8166666666666667
