1 0.058333333333333334 0.41458333333333336 0.029166666666666667 0.6930555555555555
1 0.1390625 0.3888888888888889 0.036458333333333336 0.31666666666666665
1 0.20104166666666667 0.3715277777777778 0.05 0.5013888888888889
1 0.31145833333333334 0.5069444444444444 0.04375 0.5777777777777777
1 0.38229166666666664 0.6229166666666667 0.05 0.7319444444444444
0 0.590625 0.7131944444444445 0.16875 0.07083333333333333
0 0.6197916666666666 0.46041666666666664 0.26458333333333334 0.15138888888888888
0 0.6411458333333333 0.25555555555555554 0.23645833333333333 0.07222222222222222
1 0.47239583333333335 0.5111111111111111 0.08229166666666667 0.9388888888888889
1 0.8145833333333333 0.5013888888888889 0.1375 0.9611111111111111
1 0.7213541666666666 0.5631944444444444 0.06354166666666666 0.8375
1 0.6171875 0.7430555555555556 0.030208333333333334 0.30833333333333335
