1 0.9041666666666667 0.5125 0.13958333333333334 0.9694444444444444
0 0.7494791666666667 0.45902777777777776 0.184375 0.14583333333333334
0 0.7255208333333333 0.24375 0.23229166666666667 0.06527777777777778
0 0.5796875 0.13055555555555556 0.11354166666666667 0.075
0 0.6203125 0.7118055555555556 0.17395833333333333 0.05138888888888889
1 0.6307291666666667 0.7763888888888889 0.04895833333333333 0.24722222222222223
1 0.5067708333333333 0.5145833333333333 0.08229166666666667 0.9486111111111111
1 0.40208333333333335 0.7638888888888888 0.04375 0.46111111111111114
1 0.32395833333333335 0.41180555555555554 0.035416666666666666 0.7347222222222223
1 0.20364583333333333 0.33402777777777776 0.040625 0.5819444444444445
1 0.075 0.41944444444444445 0.04791666666666667 0.6527777777777778
1 0.146875 0.3541666666666667 0.035416666666666666 0.35555555555555557
