1 0.065625 0.43125 0.05625 0.7236111111111111
1 0.16822916666666668 0.5152777777777777 0.05520833333333333 0.9555555555555556
1 0.2598958333333333 0.5298611111111111 0.06354166666666666 0.7819444444444444
1 0.3875 0.5131944444444444 0.125 0.9291666666666667
0 0.5817708333333333 0.6368055555555555 0.2760416666666667 0.08194444444444444
0 0.540625 0.12986111111111112 0.25416666666666665 0.15138888888888888
1 0.5734375 0.5083333333333333 0.05520833333333333 0.9472222222222222
1 0.5109375 0.3145833333333333 0.03229166666666667 0.5680555555555555
1 0.6447916666666667 0.5034722222222222 0.10625 0.9708333333333333
1 0.809375 0.3402777777777778 0.04375 0.6361111111111111
1 0.8890625 0.5034722222222222 0.06354166666666666 0.9736111111111111
1 0.9494791666666667 0.41180555555555554 0.04479166666666667 0.7041666666666667
1 0.7416666666666667 0.30277777777777776 0.04583333333333333 0.5
