1 0.06510416666666667 0.45902777777777776 0.06145833333333333 0.6902777777777778
1 0.1734375 0.5298611111111111 0.051041666666666666 0.9152777777777777
1 0.25625 0.5027777777777778 0.0625 0.8277777777777777
1 0.384375 0.50625 0.13125 0.9597222222222223
0 0.5755208333333334 0.6402777777777777 0.2947916666666667 0.08611111111111111
1 0.5088541666666667 0.3034722222222222 0.03229166666666667 0.5569444444444445
1 0.5671875 0.5 0.06354166666666666 0.9638888888888889
1 0.6536458333333334 0.4965277777777778 0.08854166666666667 0.9597222222222223
1 0.7390625 0.2881944444444444 0.046875 0.5013888888888889
1 0.80625 0.28055555555555556 0.04791666666666667 0.5
1 0.8828125 0.5111111111111111 0.06770833333333333 0.9555555555555556
1 0.9494791666666667 0.38472222222222224 0.059375 0.7083333333333334
