1 0.022395833333333334 0.375 0.04479166666666667 0.6138888888888889
1 0.08333333333333333 0.31805555555555554 0.03333333333333333 0.33611111111111114
1 0.159375 0.3138888888888889 0.041666666666666664 0.5138888888888888
1 0.19010416666666666 0.36527777777777776 0.019791666666666666 0.4888888888888889
1 0.2864583333333333 0.3854166666666667 0.04583333333333333 0.6791666666666667
1 0.39166666666666666 0.5138888888888888 0.06041666666666667 0.9027777777777778
1 0.4432291666666667 0.46875 0.04479166666666667 0.6736111111111112
1 0.5515625 0.5166666666666667 0.08854166666666667 0.9472222222222222
0 0.6635416666666667 0.4652777777777778 0.18541666666666667 0.06944444444444445
1 0.6630208333333333 0.3347222222222222 0.036458333333333336 0.4666666666666667
1 0.7015625 0.4576388888888889 0.053125 0.8180555555555555
1 0.7567708333333333 0.5020833333333333 0.057291666666666664 0.9430555555555555
1 0.9604166666666667 0.3416666666666667 0.03958333333333333 0.4861111111111111
