1 0.18958333333333333 0.5069444444444444 0.10625 0.9666666666666667
1 0.7515625 0.5145833333333333 0.051041666666666666 0.9597222222222223
1 0.90625 0.34444444444444444 0.04375 0.6166666666666667
1 0.8328125 0.3263888888888889 0.034375 0.5222222222222223
1 0.8088541666666667 0.3020833333333333 0.03229166666666667 0.4930555555555556
1 0.790625 0.3375 0.03333333333333333 0.5805555555555556
0 0.5479166666666667 0.18958333333333333 0.11666666666666667 0.05416666666666667
0 0.5671875 0.38055555555555554 0.15520833333333334 0.06666666666666667
0 0.5635416666666667 0.4708333333333333 0.15833333333333333 0.075
0 0.6286458333333333 0.6361111111111111 0.2947916666666667 0.10833333333333334
1 0.45989583333333334 0.5020833333333333 0.05520833333333333 0.9680555555555556
1 0.371875 0.5548611111111111 0.04791666666666667 0.8791666666666667
1 0.9677083333333333 0.5083333333333333 0.06041666666666667 0.9666666666666667
1 0.2921875 0.36041666666666666 0.03854166666666667 0.5041666666666667
