====================== HEADER ======================
Odometry data will folow format (time, x, y, z, yaw)
Landing site: (-1, x, y, z, yaw)
X = left and right
Y = foraward backward
Z = height
====================== SUCCESS ======================
('min', -391.8278469698244, -16.539126099827286, 97.15479868288175)
('max', -318.69712584588245, 0.11502028362772876, 101.46391907293973)
('dlp', -353.2403927844752, -9.421911756573166, 82.08036321658604, 9.81003403855975)
25.42877197265625
(0, -357.0672304895964, -212.6728985028974, 96.94042976051193, 0.0)
(0.03912615776062012, -357.0830241755272, -212.20849004113688, 97.29862682133364, -0.05779372695468865)
(0.07899165153503418, -357.0830241755272, -212.20849004113688, 97.29862682133364, -0.05779372695468865)
(0.11927986145019531, -357.0830241755272, -212.20849004113688, 97.29862682133364, -0.05779372695468865)
(0.15939855575561523, -357.0830241755272, -212.20849004113688, 97.29862682133364, -0.2265108647443057)
(0.19917821884155273, -357.0830241755272, -212.20849004113688, 97.29862682133364, -0.2265108647443057)
(0.2390890121459961, -357.0830241755272, -212.20849004113688, 97.29862682133364, -0.2265108647443057)
(0.2790408134460449, -357.3559274051264, -211.61821219681642, 97.38980748348756, -0.2682694691198364)
(0.3194081783294678, -357.3559274051264, -211.61821219681642, 97.38980748348756, -0.2682694691198364)
(0.3594541549682617, -357.3559274051264, -211.61821219681642, 97.38980748348756, -0.2706887547070238)
(0.39940309524536133, -357.3559274051264, -211.61821219681642, 97.38980748348756, -0.2706887547070238)
(0.4392974376678467, -357.3559274051264, -211.61821219681642, 97.38980748348756, -0.2706887547070238)
(0.4792616367340088, -357.3631253005369, -211.14903315739534, 96.89057403493528, -0.2635961538736389)
(0.5198886394500732, -357.3631253005369, -211.14903315739534, 96.89057403493528, -0.2635961538736389)
(0.5597257614135742, -357.3631253005369, -211.14903315739534, 96.89057403493528, -0.2981014986513646)
(0.5994260311126709, -357.3631253005369, -211.14903315739534, 96.89057403493528, -0.2981014986513646)
(0.6395466327667236, -357.3631253005369, -211.14903315739534, 96.89057403493528, -0.2981014986513646)
(0.6793525218963623, -357.2346129889313, -210.921518048603, 95.135755580927, -0.3728052684970251)
(0.719585657119751, -357.2346129889313, -210.921518048603, 95.135755580927, -0.3728052684970251)
(0.7598822116851807, -357.2346129889313, -210.921518048603, 95.135755580927, -0.3534064136588828)
(0.7996630668640137, -357.2346129889313, -210.921518048603, 95.135755580927, -0.3534064136588828)
(0.8396036624908447, -357.3929693929891, -210.9346164582559, 92.94426890912476, -0.38179716253993234)
(0.879488468170166, -357.3929693929891, -210.9346164582559, 92.94426890912476, -0.38179716253993234)
(0.9199669361114502, -357.3929693929891, -210.9346164582559, 92.94426890912476, -0.3679074390879684)
(0.9598767757415771, -357.3929693929891, -210.9346164582559, 92.94426890912476, -0.3679074390879684)
(1.0006163120269775, -357.3929693929891, -210.9346164582559, 92.94426890912476, -0.3679074390879684)
(1.0397396087646484, -357.6654380734143, -211.33621309722514, 90.55087130970276, -0.39154793894545037)
(1.0796589851379395, -357.6654380734143, -211.33621309722514, 90.55087130970276, -0.39154793894545037)
(1.1204476356506348, -357.6654380734143, -211.33621309722514, 90.55087130970276, -0.3146404202421458)
(1.1600472927093506, -357.6654380734143, -211.33621309722514, 90.55087130970276, -0.3146404202421458)
(1.1999123096466064, -357.6654380734143, -211.33621309722514, 90.55087130970276, -0.3146404202421458)
(1.2399232387542725, -357.79076818886045, -211.8130995208138, 88.77690726454152, -0.35075787153352067)
(1.2797503471374512, -357.79076818886045, -211.8130995208138, 88.77690726454152, -0.35075787153352067)
(1.3203606605529785, -357.79076818886045, -211.8130995208138, 88.77690726454152, -0.30249706839576085)
(1.3601727485656738, -357.79076818886045, -211.8130995208138, 88.77690726454152, -0.30249706839576085)
(1.4002728462219238, -357.79076818886045, -211.8130995208138, 88.77690726454152, -0.30249706839576085)
(1.4400298595428467, -358.00229412815617, -212.43523764843553, 86.9579755000979, -0.2790453854806074)
(1.4801151752471924, -358.00229412815617, -212.43523764843553, 86.9579755000979, -0.2790453854806074)
(1.520231008529663, -358.00229412815617, -212.43523764843553, 86.9579755000979, -0.2790453854806074)
(1.5603716373443604, -358.00229412815617, -212.43523764843553, 86.9579755000979, -0.20828185419313705)
(1.6005349159240723, -358.00229412815617, -212.43523764843553, 86.9579755000979, -0.20828185419313705)
(1.6403515338897705, -358.3791156136963, -212.85987669284864, 86.22075714512472, -0.18605826992450503)
(1.680398941040039, -358.3791156136963, -212.85987669284864, 86.22075714512472, -0.18605826992450503)
(1.7205901145935059, -358.3791156136963, -212.85987669284864, 86.22075714512472, -0.18605826992450503)
(1.7606747150421143, -358.3791156136963, -212.85987669284864, 86.22075714512472, -0.1565461257212153)
(1.8005309104919434, -358.3791156136963, -212.85987669284864, 86.22075714512472, -0.1565461257212153)
(1.8408684730529785, -358.2519980948052, -213.44664399844086, 86.12299103765208, -0.17499590447875413)
(1.8806045055389404, -358.2519980948052, -213.44664399844086, 86.12299103765208, -0.17499590447875413)
(1.9207022190093994, -358.2519980948052, -213.44664399844086, 86.12299103765208, -0.17499590447875413)
(1.9607465267181396, -358.2519980948052, -213.44664399844086, 86.12299103765208, -0.1796022514439688)
(2.0005712509155273, -358.2519980948052, -213.44664399844086, 86.12299103765208, -0.1796022514439688)
(2.040681838989258, -358.14277777159526, -214.05559286110028, 86.34208341940082, -0.16714300950832417)
(2.080563545227051, -358.14277777159526, -214.05559286110028, 86.34208341940082, -0.16714300950832417)
(2.120668888092041, -358.14277777159526, -214.05559286110028, 86.34208341940082, -0.16714300950832417)
(2.1608705520629883, -358.14277777159526, -214.05559286110028, 86.34208341940082, -0.16839901207280938)
(2.2007033824920654, -358.14277777159526, -214.05559286110028, 86.34208341940082, -0.16839901207280938)
(2.2409417629241943, -358.2127160042672, -214.468062727846, 86.33316555412858, -0.1360022875856579)
(2.2807247638702393, -358.2127160042672, -214.468062727846, 86.33316555412858, -0.1360022875856579)
(2.3209569454193115, -358.2127160042672, -214.468062727846, 86.33316555412858, -0.1360022875856579)
(2.3610999584198, -358.2127160042672, -214.468062727846, 86.33316555412858, -0.1066096651753643)
(2.4011685848236084, -358.2127160042672, -214.468062727846, 86.33316555412858, -0.1066096651753643)
(2.440734386444092, -358.2127160042672, -214.468062727846, 86.33316555412858, -0.1066096651753643)
(2.4808566570281982, -358.06678237906743, -214.3547237327983, 86.55642890537146, -0.12454822040880487)
(2.521049976348877, -358.06678237906743, -214.3547237327983, 86.55642890537146, -0.12454822040880487)
(2.561162233352661, -358.06678237906743, -214.3547237327983, 86.55642890537146, -0.11599306787607233)
(2.601140022277832, -358.06678237906743, -214.3547237327983, 86.55642890537146, -0.11599306787607233)
(2.641002655029297, -358.06678237906743, -214.3547237327983, 86.55642890537146, -0.11599306787607233)
(2.6809115409851074, -357.7542459943576, -214.0051471432283, 86.72782051048145, -0.10305066258387008)
(2.7212629318237305, -357.7542459943576, -214.0051471432283, 86.72782051048145, -0.10305066258387008)
(2.761596918106079, -357.7542459943576, -214.0051471432283, 86.72782051048145, -0.11416723088355596)
(2.8015027046203613, -357.7542459943576, -214.0051471432283, 86.72782051048145, -0.11416723088355596)
(2.841062307357788, -357.7542459943576, -214.0051471432283, 86.72782051048145, -0.11416723088355596)
(2.881214141845703, -357.25691720390665, -213.49453214117972, 86.3939554704223, -0.10080211947081885)
(2.921436071395874, -357.25691720390665, -213.49453214117972, 86.3939554704223, -0.10080211947081885)
(2.961927890777588, -357.25691720390665, -213.49453214117972, 86.3939554704223, -0.133948622651614)
(3.00137996673584, -357.25691720390665, -213.49453214117972, 86.3939554704223, -0.133948622651614)
(3.041438102722168, -357.25691720390665, -213.49453214117972, 86.3939554704223, -0.133948622651614)
(3.08131742477417, -356.8510247333236, -212.8453105059926, 85.67982634336518, -0.15492395519715707)
(3.1214523315429688, -356.8510247333236, -212.8453105059926, 85.67982634336518, -0.14017788307057621)
(3.1614928245544434, -356.8510247333236, -212.8453105059926, 85.67982634336518, -0.14017788307057621)
(3.2022159099578857, -356.8510247333236, -212.8453105059926, 85.67982634336518, -0.14017788307057621)
(3.241903305053711, -356.58162353437405, -212.03820857527452, 84.89154200079501, -0.12371060519640409)
(3.281923532485962, -356.58162353437405, -212.03820857527452, 84.89154200079501, -0.12371060519640409)
(3.3224117755889893, -356.58162353437405, -212.03820857527452, 84.89154200079501, -0.10646594089401518)
(3.362210750579834, -356.58162353437405, -212.03820857527452, 84.89154200079501, -0.10646594089401518)
(3.402207851409912, -356.58162353437405, -212.03820857527452, 84.89154200079501, -0.10646594089401518)
(3.4420430660247803, -356.8597317923533, -211.75064746908686, 84.27815630841314, -0.0892519838256689)
(3.4828133583068848, -356.8597317923533, -211.75064746908686, 84.27815630841314, -0.0892519838256689)
(3.5225255489349365, -356.8597317923533, -211.75064746908686, 84.27815630841314, -0.07782660286490106)
(3.5624375343322754, -356.8597317923533, -211.75064746908686, 84.27815630841314, -0.07782660286490106)
(3.602165937423706, -356.8597317923533, -211.75064746908686, 84.27815630841314, -0.07782660286490106)
(3.6421685218811035, -357.2366915276281, -211.39818671311514, 84.2655768588803, -0.06098230924778569)
(3.682316541671753, -357.2366915276281, -211.39818671311514, 84.2655768588803, -0.06098230924778569)
(3.7227392196655273, -357.2366915276281, -211.39818671311514, 84.2655768588803, -0.03199567051747643)
(3.7624928951263428, -357.2366915276281, -211.39818671311514, 84.2655768588803, -0.03199567051747643)
(3.802426815032959, -357.2366915276281, -211.39818671311514, 84.2655768588803, -0.03199567051747643)
(3.84271240234375, -357.19656937123864, -211.04302005200137, 84.63861636912728, -0.009211637773395509)
(3.8825628757476807, -357.19656937123864, -211.04302005200137, 84.63861636912728, -0.009211637773395509)
(3.9227030277252197, -357.19656937123864, -211.04302005200137, 84.63861636912728, -0.009211637773395509)
(3.9627461433410645, -357.19656937123864, -211.04302005200137, 84.63861636912728, -0.060653694035547545)
(4.002665758132935, -357.19656937123864, -211.04302005200137, 84.63861636912728, -0.060653694035547545)
(4.042507171630859, -356.2177573250685, -210.58171787505864, 84.74219355483639, -0.037045884397798545)
(4.0826661586761475, -356.2177573250685, -210.58171787505864, 84.74219355483639, -0.037045884397798545)
(4.122778654098511, -356.2177573250685, -210.58171787505864, 84.74219355483639, -0.037045884397798545)
(4.162841558456421, -356.2177573250685, -210.58171787505864, 84.74219355483639, -0.0647427310919717)
(4.202808380126953, -356.2177573250685, -210.58171787505864, 84.74219355483639, -0.0647427310919717)
(4.242825269699097, -355.5709516379448, -209.98286315163216, 84.93844359994245, -0.0853167167456288)
(4.282673358917236, -355.5709516379448, -209.98286315163216, 84.93844359994245, -0.0853167167456288)
(4.322915077209473, -355.5709516379448, -209.98286315163216, 84.93844359994245, -0.0853167167456288)
(4.36289381980896, -355.5709516379448, -209.98286315163216, 84.93844359994245, -0.12006740226127377)
(4.402841806411743, -355.5709516379448, -209.98286315163216, 84.93844359994245, -0.12006740226127377)
(4.442946434020996, -354.02848498847226, -209.26157787224372, 84.90597570719561, -0.14829405298080722)
(4.482817649841309, -354.02848498847226, -209.26157787224372, 84.90597570719561, -0.14829405298080722)
(4.523043155670166, -354.02848498847226, -209.26157787224372, 84.90597570719561, -0.14829405298080722)
(4.5632054805755615, -354.02848498847226, -209.26157787224372, 84.90597570719561, -0.06745797851817059)
(4.6032421588897705, -354.02848498847226, -209.26157787224372, 84.90597570719561, -0.06745797851817059)
(4.64315390586853, -353.3493338233545, -208.57816909218928, 85.01178290460312, -0.06642602283525179)
(4.682958602905273, -353.3493338233545, -208.57816909218928, 85.01178290460312, -0.06642602283525179)
(4.723193883895874, -353.3493338233545, -208.57816909218928, 85.01178290460312, -0.06642602283525179)
(4.763402462005615, -353.3493338233545, -208.57816909218928, 85.01178290460312, -0.045657479207946494)
(4.803309917449951, -353.3493338233545, -208.57816909218928, 85.01178290460312, -0.045657479207946494)
(4.843067646026611, -353.3493338233545, -208.57816909218928, 85.01178290460312, -0.045657479207946494)
(4.88405966758728, -352.55996592230474, -207.97404828659032, 84.86896165998166, -0.04862384466469827)
(4.9232871532440186, -352.55996592230474, -207.97404828659032, 84.86896165998166, -0.04862384466469827)
(4.9635326862335205, -352.55996592230474, -207.97404828659032, 84.86896165998166, -0.0011543373449729444)
(5.003430128097534, -352.55996592230474, -207.97404828659032, 84.86896165998166, -0.0011543373449729444)
(5.043280839920044, -352.55996592230474, -207.97404828659032, 84.86896165998166, -0.0011543373449729444)
(5.083242893218994, -353.0625374468084, -207.92476071847693, 84.95206229092061, -0.019943210166127656)
(5.123560428619385, -353.0625374468084, -207.92476071847693, 84.95206229092061, -0.019943210166127656)
(5.1640305519104, -353.0625374468084, -207.92476071847693, 84.95206229092061, 0.014559937588453309)
(5.2035088539123535, -353.0625374468084, -207.92476071847693, 84.95206229092061, 0.014559937588453309)
(5.243342161178589, -354.2854502846746, -207.73423601852926, 84.92616785851882, 0.004083795578864624)
(5.2833967208862305, -354.2854502846746, -207.73423601852926, 84.92616785851882, 0.004083795578864624)
(5.323664903640747, -354.2854502846746, -207.73423601852926, 84.92616785851882, -0.004510756705455421)
(5.363893985748291, -354.2854502846746, -207.73423601852926, 84.92616785851882, -0.004510756705455421)
(5.4036548137664795, -354.2854502846746, -207.73423601852926, 84.92616785851882, -0.004510756705455421)
(5.44348669052124, -355.457983423297, -207.749327733188, 84.52541033902119, 0.042649936857229065)
(5.483742713928223, -355.457983423297, -207.749327733188, 84.52541033902119, 0.042649936857229065)
(5.5239574909210205, -355.457983423297, -207.749327733188, 84.52541033902119, 0.06652122670351979)
(5.5640950202941895, -355.457983423297, -207.749327733188, 84.52541033902119, 0.06652122670351979)
(5.603731393814087, -355.457983423297, -207.749327733188, 84.52541033902119, 0.06652122670351979)
(5.64375114440918, -356.6924426710323, -207.6843360150558, 84.0260087959699, 0.09741923488012638)
(5.6837522983551025, -356.6924426710323, -207.6843360150558, 84.0260087959699, 0.09741923488012638)
(5.724314451217651, -356.6924426710323, -207.6843360150558, 84.0260087959699, 0.07616095076126328)
(5.764089822769165, -356.6924426710323, -207.6843360150558, 84.0260087959699, 0.07616095076126328)
(5.803970575332642, -356.6924426710323, -207.6843360150558, 84.0260087959699, 0.07616095076126328)
(5.844550609588623, -357.5858292890261, -207.563465104199, 84.01937734859477, 0.08237393328558262)
(5.884047746658325, -357.5858292890261, -207.563465104199, 84.01937734859477, 0.08237393328558262)
(5.9247517585754395, -357.5858292890261, -207.563465104199, 84.01937734859477, 0.11919192526465316)
(5.964260816574097, -357.5858292890261, -207.563465104199, 84.01937734859477, 0.11919192526465316)
(6.004244327545166, -357.5858292890261, -207.563465104199, 84.01937734859477, 0.11919192526465316)
(6.0442023277282715, -357.68043994659524, -207.49634520895245, 84.19262675172831, 0.11055998930709876)
(6.084538459777832, -357.68043994659524, -207.49634520895245, 84.19262675172831, 0.11055998930709876)
(6.124432802200317, -357.68043994659524, -207.49634520895245, 84.19262675172831, 0.11055998930709876)
(6.16438627243042, -357.68043994659524, -207.49634520895245, 84.19262675172831, 0.1067582448947828)
(6.204286575317383, -357.68043994659524, -207.49634520895245, 84.19262675172831, 0.1067582448947828)
(6.244129419326782, -356.8453289263799, -207.29647941833144, 84.34328109886879, 0.15751452670209964)
(6.284366607666016, -356.8453289263799, -207.29647941833144, 84.34328109886879, 0.15751452670209964)
(6.32442569732666, -356.8453289263799, -207.29647941833144, 84.34328109886879, 0.15751452670209964)
(6.364380121231079, -356.8453289263799, -207.29647941833144, 84.34328109886879, 0.17726818843364534)
(6.404547929763794, -356.8453289263799, -207.29647941833144, 84.34328109886879, 0.17726818843364534)
(6.444517374038696, -356.0479638219809, -207.0207512686955, 84.50270891295375, 0.1392726805286486)
(6.484796047210693, -356.0479638219809, -207.0207512686955, 84.50270891295375, 0.1392726805286486)
(6.524640798568726, -356.0479638219809, -207.0207512686955, 84.50270891295375, 0.1392726805286486)
(6.564841985702515, -356.0479638219809, -207.0207512686955, 84.50270891295375, 0.06776599673117545)
(6.604955673217773, -356.0479638219809, -207.0207512686955, 84.50270891295375, 0.06776599673117545)
(6.645135164260864, -354.9262325033824, -207.11016377765182, 84.50234637450932, 0.061001006669858526)
(6.685010194778442, -354.9262325033824, -207.11016377765182, 84.50234637450932, 0.061001006669858526)
(6.725185394287109, -354.9262325033824, -207.11016377765182, 84.50234637450932, 0.061001006669858526)
(6.765354633331299, -354.9262325033824, -207.11016377765182, 84.50234637450932, 0.020505576402316095)
(6.805058002471924, -354.9262325033824, -207.11016377765182, 84.50234637450932, 0.020505576402316095)
(6.845314025878906, -353.9702062438653, -207.18391227461018, 84.23218840233963, 0.010844769797206055)
(6.885910272598267, -353.9702062438653, -207.18391227461018, 84.23218840233963, 0.010844769797206055)
(6.925147533416748, -353.9702062438653, -207.18391227461018, 84.23218840233963, 0.010844769797206055)
(6.965312957763672, -353.9702062438653, -207.18391227461018, 84.23218840233963, -0.010377545370760188)
(7.005363464355469, -353.9702062438653, -207.18391227461018, 84.23218840233963, -0.010377545370760188)
(7.045193195343018, -353.9702062438653, -207.18391227461018, 84.23218840233963, -0.010377545370760188)
(7.085860013961792, -353.26009704804125, -207.28899194632308, 83.98884421556181, -0.0031816968226809905)
(7.125587701797485, -353.26009704804125, -207.28899194632308, 83.98884421556181, -0.0031816968226809905)
(7.165423154830933, -353.26009704804125, -207.28899194632308, 83.98884421556181, 0.002518069379091159)
(7.205530166625977, -353.26009704804125, -207.28899194632308, 83.98884421556181, 0.002518069379091159)
(7.245368242263794, -353.26009704804125, -207.28899194632308, 83.98884421556181, 0.002518069379091159)
(7.2856059074401855, -353.58571383004, -207.1194131736152, 83.88292913455896, -0.05086200872239033)
(7.325654983520508, -353.58571383004, -207.1194131736152, 83.88292913455896, -0.05086200872239033)
(7.366107225418091, -353.58571383004, -207.1194131736152, 83.88292913455896, -0.10442291598411835)
(7.405710697174072, -353.58571383004, -207.1194131736152, 83.88292913455896, -0.10442291598411835)
(7.445580005645752, -354.33830596073904, -207.2131836174913, 83.99860351102636, -0.047122620218187805)
(7.486039400100708, -354.33830596073904, -207.2131836174913, 83.99860351102636, -0.047122620218187805)
(7.525835752487183, -354.33830596073904, -207.2131836174913, 83.99860351102636, -0.09950830126720334)
(7.5659499168396, -354.33830596073904, -207.2131836174913, 83.99860351102636, -0.09950830126720334)
(7.60573935508728, -354.33830596073904, -207.2131836174913, 83.99860351102636, -0.09950830126720334)
(7.645705461502075, -355.3551688741254, -207.254843779764, 84.04233717726478, -0.15528389090509798)
(7.686007738113403, -355.3551688741254, -207.254843779764, 84.04233717726478, -0.15528389090509798)
(7.726030588150024, -355.3551688741254, -207.254843779764, 84.04233717726478, -0.16658532232668222)
(7.766298770904541, -355.3551688741254, -207.254843779764, 84.04233717726478, -0.16658532232668222)
(7.805966377258301, -355.3551688741254, -207.254843779764, 84.04233717726478, -0.16658532232668222)
(7.846261739730835, -356.59828383517487, -207.08097012780073, 83.71389171905768, -0.15917673801298804)
(7.886243581771851, -356.59828383517487, -207.08097012780073, 83.71389171905768, -0.15917673801298804)
(7.926480531692505, -356.59828383517487, -207.08097012780073, 83.71389171905768, -0.19454828634461308)
(7.966238260269165, -356.59828383517487, -207.08097012780073, 83.71389171905768, -0.19454828634461308)
(8.006103992462158, -356.59828383517487, -207.08097012780073, 83.71389171905768, -0.19454828634461308)
(8.046107530593872, -356.7863896210853, -206.9794502781328, 82.97240590414495, -0.15657031021077472)
(8.086528301239014, -356.7863896210853, -206.9794502781328, 82.97240590414495, -0.15657031021077472)
(8.12678861618042, -356.7863896210853, -206.9794502781328, 82.97240590414495, -0.07066749302480169)
(8.166322469711304, -356.7863896210853, -206.9794502781328, 82.97240590414495, -0.07066749302480169)
(8.206233263015747, -356.7863896210853, -206.9794502781328, 82.97240590414495, -0.07066749302480169)
(8.246261358261108, -356.3901982286028, -206.43214377099284, 82.86317373726705, -0.07659636205053566)
(8.286768674850464, -356.3901982286028, -206.43214377099284, 82.86317373726705, -0.07659636205053566)
(8.327095746994019, -356.3901982286028, -206.43214377099284, 82.86317373726705, -0.027053052490703777)
(8.36651062965393, -356.3901982286028, -206.43214377099284, 82.86317373726705, -0.027053052490703777)
(8.406416177749634, -356.3901982286028, -206.43214377099284, 82.86317373726705, -0.027053052490703777)
(8.44639253616333, -355.49754872669695, -205.86937027522004, 82.76324652509878, -0.035836797598108205)
(8.486778020858765, -355.49754872669695, -205.86937027522004, 82.76324652509878, -0.035836797598108205)
(8.526780605316162, -355.49754872669695, -205.86937027522004, 82.76324652509878, -0.035836797598108205)
(8.566834688186646, -355.49754872669695, -205.86937027522004, 82.76324652509878, 0.015850695617253052)
(8.6067476272583, -355.49754872669695, -205.86937027522004, 82.76324652509878, 0.015850695617253052)
(8.64653730392456, -354.8606913358869, -205.12287312467396, 82.8791913939714, -0.026591508737443093)
(8.687382698059082, -354.8606913358869, -205.12287312467396, 82.8791913939714, -0.026591508737443093)
(8.726978063583374, -354.8606913358869, -205.12287312467396, 82.8791913939714, -0.026591508737443093)
(8.76682162284851, -354.8606913358869, -205.12287312467396, 82.8791913939714, -0.01602684445534308)
(8.806663036346436, -354.8606913358869, -205.12287312467396, 82.8791913939714, -0.01602684445534308)
(8.846913814544678, -354.5928123789041, -204.59707394579019, 83.15625665009047, -0.025672550722172005)
(8.886927604675293, -354.5928123789041, -204.59707394579019, 83.15625665009047, -0.025672550722172005)
(8.927071571350098, -354.5928123789041, -204.59707394579019, 83.15625665009047, -0.025672550722172005)
(8.967101573944092, -354.5928123789041, -204.59707394579019, 83.15625665009047, -0.036146384531623)
(9.006908893585205, -354.5928123789041, -204.59707394579019, 83.15625665009047, -0.036146384531623)
(9.04716682434082, -354.58087756998145, -204.2120729226686, 83.06534421260687, -0.026962112326062382)
(9.087313413619995, -354.58087756998145, -204.2120729226686, 83.06534421260687, -0.026962112326062382)
(9.127262353897095, -354.58087756998145, -204.2120729226686, 83.06534421260687, -0.026962112326062382)
(9.167052984237671, -354.58087756998145, -204.2120729226686, 83.06534421260687, -0.010524440446721073)
(9.207208156585693, -354.58087756998145, -204.2120729226686, 83.06534421260687, -0.010524440446721073)
(9.24731993675232, -355.10196895013235, -203.56821489258226, 82.6422787090123, 0.0011100429927672906)
(9.287240505218506, -355.10196895013235, -203.56821489258226, 82.6422787090123, 0.0011100429927672906)
(9.32824444770813, -355.10196895013235, -203.56821489258226, 82.6422787090123, 0.0011100429927672906)
(9.367207527160645, -355.10196895013235, -203.56821489258226, 82.6422787090123, 0.01146276150381631)
(9.407224893569946, -355.10196895013235, -203.56821489258226, 82.6422787090123, 0.01146276150381631)
(9.44710898399353, -355.10196895013235, -203.56821489258226, 82.6422787090123, 0.01146276150381631)
(9.487617254257202, -355.7277555810425, -202.9559387412548, 82.1682355093672, 0.06254664317586034)
(9.527223825454712, -355.7277555810425, -202.9559387412548, 82.1682355093672, 0.06254664317586034)
(9.567378520965576, -355.7277555810425, -202.9559387412548, 82.1682355093672, 0.08302347551928158)
(9.607459306716919, -356.0225556765129, -202.53920162020154, 81.72079711333008, 0.08281675463756955)
(9.647258520126343, -356.0225556765129, -202.53920162020154, 81.72079711333008, 0.08281675463756955)
(9.687485456466675, -356.0225556765129, -202.53920162020154, 81.72079711333008, 0.08281675463756955)
(9.72757863998413, -356.0225556765129, -202.53920162020154, 81.72079711333008, 0.14796407435935954)
(9.767625093460083, -356.0225556765129, -202.53920162020154, 81.72079711333008, 0.14796407435935954)
(9.80731463432312, -356.0225556765129, -202.53920162020154, 81.72079711333008, 0.14796407435935954)
(9.84743356704712, -356.0944877605503, -202.3298738419754, 82.1752234195021, 0.1914404284582094)
(9.887670516967773, -356.0944877605503, -202.3298738419754, 82.1752234195021, 0.1914404284582094)
(9.927640438079834, -356.0944877605503, -202.3298738419754, 82.1752234195021, 0.1992181769105148)
(9.967823505401611, -356.0944877605503, -202.3298738419754, 82.1752234195021, 0.1992181769105148)
(10.007619619369507, -356.0944877605503, -202.3298738419754, 82.1752234195021, 0.1992181769105148)
(10.047506332397461, -355.4794264176188, -201.80157420687823, 82.87391267439942, 0.23858842004385394)
(10.087905645370483, -355.4794264176188, -201.80157420687823, 82.87391267439942, 0.23858842004385394)
(10.128281116485596, -355.4794264176188, -201.80157420687823, 82.87391267439942, 0.22471954466992194)
(10.167866468429565, -355.4794264176188, -201.80157420687823, 82.87391267439942, 0.22471954466992194)
(10.207839012145996, -355.4794264176188, -201.80157420687823, 82.87391267439942, 0.22471954466992194)
(10.247769355773926, -355.1072349667683, -201.75512593919595, 83.36917581785431, 0.23706348136296285)
(10.288085222244263, -355.1072349667683, -201.75512593919595, 83.36917581785431, 0.23706348136296285)
(10.32841944694519, -355.1072349667683, -201.75512593919595, 83.36917581785431, 0.23008844360894187)
(10.368007898330688, -355.1072349667683, -201.75512593919595, 83.36917581785431, 0.23008844360894187)
(10.408015727996826, -355.1072349667683, -201.75512593919595, 83.36917581785431, 0.23008844360894187)
(10.44786524772644, -354.5297855242702, -201.79633962232572, 83.75790048970954, 0.21794748264619024)
(10.488405704498291, -354.5297855242702, -201.79633962232572, 83.75790048970954, 0.21794748264619024)
(10.528411626815796, -354.5297855242702, -201.79633962232572, 83.75790048970954, 0.2056352833451225)
(10.568117141723633, -354.5297855242702, -201.79633962232572, 83.75790048970954, 0.2056352833451225)
(10.607946872711182, -354.5297855242702, -201.79633962232572, 83.75790048970954, 0.2056352833451225)
(10.64804983139038, -353.75428287034475, -201.69346291490197, 83.9038178731003, 0.18411904997055473)
(10.688480854034424, -353.75428287034475, -201.69346291490197, 83.9038178731003, 0.18411904997055473)
(10.728359699249268, -353.75428287034475, -201.69346291490197, 83.9038178731003, 0.18411904997055473)
(10.768287658691406, -353.75428287034475, -201.69346291490197, 83.9038178731003, 0.16531340892302104)
(10.808117389678955, -353.75428287034475, -201.69346291490197, 83.9038178731003, 0.16531340892302104)
(10.848087310791016, -353.4240224403294, -201.3440415192139, 84.0183870295271, 0.16506361791038238)
(10.888799667358398, -353.4240224403294, -201.3440415192139, 84.0183870295271, 0.16506361791038238)
(10.928359031677246, -353.4240224403294, -201.3440415192139, 84.0183870295271, 0.16506361791038238)
(10.968027591705322, -353.4240224403294, -201.3440415192139, 84.0183870295271, 0.13182466721240793)
(11.008170127868652, -353.4240224403294, -201.3440415192139, 84.0183870295271, 0.13182466721240793)
(11.048585176467896, -353.1031455864115, -201.0352318599084, 84.13420564001164, 0.1603905117922526)
(11.088625431060791, -353.1031455864115, -201.0352318599084, 84.13420564001164, 0.1603905117922526)
(11.128644466400146, -353.1031455864115, -201.0352318599084, 84.13420564001164, 0.1603905117922526)
(11.168492794036865, -353.1031455864115, -201.0352318599084, 84.13420564001164, 0.19099453197909533)
(11.208411693572998, -353.1031455864115, -201.0352318599084, 84.13420564001164, 0.19099453197909533)
(11.248654842376709, -353.06444039603474, -200.6616594887616, 84.16280132562197, 0.2026453294224808)
(11.288717985153198, -353.06444039603474, -200.6616594887616, 84.16280132562197, 0.2026453294224808)
(11.329195022583008, -353.06444039603474, -200.6616594887616, 84.16280132562197, 0.2026453294224808)
(11.369101524353027, -353.06444039603474, -200.6616594887616, 84.16280132562197, 0.2393999781967917)
(11.408942461013794, -353.06444039603474, -200.6616594887616, 84.16280132562197, 0.2393999781967917)
(11.449317693710327, -353.2578592021744, -199.8030567865547, 84.39096525464784, 0.24520450690131135)
(11.489425659179688, -353.2578592021744, -199.8030567865547, 84.39096525464784, 0.24520450690131135)
(11.529399156570435, -353.2578592021744, -199.8030567865547, 84.39096525464784, 0.24520450690131135)
(11.569266557693481, -353.2578592021744, -199.8030567865547, 84.39096525464784, 0.24788308516690627)
(11.609304428100586, -353.2578592021744, -199.8030567865547, 84.39096525464784, 0.24788308516690627)
(11.64924955368042, -353.2578592021744, -199.8030567865547, 84.39096525464784, 0.24788308516690627)
(11.689493179321289, -353.53922680234405, -199.45080968873768, 84.52265941297406, 0.28254739286501795)
(11.729515314102173, -353.53922680234405, -199.45080968873768, 84.52265941297406, 0.28254739286501795)
(11.769659042358398, -353.53922680234405, -199.45080968873768, 84.52265941297406, 0.3034244291760224)
(11.809620141983032, -353.6676777960161, -198.65616519960946, 84.51456777341127, 0.3009428785908437)
(11.849636316299438, -353.6676777960161, -198.65616519960946, 84.51456777341127, 0.3009428785908437)
(11.889463186264038, -353.6676777960161, -198.65616519960946, 84.51456777341127, 0.3009428785908437)
(11.929764747619629, -353.6676777960161, -198.65616519960946, 84.51456777341127, 0.31878705669658736)
(11.969636917114258, -353.6676777960161, -198.65616519960946, 84.51456777341127, 0.31878705669658736)
(12.009205102920532, -353.6676777960161, -198.65616519960946, 84.51456777341127, 0.31878705669658736)
(12.050156593322754, -353.7596626514283, -197.74850276510804, 84.3234106807765, 0.31984502370663925)
(12.089759826660156, -353.7596626514283, -197.74850276510804, 84.3234106807765, 0.31984502370663925)
(12.129716873168945, -353.7596626514283, -197.74850276510804, 84.3234106807765, 0.3115019264220251)
(12.169803142547607, -353.7596626514283, -197.74850276510804, 84.3234106807765, 0.3115019264220251)
(12.209599733352661, -353.7596626514283, -197.74850276510804, 84.3234106807765, 0.3115019264220251)
(12.249687433242798, -353.8171930869674, -197.16921079756543, 84.24016307111023, 0.31157746550013066)
(12.290043592453003, -353.8171930869674, -197.16921079756543, 84.24016307111023, 0.31157746550013066)
(12.330025911331177, -353.8171930869674, -197.16921079756543, 84.24016307111023, 0.31903412323856806)
(12.369995832443237, -353.8171930869674, -197.16921079756543, 84.24016307111023, 0.31903412323856806)
(12.409796476364136, -353.8171930869674, -197.16921079756543, 84.24016307111023, 0.31903412323856806)
(12.449900388717651, -353.96675456993273, -197.06013178237183, 83.94945917223085, 0.2918911192948741)
(12.490129232406616, -353.96675456993273, -197.06013178237183, 83.94945917223085, 0.2918911192948741)
(12.53048586845398, -353.96675456993273, -197.06013178237183, 83.94945917223085, 0.2611095376276644)
(12.57000470161438, -353.96675456993273, -197.06013178237183, 83.94945917223085, 0.2611095376276644)
(12.609835386276245, -353.96675456993273, -197.06013178237183, 83.94945917223085, 0.2611095376276644)
(12.649993419647217, -354.077646588368, -196.9325600889369, 83.40416163994574, 0.2123663477723472)
(12.69018816947937, -354.077646588368, -196.9325600889369, 83.40416163994574, 0.2123663477723472)
(12.730501174926758, -354.077646588368, -196.9325600889369, 83.40416163994574, 0.18267783036315421)
(12.770297765731812, -354.077646588368, -196.9325600889369, 83.40416163994574, 0.18267783036315421)
(12.81005311012268, -354.077646588368, -196.9325600889369, 83.40416163994574, 0.18267783036315421)
(12.850507974624634, -354.02970970607817, -197.30092654064524, 83.12086625898822, 0.17015360484444386)
(12.890650510787964, -354.02970970607817, -197.30092654064524, 83.12086625898822, 0.17015360484444386)
(12.93101978302002, -354.02970970607817, -197.30092654064524, 83.12086625898822, 0.15451002391606394)
(12.97075867652893, -354.02970970607817, -197.30092654064524, 83.12086625898822, 0.15451002391606394)
(13.010735034942627, -354.02970970607817, -197.30092654064524, 83.12086625898822, 0.15451002391606394)
(13.05089545249939, -353.8375288260716, -197.4951338365678, 82.76702327287568, 0.09860745718699881)
(13.091272115707397, -353.8375288260716, -197.4951338365678, 82.76702327287568, 0.09860745718699881)
(13.131053686141968, -353.8375288260716, -197.4951338365678, 82.76702327287568, 0.09860745718699881)
(13.671523332595825, -353.4715438261993, -197.20083970137188, 83.74118517005141, 0.013198381986684993)
(14.190970659255981, -353.0525390452093, -196.06596820460086, 83.82815017210984, -0.019793820011420493)
(14.230640888214111, -352.5773101606051, -194.59435908869756, 83.70496039967554, -0.0421076558912894)
(14.27091908454895, -352.5773101606051, -194.59435908869756, 83.70496039967554, -0.0421076558912894)
(14.310869932174683, -352.5773101606051, -194.59435908869756, 83.70496039967554, -0.0421076558912894)
(14.350891351699829, -352.5773101606051, -194.59435908869756, 83.70496039967554, 0.7940509295232498)
(14.391746044158936, -352.5773101606051, -194.59435908869756, 83.70496039967554, 0.7940509295232498)
(14.431462049484253, -352.3083793928815, -192.60123904128437, 83.5730080708461, 4.0053492656389675)
(14.471643447875977, -352.3083793928815, -192.60123904128437, 83.5730080708461, 4.0053492656389675)
(14.511081457138062, -352.3083793928815, -192.60123904128437, 83.5730080708461, 4.0053492656389675)
(14.551039457321167, -352.3083793928815, -192.60123904128437, 83.5730080708461, 7.347758669048654)
(14.591225147247314, -352.3083793928815, -192.60123904128437, 83.5730080708461, 7.347758669048654)
(14.631486892700195, -353.35132271345594, -190.1882676326905, 83.91896727614565, 5.144758695703944)
(14.671602487564087, -353.35132271345594, -190.1882676326905, 83.91896727614565, 5.144758695703944)
(14.711145877838135, -353.35132271345594, -190.1882676326905, 83.91896727614565, 5.144758695703944)
(14.751389980316162, -353.35132271345594, -190.1882676326905, 83.91896727614565, 6.761336897359873)
(14.791563034057617, -353.35132271345594, -190.1882676326905, 83.91896727614565, 6.761336897359873)
(14.831800937652588, -354.0365662128945, -186.18214137937574, 83.94053150024524, 9.87622352720259)
(14.871408939361572, -354.0365662128945, -186.18214137937574, 83.94053150024524, 9.87622352720259)
(14.91148591041565, -354.0365662128945, -186.18214137937574, 83.94053150024524, 9.87622352720259)
(14.95136308670044, -354.0365662128945, -186.18214137937574, 83.94053150024524, 12.73943680858597)
(14.991734981536865, -354.0365662128945, -186.18214137937574, 83.94053150024524, 12.73943680858597)
(15.03247857093811, -353.9884199208326, -181.5809354419475, 83.04112582194004, 15.813442459633993)
(15.071815729141235, -353.9884199208326, -181.5809354419475, 83.04112582194004, 15.813442459633993)
(15.111662864685059, -353.9884199208326, -181.5809354419475, 83.04112582194004, 15.813442459633993)
(15.15189504623413, -353.9884199208326, -181.5809354419475, 83.04112582194004, 15.80585771496621)
(15.191930770874023, -353.9884199208326, -181.5809354419475, 83.04112582194004, 15.80585771496621)
(15.23221755027771, -353.7238230076908, -175.7334719184363, 82.91613086571283, 15.256022562466509)
(15.272035360336304, -353.7238230076908, -175.7334719184363, 82.91613086571283, 15.256022562466509)
(15.311830282211304, -353.7238230076908, -175.7334719184363, 82.91613086571283, 15.256022562466509)
(15.352319478988647, -353.7238230076908, -175.7334719184363, 82.91613086571283, 14.11861706215461)
(15.392520189285278, -353.7238230076908, -175.7334719184363, 82.91613086571283, 14.11861706215461)
(15.432276964187622, -353.7238230076908, -175.7334719184363, 82.91613086571283, 14.11861706215461)
(15.472324132919312, -352.0279798777194, -168.504786458222, 83.34882300882816, 12.719365899825313)
(15.51191759109497, -352.0279798777194, -168.504786458222, 83.34882300882816, 12.719365899825313)
(15.552044153213501, -352.0279798777194, -168.504786458222, 83.34882300882816, 12.114551633698216)
(15.592424392700195, -352.0279798777194, -168.504786458222, 83.34882300882816, 12.114551633698216)
(15.632371187210083, -352.0279798777194, -168.504786458222, 83.34882300882816, 12.114551633698216)
(15.672179937362671, -350.06469957970893, -160.39224173233936, 84.08660942276524, 11.72290442736328)
(15.712049007415771, -350.06469957970893, -160.39224173233936, 84.08660942276524, 11.72290442736328)
(15.752775430679321, -350.06469957970893, -160.39224173233936, 84.08660942276524, 11.49693074450595)
(15.79245400428772, -350.06469957970893, -160.39224173233936, 84.08660942276524, 11.49693074450595)
(15.832231044769287, -350.06469957970893, -160.39224173233936, 84.08660942276524, 11.49693074450595)
(15.87217092514038, -349.0283558539271, -153.36694596946177, 84.87249935349884, 11.250670423726547)
(15.912626028060913, -349.0283558539271, -153.36694596946177, 84.87249935349884, 11.250670423726547)
(15.952271223068237, -349.0283558539271, -153.36694596946177, 84.87249935349884, 11.071142499928653)
(15.992595195770264, -349.0283558539271, -153.36694596946177, 84.87249935349884, 11.071142499928653)
(16.03228783607483, -349.0283558539271, -153.36694596946177, 84.87249935349884, 11.071142499928653)
(16.072524785995483, -348.4558981849721, -146.6558601131813, 85.27691091816035, 11.002932702053524)
(16.1122944355011, -348.4558981849721, -146.6558601131813, 85.27691091816035, 11.002932702053524)
(16.15287160873413, -348.4558981849721, -146.6558601131813, 85.27691091816035, 11.002932702053524)
(16.192681074142456, -348.4558981849721, -146.6558601131813, 85.27691091816035, 10.898280828217079)
(16.23248052597046, -348.4558981849721, -146.6558601131813, 85.27691091816035, 10.898280828217079)
(16.272467851638794, -348.49931053903117, -140.82279195127, 85.2050250581448, 10.889719819878266)
(16.31240963935852, -348.49931053903117, -140.82279195127, 85.2050250581448, 10.876621125018591)
(16.35265326499939, -348.49931053903117, -140.82279195127, 85.2050250581448, 10.876621125018591)
(16.39283037185669, -348.49931053903117, -140.82279195127, 85.2050250581448, 10.876621125018591)
(16.432833671569824, -350.13070685450276, -135.05503400159128, 84.64492336248047, 10.814417053986656)
(16.472561836242676, -350.13070685450276, -135.05503400159128, 84.64492336248047, 10.814417053986656)
(16.512553930282593, -350.13070685450276, -135.05503400159128, 84.64492336248047, 10.697928862905904)
(16.553220748901367, -350.13070685450276, -135.05503400159128, 84.64492336248047, 10.697928862905904)
(16.592960596084595, -350.13070685450276, -135.05503400159128, 84.64492336248047, 10.697928862905904)
(16.63334608078003, -352.2171871358448, -129.6709388380381, 83.87920690238693, 10.611319585495583)
(16.67317771911621, -352.2171871358448, -129.6709388380381, 83.87920690238693, 10.611319585495583)
(16.713077783584595, -352.2171871358448, -129.6709388380381, 83.87920690238693, 10.611319585495583)
(16.75372862815857, -352.2171871358448, -129.6709388380381, 83.87920690238693, 10.553101175408028)
(16.793519020080566, -352.2171871358448, -129.6709388380381, 83.87920690238693, 10.553101175408028)
(16.833343982696533, -353.5100908901335, -124.93827218813495, 83.1595940169749, 10.58263795352541)
(16.873204708099365, -353.5100908901335, -124.93827218813495, 83.1595940169749, 10.58263795352541)
(16.91329026222229, -353.5100908901335, -124.93827218813495, 83.1595940169749, 10.58263795352541)
(16.953529357910156, -353.5100908901335, -124.93827218813495, 83.1595940169749, 10.555880736776093)
(16.993629455566406, -353.5100908901335, -124.93827218813495, 83.1595940169749, 10.555880736776093)
(17.03367567062378, -353.83992542832505, -120.19904074739524, 83.34045893766704, 10.010896671847995)
(17.073448657989502, -353.83992542832505, -120.19904074739524, 83.34045893766704, 10.010896671847995)
(17.113543272018433, -353.83992542832505, -120.19904074739524, 83.34045893766704, 10.010896671847995)
(17.154274940490723, -353.83992542832505, -120.19904074739524, 83.34045893766704, 9.231874185655174)
(17.193898916244507, -353.83992542832505, -120.19904074739524, 83.34045893766704, 9.231874185655174)
(17.233829498291016, -352.08088428201876, -115.26600858218515, 84.07846721145754, 8.776617740684218)
(17.273755073547363, -352.08088428201876, -115.26600858218515, 84.07846721145754, 8.776617740684218)
(17.313605546951294, -352.08088428201876, -115.26600858218515, 84.07846721145754, 8.776617740684218)
(17.353798627853394, -352.08088428201876, -115.26600858218515, 84.07846721145754, 8.729782922113408)
(17.394086360931396, -352.08088428201876, -115.26600858218515, 84.07846721145754, 8.729782922113408)
(17.433836460113525, -349.1500382237772, -110.73261423029975, 84.04986054529738, 8.622314983870726)
(17.47367525100708, -349.1500382237772, -110.73261423029975, 84.04986054529738, 8.622314983870726)
(17.513718128204346, -349.1500382237772, -110.73261423029975, 84.04986054529738, 8.622314983870726)
(17.55404829978943, -349.1500382237772, -110.73261423029975, 84.04986054529738, 8.678318224917863)
(17.594178438186646, -349.1500382237772, -110.73261423029975, 84.04986054529738, 8.678318224917863)
(17.634105682373047, -349.1500382237772, -110.73261423029975, 84.04986054529738, 8.678318224917863)
(17.6737802028656, -346.2712631712191, -106.14409458983098, 84.1357698922817, 8.849709989945008)
(17.71391463279724, -346.2712631712191, -106.14409458983098, 84.1357698922817, 8.849709989945008)
(17.75425887107849, -346.2712631712191, -106.14409458983098, 84.1357698922817, 8.990680958102264)
(17.794469118118286, -346.2712631712191, -106.14409458983098, 84.1357698922817, 8.990680958102264)
(17.83428645133972, -346.2712631712191, -106.14409458983098, 84.1357698922817, 8.990680958102264)
(17.873998880386353, -342.90350817563996, -101.0673524633057, 84.79981962255819, 9.031813047682604)
(17.914353609085083, -342.90350817563996, -101.0673524633057, 84.79981962255819, 9.031813047682604)
(17.954914569854736, -342.90350817563996, -101.0673524633057, 84.79981962255819, 9.010803879389755)
(17.994548082351685, -342.90350817563996, -101.0673524633057, 84.79981962255819, 9.010803879389755)
(18.034345626831055, -342.90350817563996, -101.0673524633057, 84.79981962255819, 9.010803879389755)
(18.074147939682007, -340.8241669754814, -95.14444577430092, 85.49985985055447, 9.067949539058006)
(18.11420512199402, -340.8241669754814, -95.14444577430092, 85.49985985055447, 9.067949539058006)
(18.154420375823975, -340.8241669754814, -95.14444577430092, 85.49985985055447, 9.15960988320873)
(18.194520473480225, -340.8241669754814, -95.14444577430092, 85.49985985055447, 9.15960988320873)
(18.23438262939453, -340.8241669754814, -95.14444577430092, 85.49985985055447, 9.15960988320873)
(18.274331092834473, -339.72827119706847, -89.13795220203933, 86.18135443334872, 9.326524794300857)
(18.314263820648193, -339.72827119706847, -89.13795220203933, 86.18135443334872, 9.326524794300857)
(18.35462188720703, -339.72827119706847, -89.13795220203933, 86.18135443334872, 9.326524794300857)
(18.39477777481079, -339.72827119706847, -89.13795220203933, 86.18135443334872, 9.435688248580828)
(18.4344265460968, -340.63865168622544, -82.97759742362658, 86.24186206493737, 9.557516988227704)
(18.47441792488098, -340.63865168622544, -82.97759742362658, 86.24186206493737, 9.557516988227704)
(18.514540433883667, -340.63865168622544, -82.97759742362658, 86.24186206493737, 9.532899175237116)
(18.55469250679016, -340.63865168622544, -82.97759742362658, 86.24186206493737, 9.532899175237116)
(18.59493088722229, -340.63865168622544, -82.97759742362658, 86.24186206493737, 9.532899175237116)
(18.634840965270996, -343.3960414192062, -76.5250597657693, 86.09747936171973, 9.459681568657334)
(18.674445152282715, -343.3960414192062, -76.5250597657693, 86.09747936171973, 9.459681568657334)
(18.714601278305054, -343.3960414192062, -76.5250597657693, 86.09747936171973, 9.558635489783924)
(18.754880666732788, -343.3960414192062, -76.5250597657693, 86.09747936171973, 9.558635489783924)
(18.794851064682007, -343.3960414192062, -76.5250597657693, 86.09747936171973, 9.558635489783924)
(18.83472466468811, -346.4389501096858, -71.01239682044822, 86.09359210774387, 10.167663008448827)
(18.874776363372803, -346.4389501096858, -71.01239682044822, 86.09359210774387, 10.167663008448827)
(18.91477084159851, -346.4389501096858, -71.01239682044822, 86.09359210774387, 10.167663008448827)
(18.95503282546997, -346.4389501096858, -71.01239682044822, 86.09359210774387, 11.032976038840625)
(18.995259523391724, -346.4389501096858, -71.01239682044822, 86.09359210774387, 11.032976038840625)
(19.034926652908325, -348.3129262119457, -66.15353331919394, 86.19419228687444, 11.525277758642448)
(19.074793338775635, -348.3129262119457, -66.15353331919394, 86.19419228687444, 11.525277758642448)
(19.11491632461548, -348.3129262119457, -66.15353331919394, 86.19419228687444, 11.525277758642448)
(19.155309200286865, -348.3129262119457, -66.15353331919394, 86.19419228687444, 11.898330188723305)
(19.195653676986694, -348.3129262119457, -66.15353331919394, 86.19419228687444, 11.898330188723305)
(19.23558473587036, -349.0628630472066, -62.200902002738516, 86.99785775433881, 11.934667447421958)
(19.27543330192566, -349.0628630472066, -62.200902002738516, 86.99785775433881, 11.934667447421958)
(19.31561803817749, -349.0628630472066, -62.200902002738516, 86.99785775433881, 11.934667447421958)
(19.355814933776855, -349.0628630472066, -62.200902002738516, 86.99785775433881, 11.852949815111248)
(19.39590811729431, -349.0628630472066, -62.200902002738516, 86.99785775433881, 11.852949815111248)
(19.435882806777954, -348.53079952460934, -59.339720542593724, 87.87502744074901, 11.72781597624379)
(19.475650548934937, -348.53079952460934, -59.339720542593724, 87.87502744074901, 11.72781597624379)
(19.515698671340942, -348.53079952460934, -59.339720542593724, 87.87502744074901, 11.72781597624379)
(19.555954933166504, -348.53079952460934, -59.339720542593724, 87.87502744074901, 11.51152152730365)
(19.596161365509033, -348.53079952460934, -59.339720542593724, 87.87502744074901, 11.51152152730365)
(19.636279582977295, -346.59015114486954, -57.01562398511196, 87.9109152100808, 11.044001756621133)
(19.675909519195557, -346.59015114486954, -57.01562398511196, 87.9109152100808, 11.044001756621133)
(19.71639323234558, -346.59015114486954, -57.01562398511196, 87.9109152100808, 11.044001756621133)
(19.75646948814392, -346.59015114486954, -57.01562398511196, 87.9109152100808, 10.709599420422744)
(19.79684805870056, -346.59015114486954, -57.01562398511196, 87.9109152100808, 10.709599420422744)
(19.83675503730774, -344.8822461511383, -54.10864328697518, 87.43812370209571, 10.481924314752614)
(19.87649631500244, -344.8822461511383, -54.10864328697518, 87.43812370209571, 10.481924314752614)
(19.91683840751648, -344.8822461511383, -54.10864328697518, 87.43812370209571, 10.481924314752614)
(19.95722484588623, -344.8822461511383, -54.10864328697518, 87.43812370209571, 10.396421367654995)
(19.99691414833069, -344.8822461511383, -54.10864328697518, 87.43812370209571, 10.396421367654995)
(20.03700828552246, -344.8822461511383, -54.10864328697518, 87.43812370209571, 10.396421367654995)
(20.076866388320923, -342.3108479445641, -50.97029923982959, 86.8419977639593, 10.372529545333418)
(20.11674952507019, -342.3108479445641, -50.97029923982959, 86.8419977639593, 10.372529545333418)
(20.157315969467163, -342.3108479445641, -50.97029923982959, 86.8419977639593, 10.42408957334835)
(20.19718050956726, -342.3108479445641, -50.97029923982959, 86.8419977639593, 10.42408957334835)
(20.236748695373535, -342.3108479445641, -50.97029923982959, 86.8419977639593, 10.42408957334835)
(20.27679181098938, -340.2073946564394, -46.811809416786865, 85.88219058826166, 10.553007706267557)
(20.317275524139404, -340.2073946564394, -46.811809416786865, 85.88219058826166, 10.553007706267557)
(20.35735535621643, -340.2073946564394, -46.811809416786865, 85.88219058826166, 10.577009117909157)
(20.397226095199585, -340.2073946564394, -46.811809416786865, 85.88219058826166, 10.577009117909157)
(20.437466382980347, -340.2073946564394, -46.811809416786865, 85.88219058826166, 10.577009117909157)
(20.4770348072052, -339.1758345161705, -42.22100741145605, 85.19093076321626, 10.532175026318388)
(20.5181303024292, -339.1758345161705, -42.22100741145605, 85.19093076321626, 10.532175026318388)
(20.55740976333618, -339.1758345161705, -42.22100741145605, 85.19093076321626, 10.5531295460221)
(20.597519636154175, -339.1758345161705, -42.22100741145605, 85.19093076321626, 10.5531295460221)
(20.637523651123047, -339.3855312379089, -37.237042731413226, 85.55023317076969, 10.764132269535356)
(20.677454233169556, -339.3855312379089, -37.237042731413226, 85.55023317076969, 10.764132269535356)
(20.717339515686035, -339.3855312379089, -37.237042731413226, 85.55023317076969, 10.756606201554808)
(20.757636785507202, -339.3855312379089, -37.237042731413226, 85.55023317076969, 10.756606201554808)
(20.797649145126343, -339.3855312379089, -37.237042731413226, 85.55023317076969, 10.756606201554808)
(20.837468147277832, -339.9951926655171, -33.455035387118556, 86.4607322896272, 7.333436427332133)
(20.877376794815063, -339.9951926655171, -33.455035387118556, 86.4607322896272, 7.333436427332133)
(20.917447090148926, -339.9951926655171, -33.455035387118556, 86.4607322896272, 11.19513460814821)
(20.957547664642334, -339.9951926655171, -33.455035387118556, 86.4607322896272, 11.19513460814821)
(20.99757194519043, -339.9951926655171, -33.455035387118556, 86.4607322896272, 11.19513460814821)
(21.037542581558228, -340.47063801476725, -34.366195483023816, 84.76649117079499, 11.94110564227685)
