====================== HEADER ======================
Odometry data will folow format (time, x, y, z, yaw)
Landing site: (-1, x, y, z, yaw)
X = left and right
Y = foraward backward
Z = height
====================== SUCCESS ======================
('min', -283.8054402316334, 93.62363523014861, 117.83397828352922)
('max', -214.8129700418977, 110.8678377928785, 121.88068120626423)
('dlp', -258.3213517388414, 102.5916850197165, 105.64227080151394, 15.04553156394701)
25.04136562347412
(0, -255.72298639582613, -132.60009362517405, 121.03299334877259, 0.0)
(0.03932380676269531, -255.72298639582613, -132.60009362517405, 121.03299334877259, -0.0035573143177458633)
(0.07950282096862793, -255.72298639582613, -132.60009362517405, 121.03299334877259, -0.0035573143177458633)
(0.119781494140625, -255.581213087925, -132.91077856972169, 120.90497692045612, -0.007429873633549633)
(0.15954303741455078, -255.581213087925, -132.91077856972169, 120.90497692045612, -0.007429873633549633)
(0.1994645595550537, -255.581213087925, -132.91077856972169, 120.90497692045612, -0.007429873633549633)
(0.23940181732177734, -255.581213087925, -132.91077856972169, 120.90497692045612, -0.00262434566355374)
(0.27974462509155273, -255.581213087925, -132.91077856972169, 120.90497692045612, -0.00262434566355374)
(0.3196983337402344, -255.581213087925, -132.91077856972169, 120.90497692045612, -0.00262434566355374)
(0.35964465141296387, -255.56272214442004, -133.3441752958561, 120.17844290316185, 0.012065941212618725)
(0.39975762367248535, -255.56272214442004, -133.3441752958561, 120.17844290316185, 0.012065941212618725)
(0.43952226638793945, -255.56272214442004, -133.3441752958561, 120.17844290316185, 0.00447795148546426)
(0.47998046875, -255.56272214442004, -133.3441752958561, 120.17844290316185, 0.00447795148546426)
(0.5196223258972168, -255.56272214442004, -133.3441752958561, 120.17844290316185, 0.00447795148546426)
(0.5598444938659668, -255.46331195768425, -133.6846106580586, 118.44671072070837, -0.032010467130353604)
(0.5998072624206543, -255.46331195768425, -133.6846106580586, 118.44671072070837, -0.032010467130353604)
(0.6396884918212891, -255.46331195768425, -133.6846106580586, 118.44671072070837, -0.018893548996530285)
(0.6799631118774414, -255.46331195768425, -133.6846106580586, 118.44671072070837, -0.018893548996530285)
(0.7199921607971191, -255.46331195768425, -133.6846106580586, 118.44671072070837, -0.018893548996530285)
(0.7599279880523682, -255.25992530815148, -133.70624373359252, 116.38917960912245, -0.0724783122099808)
(0.7998309135437012, -255.25992530815148, -133.70624373359252, 116.38917960912245, -0.0724783122099808)
(0.8397514820098877, -255.25992530815148, -133.70624373359252, 116.38917960912245, -0.06126595482339958)
(0.8800349235534668, -255.25992530815148, -133.70624373359252, 116.38917960912245, -0.06126595482339958)
(0.9198503494262695, -255.25992530815148, -133.70624373359252, 116.38917960912245, -0.06126595482339958)
(0.9599490165710449, -255.25992530815148, -133.70624373359252, 116.38917960912245, -0.06126595482339958)
(1.0000293254852295, -255.25992530815148, -133.70624373359252, 116.38917960912245, -0.06126595482339958)
(1.0404026508331299, -254.9044483462932, -133.4725020528321, 114.20064553864769, -0.07869220268576171)
(1.080143928527832, -254.9044483462932, -133.4725020528321, 114.20064553864769, -0.07869220268576171)
(1.1201825141906738, -254.9044483462932, -133.4725020528321, 114.20064553864769, -0.07869220268576171)
(1.1606218814849854, -254.5730866513152, -133.27159997158708, 112.16809087903117, -0.054286574022050615)
(1.2004730701446533, -254.5730866513152, -133.27159997158708, 112.16809087903117, -0.054286574022050615)
(1.2407517433166504, -254.5730866513152, -133.27159997158708, 112.16809087903117, -0.05832703668386863)
(1.280851125717163, -254.5730866513152, -133.27159997158708, 112.16809087903117, -0.05832703668386863)
(1.320763111114502, -254.5730866513152, -133.27159997158708, 112.16809087903117, -0.05832703668386863)
(1.3606960773468018, -254.28915619210758, -132.7692866210216, 110.58170435637004, -0.055338277265489566)
(1.4005396366119385, -254.28915619210758, -132.7692866210216, 110.58170435637004, -0.055338277265489566)
(1.4405839443206787, -254.28915619210758, -132.7692866210216, 110.58170435637004, -0.055338277265489566)
(1.4810221195220947, -254.28915619210758, -132.7692866210216, 110.58170435637004, -0.06231094452817132)
(1.5209760665893555, -253.99123879285068, -132.2041028588255, 109.40006666521087, -0.04849475987200158)
(1.560718059539795, -253.99123879285068, -132.2041028588255, 109.40006666521087, -0.04849475987200158)
(1.6009552478790283, -253.99123879285068, -132.2041028588255, 109.40006666521087, -0.031215430966554436)
(1.6407063007354736, -253.99123879285068, -132.2041028588255, 109.40006666521087, -0.031215430966554436)
(1.6810126304626465, -253.99123879285068, -132.2041028588255, 109.40006666521087, -0.031215430966554436)
(1.7209630012512207, -253.7618391455731, -131.85364342984087, 108.79575215662658, -0.022299021105816053)
(1.7609577178955078, -253.7618391455731, -131.85364342984087, 108.79575215662658, -0.022299021105816053)
(1.8011398315429688, -253.7618391455731, -131.85364342984087, 108.79575215662658, -0.022299021105816053)
(1.840898036956787, -253.7618391455731, -131.85364342984087, 108.79575215662658, -0.020811659368035862)
(1.8808579444885254, -253.7618391455731, -131.85364342984087, 108.79575215662658, -0.020811659368035862)
(1.9221186637878418, -253.6227070556, -131.3814419301791, 108.9527723872639, -0.011235495553039598)
(1.9611074924468994, -253.6227070556, -131.3814419301791, 108.9527723872639, -0.011235495553039598)
(2.0009922981262207, -253.6227070556, -131.3814419301791, 108.9527723872639, -0.011235495553039598)
(2.0409913063049316, -253.6227070556, -131.3814419301791, 108.9527723872639, 0.02874488727627167)
(2.081151247024536, -253.6227070556, -131.3814419301791, 108.9527723872639, 0.02874488727627167)
(2.1213583946228027, -253.24636394418843, -131.0834060534356, 109.75319119903477, 0.06220909944070918)
(2.1612939834594727, -253.24636394418843, -131.0834060534356, 109.75319119903477, 0.06220909944070918)
(2.2010905742645264, -253.24636394418843, -131.0834060534356, 109.75319119903477, 0.06220909944070918)
(2.2411282062530518, -253.24636394418843, -131.0834060534356, 109.75319119903477, 0.05176733898922414)
(2.28143572807312, -253.24636394418843, -131.0834060534356, 109.75319119903477, 0.05176733898922414)
(2.3215036392211914, -252.84718173294561, -130.87528513646214, 110.4288307002665, 0.07184100063002496)
(2.3612749576568604, -252.84718173294561, -130.87528513646214, 110.4288307002665, 0.07184100063002496)
(2.401292562484741, -252.84718173294561, -130.87528513646214, 110.4288307002665, 0.07184100063002496)
(2.4418561458587646, -252.84718173294561, -130.87528513646214, 110.4288307002665, 0.03498017170011103)
(2.4816808700561523, -252.84718173294561, -130.87528513646214, 110.4288307002665, 0.03498017170011103)
(2.521359920501709, -252.59590627783317, -131.04580660779445, 110.62507346606753, 0.042207633199094374)
(2.561473846435547, -252.59590627783317, -131.04580660779445, 110.62507346606753, 0.042207633199094374)
(2.6014721393585205, -252.59590627783317, -131.04580660779445, 110.62507346606753, 0.042207633199094374)
(2.6416139602661133, -252.59590627783317, -131.04580660779445, 110.62507346606753, 0.04647402468953743)
(2.6818459033966064, -252.59590627783317, -131.04580660779445, 110.62507346606753, 0.04647402468953743)
(2.7217869758605957, -252.59590627783317, -131.04580660779445, 110.62507346606753, 0.04647402468953743)
(2.7616257667541504, -252.51512078136025, -130.93285194101242, 110.72036151865252, 0.042790801694270186)
(2.8015878200531006, -252.51512078136025, -130.93285194101242, 110.72036151865252, 0.042790801694270186)
(2.8417155742645264, -252.51512078136025, -130.93285194101242, 110.72036151865252, 0.037647931858190375)
(2.881934404373169, -252.51512078136025, -130.93285194101242, 110.72036151865252, 0.037647931858190375)
(2.921893358230591, -252.51512078136025, -130.93285194101242, 110.72036151865252, 0.037647931858190375)
(2.961732864379883, -252.60759468119016, -130.81595388819864, 110.46490760765415, 0.05029331222718092)
(3.00179123878479, -252.60759468119016, -130.81595388819864, 110.46490760765415, 0.05029331222718092)
(3.0417187213897705, -252.60759468119016, -130.81595388819864, 110.46490760765415, 0.05029331222718092)
(3.082267999649048, -252.60759468119016, -130.81595388819864, 110.46490760765415, 0.04677348591805064)
(3.1221678256988525, -252.63970050727337, -130.9081017004637, 109.89987069848587, 0.028210008850507506)
(3.1621816158294678, -252.63970050727337, -130.9081017004637, 109.89987069848587, 0.028210008850507506)
(3.2020487785339355, -252.63970050727337, -130.9081017004637, 109.89987069848587, 0.028210008850507506)
(3.241882801055908, -252.63970050727337, -130.9081017004637, 109.89987069848587, 0.019535292618371614)
(3.2822723388671875, -252.63970050727337, -130.9081017004637, 109.89987069848587, 0.019535292618371614)
(3.3219857215881348, -252.63970050727337, -130.9081017004637, 109.89987069848587, 0.019535292618371614)
(3.3620450496673584, -252.5673219482791, -130.99027845783272, 109.18266870808053, 0.027307437523862887)
(3.4021224975585938, -252.5673219482791, -130.99027845783272, 109.18266870808053, 0.027307437523862887)
(3.4420487880706787, -252.5673219482791, -130.99027845783272, 109.18266870808053, 0.027296476557806315)
(3.4823906421661377, -252.5673219482791, -130.99027845783272, 109.18266870808053, 0.027296476557806315)
(3.5223379135131836, -252.5673219482791, -130.99027845783272, 109.18266870808053, 0.027296476557806315)
(3.5622808933258057, -252.8264553347147, -131.0186082325026, 108.35211019280958, 0.03244142970597075)
(3.6021718978881836, -252.8264553347147, -131.0186082325026, 108.35211019280958, 0.03244142970597075)
(3.642469644546509, -252.8264553347147, -131.0186082325026, 108.35211019280958, 0.0546670692152027)
(3.682401657104492, -252.8264553347147, -131.0186082325026, 108.35211019280958, 0.0546670692152027)
(3.722363233566284, -252.8264553347147, -131.0186082325026, 108.35211019280958, 0.0546670692152027)
(3.762383222579956, -252.92039154457976, -131.1667595154939, 107.82315044057974, 0.024859147356586675)
(3.802424430847168, -252.92039154457976, -131.1667595154939, 107.82315044057974, 0.024859147356586675)
(3.842663288116455, -252.92039154457976, -131.1667595154939, 107.82315044057974, 0.025525366056218246)
(3.8826675415039062, -252.92039154457976, -131.1667595154939, 107.82315044057974, 0.025525366056218246)
(3.9224205017089844, -252.92039154457976, -131.1667595154939, 107.82315044057974, 0.025525366056218246)
(3.9623446464538574, -252.92039154457976, -131.1667595154939, 107.82315044057974, 0.025525366056218246)
(4.002477645874023, -253.02541369638874, -131.0774579495646, 107.3878812152976, 0.024477486678993188)
(4.042839527130127, -253.02541369638874, -131.0774579495646, 107.3878812152976, 0.04528244135725856)
(4.082708358764648, -253.02541369638874, -131.0774579495646, 107.3878812152976, 0.04528244135725856)
(4.122720956802368, -253.03298195315836, -130.8165836368179, 107.4536374694336, 0.04454769035449502)
(4.162774085998535, -253.03298195315836, -130.8165836368179, 107.4536374694336, 0.04454769035449502)
(4.2027528285980225, -253.03298195315836, -130.8165836368179, 107.4536374694336, 0.04454769035449502)
(4.242610454559326, -253.03298195315836, -130.8165836368179, 107.4536374694336, 0.04454769035449502)
(4.2831737995147705, -253.03298195315836, -130.8165836368179, 107.4536374694336, 0.03800764342373242)
(4.322875022888184, -253.00980732566288, -130.39164198882716, 108.14698890888775, 0.04569488128101362)
(4.363019943237305, -253.00980732566288, -130.39164198882716, 108.14698890888775, 0.04569488128101362)
(4.40287446975708, -253.00980732566288, -130.39164198882716, 108.14698890888775, 0.04569488128101362)
(4.442874193191528, -253.00980732566288, -130.39164198882716, 108.14698890888775, 0.01548996487124299)
(4.483217477798462, -253.00980732566288, -130.39164198882716, 108.14698890888775, 0.01548996487124299)
(4.5235700607299805, -252.9546725146537, -129.9830337902161, 108.74478242141977, 0.004274879720471247)
(4.562966346740723, -252.9546725146537, -129.9830337902161, 108.74478242141977, 0.004274879720471247)
(4.603139877319336, -252.9546725146537, -129.9830337902161, 108.74478242141977, 0.004274879720471247)
(4.6430344581604, -252.9546725146537, -129.9830337902161, 108.74478242141977, 0.0019120240571055547)
(4.683279275894165, -252.9546725146537, -129.9830337902161, 108.74478242141977, 0.0019120240571055547)
(4.723322629928589, -253.0953491450839, -129.74294475026284, 109.00719422721106, -0.00980522701747688)
(4.7634217739105225, -253.0953491450839, -129.74294475026284, 109.00719422721106, -0.00980522701747688)
(4.8033177852630615, -253.0953491450839, -129.74294475026284, 109.00719422721106, -0.00980522701747688)
(4.843431711196899, -253.0953491450839, -129.74294475026284, 109.00719422721106, 0.002682098175938563)
(4.8836305141448975, -253.0953491450839, -129.74294475026284, 109.00719422721106, 0.002682098175938563)
(4.923625469207764, -253.0953491450839, -129.74294475026284, 109.00719422721106, 0.002682098175938563)
(4.963450193405151, -253.07542219875063, -129.66471301146734, 109.32631835829731, -0.005484025253245761)
(5.003478765487671, -253.07542219875063, -129.66471301146734, 109.32631835829731, -0.005484025253245761)
(5.043623447418213, -253.07542219875063, -129.66471301146734, 109.32631835829731, -0.0001275915330882782)
(5.083783388137817, -253.07542219875063, -129.66471301146734, 109.32631835829731, -0.0001275915330882782)
(5.123544692993164, -253.07542219875063, -129.66471301146734, 109.32631835829731, -0.0001275915330882782)
(5.163574695587158, -252.97453063109901, -129.53401798936451, 109.53772925499167, -0.016318770419919915)
(5.2036521434783936, -252.97453063109901, -129.53401798936451, 109.53772925499167, -0.016318770419919915)
(5.244044065475464, -252.97453063109901, -129.53401798936451, 109.53772925499167, -0.0078082886724022416)
(5.28393030166626, -252.97453063109901, -129.53401798936451, 109.53772925499167, -0.0078082886724022416)
(5.3240275382995605, -252.97453063109901, -129.53401798936451, 109.53772925499167, -0.0078082886724022416)
(5.363723039627075, -253.06376124285012, -129.4178032605419, 109.12959287894924, -0.015714946018563936)
(5.403861999511719, -253.06376124285012, -129.4178032605419, 109.12959287894924, -0.015714946018563936)
(5.444176912307739, -253.06376124285012, -129.4178032605419, 109.12959287894924, -0.08137740328379195)
(5.484120607376099, -253.06376124285012, -129.4178032605419, 109.12959287894924, -0.08137740328379195)
(5.523915767669678, -253.06376124285012, -129.4178032605419, 109.12959287894924, -0.08137740328379195)
(5.563918828964233, -252.99514571753014, -129.1433405576863, 108.51395522179348, -0.11962231290153014)
(5.603979825973511, -252.99514571753014, -129.1433405576863, 108.51395522179348, -0.11962231290153014)
(5.643901824951172, -252.99514571753014, -129.1433405576863, 108.51395522179348, -0.11962231290153014)
(5.683929443359375, -252.99514571753014, -129.1433405576863, 108.51395522179348, -0.11962231290153014)
(5.723985195159912, -252.99514571753014, -129.1433405576863, 108.51395522179348, -0.11962231290153014)
(5.764678239822388, -252.89387851318114, -128.67006764328812, 107.79231382380772, -0.13833235885976514)
(5.8046581745147705, -252.89387851318114, -128.67006764328812, 107.79231382380772, -0.13833235885976514)
(5.844470977783203, -252.89387851318114, -128.67006764328812, 107.79231382380772, -0.15142433333532246)
(5.884759902954102, -252.89387851318114, -128.67006764328812, 107.79231382380772, -0.15142433333532246)
(5.9251837730407715, -252.89387851318114, -128.67006764328812, 107.79231382380772, -0.15142433333532246)
(5.965043783187866, -252.75811172620934, -128.43208824505757, 107.53474562526891, -0.12805517960711477)
(6.004985094070435, -252.75811172620934, -128.43208824505757, 107.53474562526891, -0.12805517960711477)
(6.045576810836792, -252.75811172620934, -128.43208824505757, 107.53474562526891, -0.10431967940800924)
(6.085314750671387, -252.75811172620934, -128.43208824505757, 107.53474562526891, -0.10431967940800924)
(6.1251606941223145, -252.75811172620934, -128.43208824505757, 107.53474562526891, -0.10431967940800924)
(6.165244817733765, -252.89751651962067, -128.19635298073206, 108.12421031598805, -0.09517874754885547)
(6.2053468227386475, -252.89751651962067, -128.19635298073206, 108.12421031598805, -0.09517874754885547)
(6.2452232837677, -252.89751651962067, -128.19635298073206, 108.12421031598805, -0.09493889995218474)
(6.285352945327759, -252.89751651962067, -128.19635298073206, 108.12421031598805, -0.09493889995218474)
(6.325217247009277, -252.89751651962067, -128.19635298073206, 108.12421031598805, -0.09493889995218474)
(6.365257024765015, -253.085633387216, -127.79106982445921, 108.54820859513976, -0.08435473797710635)
(6.405220031738281, -253.085633387216, -127.79106982445921, 108.54820859513976, -0.08435473797710635)
(6.445547342300415, -253.085633387216, -127.79106982445921, 108.54820859513976, -0.09142469628332783)
(6.485409498214722, -253.085633387216, -127.79106982445921, 108.54820859513976, -0.09142469628332783)
(6.525415420532227, -253.085633387216, -127.79106982445921, 108.54820859513976, -0.09142469628332783)
(6.565387487411499, -253.23148178238853, -127.21385274660263, 108.49692132568524, -0.11891467294248059)
(6.605489730834961, -253.23148178238853, -127.21385274660263, 108.49692132568524, -0.11891467294248059)
(6.645477771759033, -253.23148178238853, -127.21385274660263, 108.49692132568524, -0.11891467294248059)
(6.685498952865601, -253.23148178238853, -127.21385274660263, 108.49692132568524, -0.11891467294248059)
(6.7254416942596436, -253.23148178238853, -127.21385274660263, 108.49692132568524, -0.11891467294248059)
(6.765510320663452, -253.23148178238853, -127.21385274660263, 108.49692132568524, -0.11891467294248059)
(6.805739879608154, -253.42018413002165, -126.8393670434611, 108.62347053306169, -0.12140410234730759)
(6.845868110656738, -253.42018413002165, -126.8393670434611, 108.62347053306169, -0.1250205524822885)
(6.8858537673950195, -253.42018413002165, -126.8393670434611, 108.62347053306169, -0.1250205524822885)
(6.925940752029419, -253.42018413002165, -126.8393670434611, 108.62347053306169, -0.1250205524822885)
(6.965648174285889, -253.44761507753324, -126.47954238255667, 108.58178760627624, -0.13601557372403406)
(7.0057103633880615, -253.44761507753324, -126.47954238255667, 108.58178760627624, -0.13601557372403406)
(7.045903921127319, -253.44761507753324, -126.47954238255667, 108.58178760627624, -0.13601557372403406)
(7.085878133773804, -253.44761507753324, -126.47954238255667, 108.58178760627624, -0.09988851440691349)
(7.125982761383057, -253.24924365255976, -125.98941074118314, 108.51514619580135, -0.11658803487851799)
(7.1657702922821045, -253.24924365255976, -125.98941074118314, 108.51514619580135, -0.11658803487851799)
(7.205943822860718, -253.24924365255976, -125.98941074118314, 108.51514619580135, -0.11658803487851799)
(7.246020078659058, -253.24924365255976, -125.98941074118314, 108.51514619580135, -0.11658803487851799)
(7.285987854003906, -253.24924365255976, -125.98941074118314, 108.51514619580135, -0.11658803487851799)
(7.325979709625244, -253.24924365255976, -125.98941074118314, 108.51514619580135, -0.11658803487851799)
(7.365949869155884, -253.24924365255976, -125.98941074118314, 108.51514619580135, -0.11658803487851799)
(7.406181573867798, -253.24924365255976, -125.98941074118314, 108.51514619580135, -0.09414785589948771)
(7.446481227874756, -253.0489367286217, -125.4652314122979, 108.72067916484554, -0.09113134388269017)
(7.486299276351929, -253.0489367286217, -125.4652314122979, 108.72067916484554, -0.09113134388269017)
(7.526289463043213, -253.69038668770386, -125.2089346903493, 109.18968578939568, -0.02779609731588728)
(7.566213130950928, -253.69038668770386, -125.2089346903493, 109.18968578939568, -0.02779609731588728)
(7.606184005737305, -253.69038668770386, -125.2089346903493, 109.18968578939568, -0.02779609731588728)
(7.646469593048096, -253.69038668770386, -125.2089346903493, 109.18968578939568, 0.019687775759116732)
(7.686499118804932, -253.69038668770386, -125.2089346903493, 109.18968578939568, 0.019687775759116732)
(7.726345777511597, -253.69038668770386, -125.2089346903493, 109.18968578939568, 0.019687775759116732)
(7.766335725784302, -254.76340093133587, -124.75071722520524, 109.43347809315513, -0.025563307238046562)
(7.806329727172852, -254.76340093133587, -124.75071722520524, 109.43347809315513, -0.025563307238046562)
(7.846498966217041, -254.76340093133587, -124.75071722520524, 109.43347809315513, -0.03199945497761014)
(7.886564493179321, -254.76340093133587, -124.75071722520524, 109.43347809315513, -0.03199945497761014)
(7.926444053649902, -255.93250131754579, -124.34809198587752, 108.4099268090409, 0.035941130212849615)
(7.966310977935791, -255.93250131754579, -124.34809198587752, 108.4099268090409, 0.035941130212849615)
(8.006414651870728, -255.93250131754579, -124.34809198587752, 108.4099268090409, 0.035941130212849615)
(8.046577215194702, -255.93250131754579, -124.34809198587752, 108.4099268090409, 0.06415046090553922)
(8.08661413192749, -255.93250131754579, -124.34809198587752, 108.4099268090409, 0.06415046090553922)
(8.126559257507324, -257.7174842313933, -123.78148743129996, 107.93171428637022, 0.07419176640502556)
(8.166439056396484, -257.7174842313933, -123.78148743129996, 107.93171428637022, 0.07419176640502556)
(8.206623554229736, -257.7174842313933, -123.78148743129996, 107.93171428637022, 0.07419176640502556)
(8.246803283691406, -257.7174842313933, -123.78148743129996, 107.93171428637022, 0.017517899907723233)
(8.286956787109375, -257.7174842313933, -123.78148743129996, 107.93171428637022, 0.017517899907723233)
(8.326750993728638, -257.7174842313933, -123.78148743129996, 107.93171428637022, 0.017517899907723233)
(8.366549491882324, -258.22597749525585, -123.59992680662073, 107.98707931541395, 0.0554988015052853)
(8.406685829162598, -258.22597749525585, -123.59992680662073, 107.98707931541395, 0.0554988015052853)
(8.446902513504028, -258.22597749525585, -123.59992680662073, 107.98707931541395, 0.046400639618783046)
(8.486940145492554, -258.22597749525585, -123.59992680662073, 107.98707931541395, 0.046400639618783046)
(8.526803731918335, -258.22597749525585, -123.59992680662073, 107.98707931541395, 0.046400639618783046)
(8.566797494888306, -258.0691486510403, -123.23183597539733, 108.05186799348596, 0.09478210254500397)
(8.606807708740234, -258.0691486510403, -123.23183597539733, 108.05186799348596, 0.09478210254500397)
(8.646761894226074, -258.0691486510403, -123.23183597539733, 108.05186799348596, 0.05654047262190787)
(8.687012434005737, -258.0691486510403, -123.23183597539733, 108.05186799348596, 0.05654047262190787)
(8.72691535949707, -258.0691486510403, -123.23183597539733, 108.05186799348596, 0.05654047262190787)
(8.767039775848389, -256.6844325405075, -122.67991475145071, 107.8104698215483, 0.04854491103587222)
(8.806940793991089, -256.6844325405075, -122.67991475145071, 107.8104698215483, 0.04854491103587222)
(8.847075462341309, -256.6844325405075, -122.67991475145071, 107.8104698215483, 0.04695751024637218)
(8.887236833572388, -256.6844325405075, -122.67991475145071, 107.8104698215483, 0.04695751024637218)
(8.927576303482056, -256.6844325405075, -122.67991475145071, 107.8104698215483, 0.04695751024637218)
(8.96941328048706, -255.279149594513, -122.25300635607697, 107.55671310653995, 0.04792628772450591)
(9.007407903671265, -255.279149594513, -122.25300635607697, 107.55671310653995, 0.04792628772450591)
(9.047293424606323, -255.279149594513, -122.25300635607697, 107.55671310653995, 0.04792628772450591)
(9.087586164474487, -255.279149594513, -122.25300635607697, 107.55671310653995, 0.01853101076287622)
(9.127387523651123, -255.279149594513, -122.25300635607697, 107.55671310653995, 0.01853101076287622)
(9.167632102966309, -253.64002904400388, -121.64627300063002, 107.3653749702222, 0.041345371586682944)
(9.207500219345093, -253.64002904400388, -121.64627300063002, 107.3653749702222, 0.041345371586682944)
(9.247591018676758, -253.64002904400388, -121.64627300063002, 107.3653749702222, 0.041345371586682944)
(9.287747621536255, -253.64002904400388, -121.64627300063002, 107.3653749702222, 0.0541900459766147)
(9.327524185180664, -252.13356937705575, -121.3923127538131, 106.9512007052375, 0.03194091738878413)
(9.367467641830444, -252.13356937705575, -121.3923127538131, 106.9512007052375, 0.03194091738878413)
(9.407572746276855, -252.13356937705575, -121.3923127538131, 106.9512007052375, 0.026946716455260145)
(9.44781756401062, -252.13356937705575, -121.3923127538131, 106.9512007052375, 0.026946716455260145)
(9.48806357383728, -252.13356937705575, -121.3923127538131, 106.9512007052375, 0.026946716455260145)
(9.52799940109253, -251.2163229456071, -121.06131105149844, 106.62302633494129, 0.02217167188226199)
(9.567895412445068, -251.2163229456071, -121.06131105149844, 106.62302633494129, 0.02217167188226199)
(9.608222484588623, -251.2163229456071, -121.06131105149844, 106.62302633494129, 0.028683234616904585)
(9.648249864578247, -251.2163229456071, -121.06131105149844, 106.62302633494129, 0.028683234616904585)
(9.688197135925293, -251.2163229456071, -121.06131105149844, 106.62302633494129, 0.028683234616904585)
(9.728173732757568, -251.49472631538916, -120.92373250337327, 106.74253208541866, 0.013651343078166178)
(9.768161058425903, -251.49472631538916, -120.92373250337327, 106.74253208541866, 0.013651343078166178)
(9.808332920074463, -251.49472631538916, -120.92373250337327, 106.74253208541866, -0.017423691779622885)
(9.848371744155884, -251.49472631538916, -120.92373250337327, 106.74253208541866, -0.017423691779622885)
(9.888489246368408, -251.49472631538916, -120.92373250337327, 106.74253208541866, -0.017423691779622885)
(9.928516387939453, -252.1139012199458, -120.82397617573564, 107.17189080196238, 0.014296124314729042)
(9.968250036239624, -252.1139012199458, -120.82397617573564, 107.17189080196238, 0.014296124314729042)
(10.008536338806152, -252.1139012199458, -120.82397617573564, 107.17189080196238, 0.014296124314729042)
(10.048635005950928, -252.1139012199458, -120.82397617573564, 107.17189080196238, -0.0211843431798453)
(10.088566541671753, -252.1139012199458, -120.82397617573564, 107.17189080196238, -0.0211843431798453)
(10.128541469573975, -253.25622282690506, -120.41312298950567, 107.60913700467215, -0.030778189338251494)
(10.168564319610596, -253.25622282690506, -120.41312298950567, 107.60913700467215, -0.030778189338251494)
(10.208806991577148, -253.25622282690506, -120.41312298950567, 107.60913700467215, -0.030778189338251494)
(10.249816656112671, -253.25622282690506, -120.41312298950567, 107.60913700467215, -0.08040485454762525)
(10.288809299468994, -253.25622282690506, -120.41312298950567, 107.60913700467215, -0.08040485454762525)
(10.328628540039062, -254.84162015064595, -120.01853535489134, 107.96912588433982, -0.049444122475229335)
(10.368651151657104, -254.84162015064595, -120.01853535489134, 107.96912588433982, -0.049444122475229335)
(10.408718824386597, -254.84162015064595, -120.01853535489134, 107.96912588433982, -0.049444122475229335)
(10.448929071426392, -254.84162015064595, -120.01853535489134, 107.96912588433982, -0.08296363649268024)
(10.48904275894165, -254.84162015064595, -120.01853535489134, 107.96912588433982, -0.08296363649268024)
(10.528842687606812, -256.2533076889503, -119.74557711178736, 107.92667768407799, -0.08925369144948725)
(10.56876826286316, -256.2533076889503, -119.74557711178736, 107.92667768407799, -0.08925369144948725)
(10.609212636947632, -256.2533076889503, -119.74557711178736, 107.92667768407799, -0.08925369144948725)
(10.649202346801758, -256.2533076889503, -119.74557711178736, 107.92667768407799, -0.10173126829067058)
(10.689491271972656, -256.2533076889503, -119.74557711178736, 107.92667768407799, -0.10173126829067058)
(10.729469060897827, -257.2238491282388, -119.13962487847648, 107.79282062773531, -0.13845425579846626)
(10.769397020339966, -257.2238491282388, -119.13962487847648, 107.79282062773531, -0.13845425579846626)
(10.80977725982666, -257.2238491282388, -119.13962487847648, 107.79282062773531, -0.13845425579846626)
(10.849622964859009, -257.2238491282388, -119.13962487847648, 107.79282062773531, -0.14859967734410873)
(10.88981008529663, -257.2238491282388, -119.13962487847648, 107.79282062773531, -0.14859967734410873)
(10.929665327072144, -257.2238491282388, -119.13962487847648, 107.79282062773531, -0.14859967734410873)
(10.969521760940552, -257.9967672367867, -118.47309143281824, 108.03437661038522, -0.12935353682822992)
(11.009854555130005, -257.9967672367867, -118.47309143281824, 108.03437661038522, -0.12935353682822992)
(11.049833297729492, -257.9967672367867, -118.47309143281824, 108.03437661038522, -0.14401628481233253)
(11.090023517608643, -257.9967672367867, -118.47309143281824, 108.03437661038522, -0.14401628481233253)
(11.129804611206055, -257.9967672367867, -118.47309143281824, 108.03437661038522, -0.14401628481233253)
(11.169939756393433, -258.4872624968594, -117.88964311442801, 108.37131671843834, -0.1185233376021877)
(11.2101891040802, -258.4872624968594, -117.88964311442801, 108.37131671843834, -0.1185233376021877)
(11.250168323516846, -258.4872624968594, -117.88964311442801, 108.37131671843834, -0.0921389107811148)
(11.290006160736084, -258.4872624968594, -117.88964311442801, 108.37131671843834, -0.0921389107811148)
(11.330045461654663, -258.4872624968594, -117.88964311442801, 108.37131671843834, -0.0921389107811148)
(11.36998176574707, -258.38228630345725, -117.18407677677001, 108.09293483541565, -0.08722065796807499)
(11.410609483718872, -258.38228630345725, -117.18407677677001, 108.09293483541565, -0.08722065796807499)
(11.45030689239502, -258.38228630345725, -117.18407677677001, 108.09293483541565, -0.050958006392525235)
(11.490382194519043, -258.38228630345725, -117.18407677677001, 108.09293483541565, -0.050958006392525235)
(11.530267238616943, -258.032915464779, -116.3913471935556, 107.17743917166743, -0.05271249392560229)
(11.570202350616455, -258.032915464779, -116.3913471935556, 107.17743917166743, -0.05271249392560229)
(11.610443353652954, -258.032915464779, -116.3913471935556, 107.17743917166743, -0.022767760028941098)
(11.65066146850586, -258.032915464779, -116.3913471935556, 107.17743917166743, -0.022767760028941098)
(11.69045352935791, -258.032915464779, -116.3913471935556, 107.17743917166743, -0.022767760028941098)
(11.730414867401123, -257.3919368452573, -115.33306523704935, 106.67783763499848, -0.04069592493875085)
(11.770334243774414, -257.3919368452573, -115.33306523704935, 106.67783763499848, -0.04069592493875085)
(11.810506105422974, -257.3919368452573, -115.33306523704935, 106.67783763499848, -0.04395867487428262)
(11.850618600845337, -257.3919368452573, -115.33306523704935, 106.67783763499848, -0.04395867487428262)
(11.890567064285278, -257.3919368452573, -115.33306523704935, 106.67783763499848, -0.04395867487428262)
(11.930656909942627, -256.32274840860356, -114.62029200025574, 106.59299343967368, -0.06649733272289815)
(11.970427751541138, -256.32274840860356, -114.62029200025574, 106.59299343967368, -0.06649733272289815)
(12.011155128479004, -256.32274840860356, -114.62029200025574, 106.59299343967368, -0.06649733272289815)
(12.050812721252441, -256.32274840860356, -114.62029200025574, 106.59299343967368, -0.06352369857688878)
(12.090722560882568, -256.32274840860356, -114.62029200025574, 106.59299343967368, -0.06352369857688878)
(12.130700826644897, -255.46063853706403, -113.99169753781345, 107.19823562954295, -0.12167616680392257)
(12.170705318450928, -255.46063853706403, -113.99169753781345, 107.19823562954295, -0.12167616680392257)
(12.210746049880981, -255.46063853706403, -113.99169753781345, 107.19823562954295, -0.12167616680392257)
(12.25074577331543, -255.46063853706403, -113.99169753781345, 107.19823562954295, -0.09356436719094141)
(12.29075574874878, -255.46063853706403, -113.99169753781345, 107.19823562954295, -0.09356436719094141)
(12.3312828540802, -255.46063853706403, -113.99169753781345, 107.19823562954295, -0.09356436719094141)
(12.371261596679688, -255.87447067639823, -113.8538437941969, 107.92765814893271, -0.10113473890984892)
(12.41102385520935, -255.87447067639823, -113.8538437941969, 107.92765814893271, -0.1376369466279126)
(12.450921297073364, -255.87447067639823, -113.8538437941969, 107.92765814893271, -0.1376369466279126)
(12.490936040878296, -255.87447067639823, -113.8538437941969, 107.92765814893271, -0.1376369466279126)
(12.531616926193237, -255.70682814986216, -113.27709401051054, 107.96667516015505, -0.1250847578363672)
(12.571311950683594, -255.70682814986216, -113.27709401051054, 107.96667516015505, -0.1250847578363672)
(12.611473083496094, -255.70682814986216, -113.27709401051054, 107.96667516015505, -0.1250847578363672)
(12.651491403579712, -255.70682814986216, -113.27709401051054, 107.96667516015505, -0.10236059872307024)
(12.691389083862305, -255.70682814986216, -113.27709401051054, 107.96667516015505, -0.10236059872307024)
(12.731404066085815, -256.4834790734135, -112.88456418599598, 107.45763365944867, -0.1279096357234195)
(12.77139663696289, -256.4834790734135, -112.88456418599598, 107.45763365944867, -0.1279096357234195)
(12.811939716339111, -256.4834790734135, -112.88456418599598, 107.45763365944867, -0.1279096357234195)
(12.851736068725586, -256.4834790734135, -112.88456418599598, 107.45763365944867, -0.1279096357234195)
(12.89176630973816, -256.4834790734135, -112.88456418599598, 107.45763365944867, -0.1279096357234195)
(12.931727170944214, -256.4834790734135, -112.88456418599598, 107.45763365944867, -0.1279096357234195)
(12.97220492362976, -257.3399498694024, -112.08680515433122, 107.05253998955541, -0.1465875599776627)
(13.011965990066528, -257.3399498694024, -112.08680515433122, 107.05253998955541, -0.1465875599776627)
(13.052261114120483, -257.3399498694024, -112.08680515433122, 107.05253998955541, -0.17891886244952815)
(13.09213900566101, -257.3399498694024, -112.08680515433122, 107.05253998955541, -0.17891886244952815)
(13.132064580917358, -257.8397138372079, -111.57937090195547, 107.2023637962952, -0.15118381548844795)
(13.171985149383545, -257.8397138372079, -111.57937090195547, 107.2023637962952, -0.15118381548844795)
(13.212300300598145, -257.8397138372079, -111.57937090195547, 107.2023637962952, -0.15118381548844795)
(13.2523512840271, -257.8397138372079, -111.57937090195547, 107.2023637962952, -0.1354398223305946)
(13.292238235473633, -257.8397138372079, -111.57937090195547, 107.2023637962952, -0.1354398223305946)
(13.33221173286438, -258.159290428512, -111.57046687301568, 108.25008202125119, -0.13382654973462138)
(13.372581243515015, -258.159290428512, -111.57046687301568, 108.25008202125119, -0.13382654973462138)
(13.412616968154907, -258.159290428512, -111.57046687301568, 108.25008202125119, -0.13382654973462138)
(13.452473878860474, -258.159290428512, -111.57046687301568, 108.25008202125119, -0.12478649409287712)
(13.492303609848022, -258.159290428512, -111.57046687301568, 108.25008202125119, -0.12478649409287712)
(13.53226637840271, -258.29206191381843, -111.54208419857339, 108.93509300900047, -0.10016205645864673)
(13.572269916534424, -258.29206191381843, -111.54208419857339, 108.93509300900047, -0.10016205645864673)
(13.612761497497559, -258.29206191381843, -111.54208419857339, 108.93509300900047, -0.10016205645864673)
(13.652758836746216, -258.29206191381843, -111.54208419857339, 108.93509300900047, -0.11392122317184672)
(13.692731142044067, -258.29206191381843, -111.54208419857339, 108.93509300900047, -0.11392122317184672)
(13.732498407363892, -258.10290807463576, -111.12462484606584, 108.9565293507391, -0.13763510246773691)
(13.772427558898926, -258.10290807463576, -111.12462484606584, 108.9565293507391, -0.13763510246773691)
(13.812779664993286, -258.10290807463576, -111.12462484606584, 108.9565293507391, -0.13763510246773691)
(13.852554082870483, -258.10290807463576, -111.12462484606584, 108.9565293507391, -0.13664689438729738)
(13.892609119415283, -258.10290807463576, -111.12462484606584, 108.9565293507391, -0.13664689438729738)
(13.932604551315308, -258.10290807463576, -111.12462484606584, 108.9565293507391, -0.13664689438729738)
(13.97261643409729, -258.10290807463576, -111.12462484606584, 108.9565293507391, -0.13664689438729738)
(14.013224840164185, -258.0807480860014, -110.90401968306642, 108.45089117786537, -0.10712620808653917)
(14.053031921386719, -258.0807480860014, -110.90401968306642, 108.45089117786537, -0.09873946997995198)
(14.092962980270386, -258.0807480860014, -110.90401968306642, 108.45089117786537, -0.09873946997995198)
(14.132846593856812, -258.0807480860014, -110.90401968306642, 108.45089117786537, -0.09873946997995198)
(14.172822952270508, -258.004675847064, -110.7438374324179, 107.67211031934842, -0.11317590686577539)
(14.21315050125122, -258.004675847064, -110.7438374324179, 107.67211031934842, -0.11317590686577539)
(14.253100633621216, -258.004675847064, -110.7438374324179, 107.67211031934842, -0.12346750294455511)
(14.29319143295288, -258.004675847064, -110.7438374324179, 107.67211031934842, -0.12346750294455511)
(14.332895517349243, -258.004675847064, -110.7438374324179, 107.67211031934842, -0.12346750294455511)
(14.372864007949829, -257.70977360881915, -110.75334037781192, 107.00074909098895, -0.12120522556640623)
(14.413260459899902, -257.70977360881915, -110.75334037781192, 107.00074909098895, -0.12120522556640623)
(14.453260898590088, -257.70977360881915, -110.75334037781192, 107.00074909098895, -0.1386694593098028)
(14.493085622787476, -257.70977360881915, -110.75334037781192, 107.00074909098895, -0.1386694593098028)
(14.533024311065674, -257.70977360881915, -110.75334037781192, 107.00074909098895, -0.1386694593098028)
(14.573241472244263, -257.3914073862991, -110.67376556062402, 106.5408141980971, -0.16415486313265504)
(14.61345911026001, -257.3914073862991, -110.67376556062402, 106.5408141980971, -0.14862702715188725)
(14.653444290161133, -257.3914073862991, -110.67376556062402, 106.5408141980971, -0.14862702715188725)
(15.193854808807373, -256.69546929523887, -109.94511998100691, 107.43460892337835, -0.1851877567489595)
(15.713307619094849, -256.82668017943075, -109.27437421496603, 107.2917106594189, -0.19662525953875587)
(15.75344467163086, -256.9473272989168, -107.57940259300128, 106.49889273314471, -0.2113180238565704)
(15.793347120285034, -256.9473272989168, -107.57940259300128, 106.49889273314471, -0.2113180238565704)
(15.833244562149048, -256.9473272989168, -107.57940259300128, 106.49889273314471, -0.14767858984714444)
(15.873200416564941, -256.9473272989168, -107.57940259300128, 106.49889273314471, -0.14767858984714444)
(15.913469076156616, -256.9473272989168, -107.57940259300128, 106.49889273314471, -0.14767858984714444)
(15.95356559753418, -257.150870527929, -105.30904546653271, 105.78691208953785, 2.3050504151816256)
(15.99339246749878, -257.150870527929, -105.30904546653271, 105.78691208953785, 2.3050504151816256)
(16.03346538543701, -257.150870527929, -105.30904546653271, 105.78691208953785, 5.473601362440906)
(16.073436975479126, -257.150870527929, -105.30904546653271, 105.78691208953785, 5.473601362440906)
(16.113314390182495, -257.150870527929, -105.30904546653271, 105.78691208953785, 5.473601362440906)
(16.15353560447693, -257.60883819846424, -102.64185747803965, 105.3556935698832, 8.786279432403834)
(16.19431185722351, -257.60883819846424, -102.64185747803965, 105.3556935698832, 8.786279432403834)
(16.234086513519287, -257.60883819846424, -102.64185747803965, 105.3556935698832, 12.178559712723978)
(16.27391481399536, -257.60883819846424, -102.64185747803965, 105.3556935698832, 12.178559712723978)
(16.314128398895264, -257.60883819846424, -102.64185747803965, 105.3556935698832, 12.178559712723978)
(16.35419750213623, -257.8358161825291, -99.08258992607107, 105.1772308599798, 9.250760455204379)
(16.39418315887451, -257.8358161825291, -99.08258992607107, 105.1772308599798, 9.250760455204379)
(16.434199571609497, -257.8358161825291, -99.08258992607107, 105.1772308599798, 9.250760455204379)
(16.47416353225708, -257.8358161825291, -99.08258992607107, 105.1772308599798, 12.141581150764624)
(16.51445460319519, -257.8358161825291, -99.08258992607107, 105.1772308599798, 12.141581150764624)
(16.554501056671143, -256.98796990493304, -94.7942869959186, 105.62470165175392, 15.536013348566925)
(16.59423065185547, -256.98796990493304, -94.7942869959186, 105.62470165175392, 15.536013348566925)
(16.634382724761963, -256.98796990493304, -94.7942869959186, 105.62470165175392, 15.536013348566925)
(16.674325942993164, -256.98796990493304, -94.7942869959186, 105.62470165175392, 17.90868037449312)
(16.714504718780518, -256.98796990493304, -94.7942869959186, 105.62470165175392, 17.90868037449312)
(16.75483727455139, -255.5828921121376, -89.69113392066595, 106.44606524794622, 18.73990671117257)
(16.794775009155273, -255.5828921121376, -89.69113392066595, 106.44606524794622, 18.73990671117257)
(16.83441138267517, -255.5828921121376, -89.69113392066595, 106.44606524794622, 18.73990671117257)
(16.874361276626587, -255.5828921121376, -89.69113392066595, 106.44606524794622, 18.789368751934052)
(16.914550304412842, -253.6680407800675, -83.5235182780946, 107.14588227976671, 18.818786089583355)
(16.95475673675537, -253.6680407800675, -83.5235182780946, 107.14588227976671, 18.818786089583355)
(16.99453616142273, -253.6680407800675, -83.5235182780946, 107.14588227976671, 18.818786089583355)
(17.034452199935913, -253.6680407800675, -83.5235182780946, 107.14588227976671, 19.116025515756434)
(17.074487924575806, -253.6680407800675, -83.5235182780946, 107.14588227976671, 19.116025515756434)
(17.114718437194824, -251.1270542488827, -77.74916812181294, 107.86517138960549, 19.17153774287952)
(17.15501594543457, -251.1270542488827, -77.74916812181294, 107.86517138960549, 19.17153774287952)
(17.194799184799194, -251.1270542488827, -77.74916812181294, 107.86517138960549, 19.17153774287952)
(17.234805583953857, -251.1270542488827, -77.74916812181294, 107.86517138960549, 18.994708162911095)
(17.274808883666992, -251.1270542488827, -77.74916812181294, 107.86517138960549, 18.994708162911095)
(17.314980030059814, -249.543065320878, -70.77590633614797, 108.25086888953538, 18.68912059332218)
(17.354979038238525, -249.543065320878, -70.77590633614797, 108.25086888953538, 18.68912059332218)
(17.394988536834717, -249.543065320878, -70.77590633614797, 108.25086888953538, 18.68912059332218)
(17.4348304271698, -249.543065320878, -70.77590633614797, 108.25086888953538, 18.296591442897)
(17.474807739257812, -249.543065320878, -70.77590633614797, 108.25086888953538, 18.296591442897)
(17.515149354934692, -249.03681141045703, -63.46114053178616, 108.32795515407949, 17.842691969376006)
(17.554916620254517, -249.03681141045703, -63.46114053178616, 108.32795515407949, 17.842691969376006)
(17.59504508972168, -249.03681141045703, -63.46114053178616, 108.32795515407949, 17.842691969376006)
(17.634941816329956, -249.03681141045703, -63.46114053178616, 108.32795515407949, 17.56953694021412)
(17.675453186035156, -249.03681141045703, -63.46114053178616, 108.32795515407949, 17.56953694021412)
(17.715445518493652, -249.03681141045703, -63.46114053178616, 108.32795515407949, 17.56953694021412)
(17.755403757095337, -248.6588228807323, -56.56028340724835, 108.2201636069621, 17.00564362830042)
(17.79516100883484, -248.6588228807323, -56.56028340724835, 108.2201636069621, 17.00564362830042)
(17.83516502380371, -248.6588228807323, -56.56028340724835, 108.2201636069621, 16.700480094810942)
(17.875164031982422, -248.6588228807323, -56.56028340724835, 108.2201636069621, 16.700480094810942)
(17.915382862091064, -248.6588228807323, -56.56028340724835, 108.2201636069621, 16.700480094810942)
(17.95529556274414, -249.15059923112116, -49.481146112395045, 107.91608447032388, 16.53853414379389)
(17.995305061340332, -249.15059923112116, -49.481146112395045, 107.91608447032388, 16.53853414379389)
(18.035202026367188, -249.15059923112116, -49.481146112395045, 107.91608447032388, 16.312077182743955)
(18.07525086402893, -249.15059923112116, -49.481146112395045, 107.91608447032388, 16.312077182743955)
(18.115265130996704, -249.15059923112116, -49.481146112395045, 107.91608447032388, 16.312077182743955)
(18.15526533126831, -249.15059923112116, -49.481146112395045, 107.91608447032388, 16.312077182743955)
(18.195537090301514, -250.259652994897, -42.48153959166877, 108.1339401705568, 16.21791480996245)
(18.23569917678833, -250.259652994897, -42.48153959166877, 108.1339401705568, 16.21791480996245)
(18.275410413742065, -250.259652994897, -42.48153959166877, 108.1339401705568, 15.966869241410208)
(18.315917253494263, -250.259652994897, -42.48153959166877, 108.1339401705568, 15.966869241410208)
(18.355807304382324, -250.12596426820392, -36.57115214490207, 108.06917594664311, 15.659118003988127)
(18.39554262161255, -250.12596426820392, -36.57115214490207, 108.06917594664311, 15.659118003988127)
(18.435733556747437, -250.12596426820392, -36.57115214490207, 108.06917594664311, 15.295811655644107)
(18.475579261779785, -250.12596426820392, -36.57115214490207, 108.06917594664311, 15.295811655644107)
(18.51605796813965, -250.14756424229896, -30.233196842686127, 107.64192852292135, 14.921131720315117)
(18.55699372291565, -250.14756424229896, -30.233196842686127, 107.64192852292135, 14.921131720315117)
(18.595896244049072, -250.14756424229896, -30.233196842686127, 107.64192852292135, 14.921131720315117)
(18.63604974746704, -250.14756424229896, -30.233196842686127, 107.64192852292135, 14.58236562333892)
(18.67613124847412, -250.14756424229896, -30.233196842686127, 107.64192852292135, 14.58236562333892)
(18.716410160064697, -249.52241999360538, -24.397896639723108, 107.2405875728686, 14.286329533739904)
(18.756393432617188, -249.52241999360538, -24.397896639723108, 107.2405875728686, 14.286329533739904)
(18.796234846115112, -249.52241999360538, -24.397896639723108, 107.2405875728686, 14.286329533739904)
(18.836325883865356, -249.52241999360538, -24.397896639723108, 107.2405875728686, 14.085104318691403)
(18.876190185546875, -249.52241999360538, -24.397896639723108, 107.2405875728686, 14.085104318691403)
(18.91618776321411, -249.52241999360538, -24.397896639723108, 107.2405875728686, 14.085104318691403)
(18.956252336502075, -249.52241999360538, -24.397896639723108, 107.2405875728686, 14.085104318691403)
(18.996246576309204, -249.52241999360538, -24.397896639723108, 107.2405875728686, 14.085104318691403)
(19.03634524345398, -249.52241999360538, -24.397896639723108, 107.2405875728686, 14.085104318691403)
(19.076800107955933, -248.72429452106408, -19.072853999415745, 107.32107122535469, 13.473908048459048)
(19.117348670959473, -248.72429452106408, -19.072853999415745, 107.32107122535469, 13.473908048459048)
(19.157224416732788, -247.85075903898107, -13.220765116525957, 107.15647092016047, 13.107968027763476)
(19.19718313217163, -247.85075903898107, -13.220765116525957, 107.15647092016047, 13.107968027763476)
(19.23703145980835, -247.85075903898107, -13.220765116525957, 107.15647092016047, 13.107968027763476)
(19.27734923362732, -247.85075903898107, -13.220765116525957, 107.15647092016047, 13.250037084736986)
(19.317398071289062, -247.86086529688296, -7.634055398162953, 107.31020938514355, 14.157876182663518)
(19.357551097869873, -247.86086529688296, -7.634055398162953, 107.31020938514355, 14.157876182663518)
(19.397264003753662, -247.86086529688296, -7.634055398162953, 107.31020938514355, 14.157876182663518)
(19.437535047531128, -247.86086529688296, -7.634055398162953, 107.31020938514355, 15.270656077116865)
(19.47751808166504, -247.86086529688296, -7.634055398162953, 107.31020938514355, 15.270656077116865)
(19.517550468444824, -249.65053753209904, -1.4860744557129735, 108.11726538007994, 15.305708707167101)
(19.558056592941284, -249.65053753209904, -1.4860744557129735, 108.11726538007994, 15.305708707167101)
(19.59797716140747, -249.65053753209904, -1.4860744557129735, 108.11726538007994, 15.305708707167101)
(19.637773990631104, -249.65053753209904, -1.4860744557129735, 108.11726538007994, 14.873637551254026)
(19.67828130722046, -249.65053753209904, -1.4860744557129735, 108.11726538007994, 14.873637551254026)
(19.718256950378418, -250.80596639861687, 4.43534220095848, 109.02592669341658, 14.879921160212103)
(19.75814414024353, -250.80596639861687, 4.43534220095848, 109.02592669341658, 14.879921160212103)
(19.798083782196045, -250.80596639861687, 4.43534220095848, 109.02592669341658, 14.879921160212103)
(19.83800959587097, -250.80596639861687, 4.43534220095848, 109.02592669341658, 15.489732526979697)
(19.878201246261597, -250.80596639861687, 4.43534220095848, 109.02592669341658, 15.489732526979697)
(19.918732166290283, -251.87794959381029, 9.44676532448874, 109.4151768128117, 16.068625989765337)
(19.958333253860474, -251.87794959381029, 9.44676532448874, 109.4151768128117, 16.068625989765337)
(19.9980571269989, -251.87794959381029, 9.44676532448874, 109.4151768128117, 16.068625989765337)
(20.038161754608154, -251.87794959381029, 9.44676532448874, 109.4151768128117, 16.37767634963651)
(20.078657388687134, -251.87794959381029, 9.44676532448874, 109.4151768128117, 16.37767634963651)
(20.118701934814453, -252.569842721146, 14.041632870542024, 109.97091318519716, 16.590403821755164)
(20.15835189819336, -252.569842721146, 14.041632870542024, 109.97091318519716, 16.590403821755164)
(20.198349952697754, -252.569842721146, 14.041632870542024, 109.97091318519716, 16.590403821755164)
(20.238282918930054, -252.569842721146, 14.041632870542024, 109.97091318519716, 16.675202705082338)
(20.278689861297607, -252.569842721146, 14.041632870542024, 109.97091318519716, 16.675202705082338)
(20.31845760345459, -252.569842721146, 14.041632870542024, 109.97091318519716, 16.675202705082338)
(20.358584880828857, -252.14950716548358, 18.554883163800863, 110.24480192195699, 16.721924880413955)
(20.39858078956604, -252.14950716548358, 18.554883163800863, 110.24480192195699, 16.721924880413955)
(20.438518047332764, -252.14950716548358, 18.554883163800863, 110.24480192195699, 16.563060073245566)
(20.478758811950684, -252.14950716548358, 18.554883163800863, 110.24480192195699, 16.563060073245566)
(20.518808126449585, -252.14950716548358, 18.554883163800863, 110.24480192195699, 16.563060073245566)
(20.558923482894897, -251.21865947491494, 22.60892173160722, 110.25839346955199, 16.28550180356665)
(20.598671674728394, -251.21865947491494, 22.60892173160722, 110.25839346955199, 16.28550180356665)
(20.63874840736389, -251.21865947491494, 22.60892173160722, 110.25839346955199, 16.16568009255115)
(20.679165601730347, -251.21865947491494, 22.60892173160722, 110.25839346955199, 16.16568009255115)
(20.719058990478516, -251.21865947491494, 22.60892173160722, 110.25839346955199, 16.16568009255115)
(20.759061813354492, -250.97213378073423, 27.17174327490763, 109.60571770532582, 16.254279292379394)
(20.798917770385742, -250.97213378073423, 27.17174327490763, 109.60571770532582, 16.254279292379394)
(20.8388888835907, -250.97213378073423, 27.17174327490763, 109.60571770532582, 16.254279292379394)
(20.878865718841553, -250.97213378073423, 27.17174327490763, 109.60571770532582, 16.254279292379394)
(20.918986082077026, -250.97213378073423, 27.17174327490763, 109.60571770532582, 16.254279292379394)
(20.958925485610962, -250.97213378073423, 27.17174327490763, 109.60571770532582, 16.254279292379394)
(20.99928569793701, -250.97213378073423, 27.17174327490763, 109.60571770532582, 16.257995191851947)
(21.039191961288452, -250.70715548750377, 32.24050112193136, 108.86431575228818, 15.85935114440459)
(21.07936143875122, -250.70715548750377, 32.24050112193136, 108.86431575228818, 15.85935114440459)
(21.119378328323364, -251.21729478640466, 37.857181964947436, 107.65413077703917, 15.494472074499061)
(21.159472465515137, -251.21729478640466, 37.857181964947436, 107.65413077703917, 15.494472074499061)
(21.199320077896118, -251.21729478640466, 37.857181964947436, 107.65413077703917, 15.494472074499061)
(21.23936104774475, -251.21729478640466, 37.857181964947436, 107.65413077703917, 15.291079551728727)
(21.279471158981323, -251.21729478640466, 37.857181964947436, 107.65413077703917, 15.291079551728727)
(21.319295406341553, -251.21729478640466, 37.857181964947436, 107.65413077703917, 15.291079551728727)
(21.35936999320984, -251.21729478640466, 37.857181964947436, 107.65413077703917, 15.291079551728727)
(21.39976477622986, -252.29761495910105, 43.74559487950528, 106.57881784819607, 15.330294701593255)
(21.439420223236084, -252.29761495910105, 43.74559487950528, 106.57881784819607, 15.167669042392934)
(21.479740858078003, -252.29761495910105, 43.74559487950528, 106.57881784819607, 15.167669042392934)
(21.519762992858887, -252.29761495910105, 43.74559487950528, 106.57881784819607, 15.167669042392934)
(21.559691190719604, -252.39909433093268, 49.18905170509312, 106.04206940025036, 14.948113709265698)
(21.599612712860107, -252.39909433093268, 49.18905170509312, 106.04206940025036, 14.948113709265698)
(21.639647960662842, -252.39909433093268, 49.18905170509312, 106.04206940025036, 15.066577672577314)
(21.67957067489624, -252.39909433093268, 49.18905170509312, 106.04206940025036, 15.066577672577314)
(21.71990704536438, -252.39909433093268, 49.18905170509312, 106.04206940025036, 15.066577672577314)
(21.760023593902588, -252.15777276496968, 54.56690694830612, 105.70695813003384, 15.34937340875334)
(21.799604415893555, -252.15777276496968, 54.56690694830612, 105.70695813003384, 15.34937340875334)
(21.839720726013184, -252.15777276496968, 54.56690694830612, 105.70695813003384, 15.694362985792479)
(21.880431652069092, -252.15777276496968, 54.56690694830612, 105.70695813003384, 15.694362985792479)
(21.92022705078125, -252.15777276496968, 54.56690694830612, 105.70695813003384, 15.694362985792479)
(21.960063934326172, -252.17477890010022, 56.7053506030501, 106.34001333689784, 15.825820633367954)
