====================== HEADER ======================
Odometry data will folow format (time, x, y, z, yaw)
Landing site: (-1, x, y, z, yaw)
X = left and right
Y = foraward backward
Z = height
====================== SUCCESS ======================
('min', -312.5548875137813, 135.6851570969635, 80.2117570620483)
('max', -261.4496596594514, 155.2002744333118, 82.6303019251037)
('dlp', -293.21719284989985, 145.29635238511503, 65.82740413960873, 22.09295821791308)
28.033900260925293
(0, -293.4111891326402, -72.86357852518347, 82.51150718149601, 0.0)
(0.03951239585876465, -293.4111891326402, -72.86357852518347, 82.51150718149601, 0.031041722130289884)
(0.07960391044616699, -293.4111891326402, -72.86357852518347, 82.51150718149601, 0.031041722130289884)
(0.11974406242370605, -293.46619473729857, -73.0663058675849, 82.49216766320495, 0.05470854626433663)
(0.15950608253479004, -293.46619473729857, -73.0663058675849, 82.49216766320495, 0.05470854626433663)
(0.19931936264038086, -293.46619473729857, -73.0663058675849, 82.49216766320495, 0.05470854626433663)
(0.23938608169555664, -293.46619473729857, -73.0663058675849, 82.49216766320495, 0.06185518328962658)
(0.2796604633331299, -293.46619473729857, -73.0663058675849, 82.49216766320495, 0.06185518328962658)
(0.3197307586669922, -293.46619473729857, -73.0663058675849, 82.49216766320495, 0.06185518328962658)
(0.35954999923706055, -293.42933710211383, -73.41261225913746, 82.26223723655542, 0.06336044335508006)
(0.3995981216430664, -293.42933710211383, -73.41261225913746, 82.26223723655542, 0.06336044335508006)
(0.4395468235015869, -293.42933710211383, -73.41261225913746, 82.26223723655542, 0.07480725708854763)
(0.4798753261566162, -293.42933710211383, -73.41261225913746, 82.26223723655542, 0.07480725708854763)
(0.519834041595459, -293.42933710211383, -73.41261225913746, 82.26223723655542, 0.07480725708854763)
(0.5595784187316895, -293.6553995358035, -73.03125397569448, 80.9622065627579, 0.013746712894825208)
(0.5998177528381348, -293.6553995358035, -73.03125397569448, 80.9622065627579, 0.013746712894825208)
(0.6396501064300537, -293.6553995358035, -73.03125397569448, 80.9622065627579, -0.0388487154686068)
(0.6799538135528564, -293.6553995358035, -73.03125397569448, 80.9622065627579, -0.0388487154686068)
(0.7199840545654297, -293.6553995358035, -73.03125397569448, 80.9622065627579, -0.0388487154686068)
(0.7598357200622559, -293.3637412448327, -72.84244958410747, 78.91949772898731, -0.0926533044671558)
(0.7997298240661621, -293.3637412448327, -72.84244958410747, 78.91949772898731, -0.0926533044671558)
(0.839824914932251, -293.3637412448327, -72.84244958410747, 78.91949772898731, -0.10914144631825451)
(0.8801255226135254, -293.3637412448327, -72.84244958410747, 78.91949772898731, -0.10914144631825451)
(0.9201908111572266, -292.94503311553683, -72.3669125407626, 76.58195641757813, -0.13342744550515206)
(0.9600379467010498, -292.94503311553683, -72.3669125407626, 76.58195641757813, -0.13342744550515206)
(1.0002851486206055, -292.94503311553683, -72.3669125407626, 76.58195641757813, -0.13248357977149183)
(1.040520191192627, -292.94503311553683, -72.3669125407626, 76.58195641757813, -0.13248357977149183)
(1.0803422927856445, -292.94503311553683, -72.3669125407626, 76.58195641757813, -0.13248357977149183)
(1.1203491687774658, -292.4600122777835, -71.95109452017923, 74.50395212860843, -0.14724725161721608)
(1.160400629043579, -292.4600122777835, -71.95109452017923, 74.50395212860843, -0.14724725161721608)
(1.2004222869873047, -292.4600122777835, -71.95109452017923, 74.50395212860843, -0.17436905860922636)
(1.2400586605072021, -292.4600122777835, -71.95109452017923, 74.50395212860843, -0.17436905860922636)
(1.280336856842041, -292.4600122777835, -71.95109452017923, 74.50395212860843, -0.17436905860922636)
(1.320526361465454, -291.8219425698435, -71.13871325185698, 72.63051379836834, -0.2035871007700898)
(1.3605093955993652, -291.8219425698435, -71.13871325185698, 72.63051379836834, -0.2035871007700898)
(1.4003570079803467, -291.8219425698435, -71.13871325185698, 72.63051379836834, -0.20455397470048098)
(1.4401984214782715, -291.8219425698435, -71.13871325185698, 72.63051379836834, -0.20455397470048098)
(1.4804084300994873, -291.8219425698435, -71.13871325185698, 72.63051379836834, -0.20455397470048098)
(1.520491361618042, -291.4126397721234, -70.75277743411661, 71.68450513607387, -0.22606253102160423)
(1.56046462059021, -291.4126397721234, -70.75277743411661, 71.68450513607387, -0.22606253102160423)
(1.6002600193023682, -291.4126397721234, -70.75277743411661, 71.68450513607387, -0.22606253102160423)
(1.640303611755371, -291.4126397721234, -70.75277743411661, 71.68450513607387, -0.22047883730636286)
(1.6805925369262695, -291.4126397721234, -70.75277743411661, 71.68450513607387, -0.22047883730636286)
(1.7207398414611816, -291.2008973637556, -69.93546911637105, 71.72037125139926, -0.21177733152660494)
(1.760565996170044, -291.2008973637556, -69.93546911637105, 71.72037125139926, -0.21177733152660494)
(1.8003346920013428, -291.2008973637556, -69.93546911637105, 71.72037125139926, -0.21177733152660494)
(1.8404369354248047, -291.2008973637556, -69.93546911637105, 71.72037125139926, -0.20484118673420326)
(1.880760908126831, -291.2008973637556, -69.93546911637105, 71.72037125139926, -0.20484118673420326)
(1.920907735824585, -290.82522847712687, -69.78301011459101, 72.00576366317307, -0.17308372797489113)
(1.9608001708984375, -290.82522847712687, -69.78301011459101, 72.00576366317307, -0.17308372797489113)
(2.00062894821167, -290.82522847712687, -69.78301011459101, 72.00576366317307, -0.17308372797489113)
(2.0406289100646973, -290.82522847712687, -69.78301011459101, 72.00576366317307, -0.14215339771490676)
(2.080993175506592, -290.82522847712687, -69.78301011459101, 72.00576366317307, -0.14215339771490676)
(2.120898723602295, -290.90627646540327, -69.43168523895457, 71.44075303654593, -0.12737475565172218)
(2.1607346534729004, -290.90627646540327, -69.43168523895457, 71.44075303654593, -0.12737475565172218)
(2.2006237506866455, -290.90627646540327, -69.43168523895457, 71.44075303654593, -0.12737475565172218)
(2.240731954574585, -290.90627646540327, -69.43168523895457, 71.44075303654593, -0.10516796374288617)
(2.2811172008514404, -290.90627646540327, -69.43168523895457, 71.44075303654593, -0.10516796374288617)
(2.3211331367492676, -290.86274372116713, -68.91810392749662, 70.58228859883772, -0.15779053447617386)
(2.36085844039917, -290.86274372116713, -68.91810392749662, 70.58228859883772, -0.15779053447617386)
(2.400848150253296, -290.86274372116713, -68.91810392749662, 70.58228859883772, -0.15779053447617386)
(2.4408957958221436, -290.86274372116713, -68.91810392749662, 70.58228859883772, -0.16153385381963048)
(2.4811489582061768, -290.86274372116713, -68.91810392749662, 70.58228859883772, -0.16153385381963048)
(2.5212228298187256, -290.86274372116713, -68.91810392749662, 70.58228859883772, -0.16153385381963048)
(2.5608949661254883, -290.6596901355399, -69.43614457345262, 69.56506351859919, -0.14399013955301854)
(2.60091495513916, -290.6596901355399, -69.43614457345262, 69.56506351859919, -0.14399013955301854)
(2.641038656234741, -290.6596901355399, -69.43614457345262, 69.56506351859919, -0.13425096249201474)
(2.6814846992492676, -290.6596901355399, -69.43614457345262, 69.56506351859919, -0.13425096249201474)
(2.7212178707122803, -290.6596901355399, -69.43614457345262, 69.56506351859919, -0.13425096249201474)
(2.7610902786254883, -290.7509844293889, -69.35053809013822, 68.22784830198901, -0.13654239023540882)
(2.801089286804199, -290.7509844293889, -69.35053809013822, 68.22784830198901, -0.13654239023540882)
(2.8412108421325684, -290.7509844293889, -69.35053809013822, 68.22784830198901, -0.12449495438955438)
(2.8815176486968994, -290.7509844293889, -69.35053809013822, 68.22784830198901, -0.12449495438955438)
(2.921525239944458, -290.7509844293889, -69.35053809013822, 68.22784830198901, -0.12449495438955438)
(2.961416721343994, -290.713696777016, -69.42571117270518, 67.77153686033537, -0.11894268069790925)
(3.0013558864593506, -290.713696777016, -69.42571117270518, 67.77153686033537, -0.11894268069790925)
(3.0415456295013428, -290.713696777016, -69.42571117270518, 67.77153686033537, -0.09455299244289961)
(3.0816800594329834, -290.713696777016, -69.42571117270518, 67.77153686033537, -0.09455299244289961)
(3.121962308883667, -290.713696777016, -69.42571117270518, 67.77153686033537, -0.09455299244289961)
(3.1619932651519775, -290.4537742731087, -69.7365863246534, 68.53447678168382, -0.08407224286001025)
(3.20184063911438, -290.4537742731087, -69.7365863246534, 68.53447678168382, -0.05956457789097058)
(3.2426810264587402, -290.4537742731087, -69.7365863246534, 68.53447678168382, -0.05956457789097058)
(3.2821033000946045, -290.4537742731087, -69.7365863246534, 68.53447678168382, -0.05956457789097058)
(3.3222415447235107, -290.2114314246309, -70.0315743346587, 69.26601112639662, -0.019819062200230775)
(3.361967086791992, -290.2114314246309, -70.0315743346587, 69.26601112639662, -0.019819062200230775)
(3.402012586593628, -290.2114314246309, -70.0315743346587, 69.26601112639662, -0.030146019102485155)
(3.4425268173217773, -290.2114314246309, -70.0315743346587, 69.26601112639662, -0.030146019102485155)
(3.4823105335235596, -290.2114314246309, -70.0315743346587, 69.26601112639662, -0.030146019102485155)
(3.522584915161133, -289.9801881907615, -70.12206176094955, 69.08831500348501, -0.05236687400643092)
(3.562509059906006, -289.9801881907615, -70.12206176094955, 69.08831500348501, -0.05236687400643092)
(3.6024889945983887, -289.9801881907615, -70.12206176094955, 69.08831500348501, -0.06620814353329152)
(3.6429431438446045, -289.9801881907615, -70.12206176094955, 69.08831500348501, -0.06620814353329152)
(3.682811975479126, -289.9801881907615, -70.12206176094955, 69.08831500348501, -0.06620814353329152)
(3.722797155380249, -289.95956464207916, -70.12628574642049, 68.54986264943815, -0.07230237465997646)
(3.762814998626709, -289.95956464207916, -70.12628574642049, 68.54986264943815, -0.07230237465997646)
(3.802616834640503, -289.95956464207916, -70.12628574642049, 68.54986264943815, -0.07230237465997646)
(3.842806577682495, -289.95956464207916, -70.12628574642049, 68.54986264943815, -0.05472155455613148)
(3.8829424381256104, -289.95956464207916, -70.12628574642049, 68.54986264943815, -0.05472155455613148)
(3.9231784343719482, -289.2946976862521, -70.0989104570846, 68.15668846765313, -0.07592083832764018)
(3.9632248878479004, -289.2946976862521, -70.0989104570846, 68.15668846765313, -0.07592083832764018)
(4.0030505657196045, -289.2946976862521, -70.0989104570846, 68.15668846765313, -0.07592083832764018)
(4.0430803298950195, -289.2946976862521, -70.0989104570846, 68.15668846765313, -0.06988339232491825)
(4.083401679992676, -289.2946976862521, -70.0989104570846, 68.15668846765313, -0.06988339232491825)
(4.1237828731536865, -288.4835888440408, -69.35716677930856, 68.12568557140712, -0.0803059403834645)
(4.163670063018799, -288.4835888440408, -69.35716677930856, 68.12568557140712, -0.0803059403834645)
(4.203545570373535, -288.4835888440408, -69.35716677930856, 68.12568557140712, -0.0803059403834645)
(4.244040250778198, -288.4835888440408, -69.35716677930856, 68.12568557140712, -0.0553221131890389)
(4.28395938873291, -288.4835888440408, -69.35716677930856, 68.12568557140712, -0.0553221131890389)
(4.324029922485352, -287.81286877115576, -68.57586217900914, 68.28699288534654, -0.05989014676942617)
(4.363776445388794, -287.81286877115576, -68.57586217900914, 68.28699288534654, -0.05989014676942617)
(4.403751611709595, -287.81286877115576, -68.57586217900914, 68.28699288534654, -0.05989014676942617)
(4.443940877914429, -287.81286877115576, -68.57586217900914, 68.28699288534654, -0.025787193296899602)
(4.484082937240601, -287.81286877115576, -68.57586217900914, 68.28699288534654, -0.025787193296899602)
(4.524491548538208, -287.5195394441759, -68.3074977243633, 68.9496194611845, -0.03894027821483448)
(4.563937425613403, -287.5195394441759, -68.3074977243633, 68.9496194611845, -0.03894027821483448)
(4.604063987731934, -287.5195394441759, -68.3074977243633, 68.9496194611845, -0.03894027821483448)
(4.644084453582764, -287.5195394441759, -68.3074977243633, 68.9496194611845, -0.011389796319317469)
(4.68427848815918, -287.5195394441759, -68.3074977243633, 68.9496194611845, -0.011389796319317469)
(4.724660396575928, -287.5389865557238, -67.64256930676001, 69.71492806674219, 0.04354810791346608)
(4.764251470565796, -287.5389865557238, -67.64256930676001, 69.71492806674219, 0.04354810791346608)
(4.804166555404663, -287.5389865557238, -67.64256930676001, 69.71492806674219, 0.04354810791346608)
(4.844402313232422, -287.5389865557238, -67.64256930676001, 69.71492806674219, 0.03523649424649378)
(4.884627819061279, -287.5389865557238, -67.64256930676001, 69.71492806674219, 0.03523649424649378)
(4.924561977386475, -287.5389865557238, -67.64256930676001, 69.71492806674219, 0.03523649424649378)
(4.964394569396973, -287.5093800866878, -67.40132887561396, 69.76083922812165, 0.07514852560164442)
(5.004388809204102, -287.5093800866878, -67.40132887561396, 69.76083922812165, 0.07514852560164442)
(5.0446250438690186, -287.5093800866878, -67.40132887561396, 69.76083922812165, 0.07332471324895096)
(5.08489465713501, -287.5093800866878, -67.40132887561396, 69.76083922812165, 0.07332471324895096)
(5.124879598617554, -287.5093800866878, -67.40132887561396, 69.76083922812165, 0.07332471324895096)
(5.164702415466309, -288.52197791136484, -66.47018722000888, 69.59236760740642, 0.04329497064773946)
(5.204573631286621, -288.52197791136484, -66.47018722000888, 69.59236760740642, 0.04329497064773946)
(5.244981288909912, -288.52197791136484, -66.47018722000888, 69.59236760740642, 0.027142856669716053)
(5.285067558288574, -288.52197791136484, -66.47018722000888, 69.59236760740642, 0.027142856669716053)
(5.324723958969116, -288.52197791136484, -66.47018722000888, 69.59236760740642, 0.027142856669716053)
(5.364855766296387, -288.43446745719956, -65.59871662061707, 69.31655625464813, -0.036532023746335796)
(5.404756307601929, -288.43446745719956, -65.59871662061707, 69.31655625464813, -0.036532023746335796)
(5.445561170578003, -288.43446745719956, -65.59871662061707, 69.31655625464813, -0.03126953528672516)
(5.485043287277222, -288.43446745719956, -65.59871662061707, 69.31655625464813, -0.03126953528672516)
(5.524921178817749, -288.36970832018125, -64.45666720543832, 69.60790080354504, -0.011259992088653803)
(5.5648884773254395, -288.36970832018125, -64.45666720543832, 69.60790080354504, -0.011259992088653803)
(5.604831695556641, -288.36970832018125, -64.45666720543832, 69.60790080354504, 0.008373363951413637)
(5.6450910568237305, -288.36970832018125, -64.45666720543832, 69.60790080354504, 0.008373363951413637)
(5.6850855350494385, -288.36970832018125, -64.45666720543832, 69.60790080354504, 0.008373363951413637)
(5.725620269775391, -287.86258999434267, -63.468308269471954, 70.6376661621868, -0.008314087404251325)
(5.765031814575195, -287.86258999434267, -63.468308269471954, 70.6376661621868, -0.008314087404251325)
(5.805250883102417, -287.86258999434267, -63.468308269471954, 70.6376661621868, -0.02095994480905361)
(5.8453545570373535, -287.86258999434267, -63.468308269471954, 70.6376661621868, -0.02095994480905361)
(5.88524603843689, -287.86258999434267, -63.468308269471954, 70.6376661621868, -0.02095994480905361)
(5.925357818603516, -286.6745771923925, -62.77576214260982, 71.08496199425188, -0.05383802062680587)
(5.96511435508728, -286.6745771923925, -62.77576214260982, 71.08496199425188, -0.05383802062680587)
(6.00547981262207, -286.6745771923925, -62.77576214260982, 71.08496199425188, -0.08750825781205762)
(6.045365333557129, -286.6745771923925, -62.77576214260982, 71.08496199425188, -0.08750825781205762)
(6.085402727127075, -286.6745771923925, -62.77576214260982, 71.08496199425188, -0.08750825781205762)
(6.125349044799805, -285.7984256037867, -62.00728922637156, 70.79399732757166, -0.12989533388789454)
(6.165288209915161, -285.7984256037867, -62.00728922637156, 70.79399732757166, -0.12989533388789454)
(6.205684185028076, -285.7984256037867, -62.00728922637156, 70.79399732757166, -0.15491849935294866)
(6.245472192764282, -285.7984256037867, -62.00728922637156, 70.79399732757166, -0.15491849935294866)
(6.2856175899505615, -285.7984256037867, -62.00728922637156, 70.79399732757166, -0.15491849935294866)
(6.325502872467041, -284.7995915777085, -61.77834725468689, 69.47108190672016, -0.17477041942977678)
(6.365712404251099, -284.7995915777085, -61.77834725468689, 69.47108190672016, -0.17477041942977678)
(6.405615568161011, -284.7995915777085, -61.77834725468689, 69.47108190672016, -0.17477041942977678)
(6.445599555969238, -284.7995915777085, -61.77834725468689, 69.47108190672016, -0.20912151019981096)
(6.485666275024414, -284.7995915777085, -61.77834725468689, 69.47108190672016, -0.20912151019981096)
(6.525706768035889, -283.71512875178547, -61.62862336500364, 68.34049740686756, -0.2585537694065252)
(6.565735101699829, -283.71512875178547, -61.62862336500364, 68.34049740686756, -0.2585537694065252)
(6.6055824756622314, -283.71512875178547, -61.62862336500364, 68.34049740686756, -0.2585537694065252)
(6.645727157592773, -283.71512875178547, -61.62862336500364, 68.34049740686756, -0.25252356855627767)
(6.685879945755005, -283.71512875178547, -61.62862336500364, 68.34049740686756, -0.25252356855627767)
(6.726145505905151, -282.84842220732736, -61.50052693068468, 67.5974754137388, -0.277869426244969)
(6.7660462856292725, -282.84842220732736, -61.50052693068468, 67.5974754137388, -0.277869426244969)
(6.805726051330566, -282.84842220732736, -61.50052693068468, 67.5974754137388, -0.277869426244969)
(6.845910310745239, -282.84842220732736, -61.50052693068468, 67.5974754137388, -0.24847985976401432)
(6.8861541748046875, -282.84842220732736, -61.50052693068468, 67.5974754137388, -0.24847985976401432)
(6.926364421844482, -282.5040819279567, -61.487562268432725, 67.47909144497643, -0.22841248890673427)
(6.965951919555664, -282.5040819279567, -61.487562268432725, 67.47909144497643, -0.22841248890673427)
(7.005927085876465, -282.5040819279567, -61.487562268432725, 67.47909144497643, -0.22841248890673427)
(7.04610013961792, -282.5040819279567, -61.487562268432725, 67.47909144497643, -0.21772223575890948)
(7.086226463317871, -282.5040819279567, -61.487562268432725, 67.47909144497643, -0.21772223575890948)
(7.126125812530518, -281.93084610951877, -61.51275276419564, 68.10111440132286, -0.21086912268279434)
(7.166277885437012, -281.93084610951877, -61.51275276419564, 68.10111440132286, -0.21086912268279434)
(7.206195592880249, -281.93084610951877, -61.51275276419564, 68.10111440132286, -0.21086912268279434)
(7.246245622634888, -281.93084610951877, -61.51275276419564, 68.10111440132286, -0.2440495666130431)
(7.286488771438599, -281.93084610951877, -61.51275276419564, 68.10111440132286, -0.2440495666130431)
(7.3262107372283936, -281.93084610951877, -61.51275276419564, 68.10111440132286, -0.2440495666130431)
(7.3661720752716064, -282.3046523962978, -60.95252972545279, 68.75285759321571, -0.27028380954404696)
(7.40619683265686, -282.3046523962978, -60.95252972545279, 68.75285759321571, -0.27028380954404696)
(7.446688413619995, -282.3046523962978, -60.95252972545279, 68.75285759321571, -0.26156776875967935)
(7.486794710159302, -282.3046523962978, -60.95252972545279, 68.75285759321571, -0.26156776875967935)
(7.526354074478149, -282.3046523962978, -60.95252972545279, 68.75285759321571, -0.26156776875967935)
(7.566400051116943, -283.3701104239296, -60.697265127935616, 68.87133414958281, -0.24143193214491632)
(7.60647177696228, -283.3701104239296, -60.697265127935616, 68.87133414958281, -0.24143193214491632)
(7.646889925003052, -283.3701104239296, -60.697265127935616, 68.87133414958281, -0.26645466732672674)
(7.686986207962036, -283.3701104239296, -60.697265127935616, 68.87133414958281, -0.26645466732672674)
(7.726521015167236, -283.3701104239296, -60.697265127935616, 68.87133414958281, -0.26645466732672674)
(7.766783714294434, -283.90522800557807, -60.54839421451072, 68.5883878685601, -0.2412268005848084)
(7.806498765945435, -283.90522800557807, -60.54839421451072, 68.5883878685601, -0.24093135058592807)
(7.846839427947998, -283.90522800557807, -60.54839421451072, 68.5883878685601, -0.24093135058592807)
(7.886870622634888, -283.90522800557807, -60.54839421451072, 68.5883878685601, -0.24093135058592807)
(7.926931142807007, -284.8814820209759, -60.39754495658803, 67.72971526722824, -0.24424435143300727)
(7.966698408126831, -284.8814820209759, -60.39754495658803, 67.72971526722824, -0.24424435143300727)
(8.006823778152466, -284.8814820209759, -60.39754495658803, 67.72971526722824, -0.18055143019545383)
(8.047010660171509, -284.8814820209759, -60.39754495658803, 67.72971526722824, -0.18055143019545383)
(8.0870840549469, -284.8814820209759, -60.39754495658803, 67.72971526722824, -0.18055143019545383)
(8.12705373764038, -285.566376321575, -60.23147566407824, 67.31668288327133, -0.13717841666900554)
(8.166995286941528, -285.566376321575, -60.23147566407824, 67.31668288327133, -0.13717841666900554)
(8.206968545913696, -285.566376321575, -60.23147566407824, 67.31668288327133, -0.14065376077848768)
(8.247411012649536, -285.566376321575, -60.23147566407824, 67.31668288327133, -0.14065376077848768)
(8.287372350692749, -285.566376321575, -60.23147566407824, 67.31668288327133, -0.14065376077848768)
(8.3270583152771, -285.43556245165854, -59.962139910668064, 66.77897167556281, -0.1447705632227425)
(8.367118835449219, -285.43556245165854, -59.962139910668064, 66.77897167556281, -0.1447705632227425)
(8.407091617584229, -285.43556245165854, -59.962139910668064, 66.77897167556281, -0.11865450930884336)
(8.447546005249023, -285.43556245165854, -59.962139910668064, 66.77897167556281, -0.11865450930884336)
(8.487584352493286, -285.43556245165854, -59.962139910668064, 66.77897167556281, -0.11865450930884336)
(8.527292013168335, -284.95533762800244, -59.132669157786495, 67.13803029300219, -0.14860260170859263)
(8.567220211029053, -284.95533762800244, -59.132669157786495, 67.13803029300219, -0.14860260170859263)
(8.607213258743286, -284.95533762800244, -59.132669157786495, 67.13803029300219, -0.12803354009193768)
(8.647438764572144, -284.95533762800244, -59.132669157786495, 67.13803029300219, -0.12803354009193768)
(8.687570095062256, -284.95533762800244, -59.132669157786495, 67.13803029300219, -0.12803354009193768)
(8.727482080459595, -283.9919739129702, -57.918309635296495, 67.95652168043381, -0.10606273286029122)
(8.767560482025146, -283.9919739129702, -57.918309635296495, 67.95652168043381, -0.10606273286029122)
(8.807384252548218, -283.9919739129702, -57.918309635296495, 67.95652168043381, -0.10606273286029122)
(8.847705841064453, -283.9919739129702, -57.918309635296495, 67.95652168043381, -0.09445698870224106)
(8.887735366821289, -283.9919739129702, -57.918309635296495, 67.95652168043381, -0.09445698870224106)
(8.92768144607544, -283.5120596321659, -57.25370537449298, 68.71409731265916, -0.04450325569596103)
(8.967585563659668, -283.5120596321659, -57.25370537449298, 68.71409731265916, -0.04450325569596103)
(9.007575035095215, -283.5120596321659, -57.25370537449298, 68.71409731265916, -0.04450325569596103)
(9.047781467437744, -283.5120596321659, -57.25370537449298, 68.71409731265916, -0.02391287239256812)
(9.087859153747559, -283.5120596321659, -57.25370537449298, 68.71409731265916, -0.02391287239256812)
(9.12780499458313, -283.11544227552474, -57.233635107856735, 68.65990060860908, 0.028078314052145004)
(9.167681217193604, -283.11544227552474, -57.233635107856735, 68.65990060860908, 0.028078314052145004)
(9.20773458480835, -283.11544227552474, -57.233635107856735, 68.65990060860908, 0.028078314052145004)
(9.247873783111572, -283.11544227552474, -57.233635107856735, 68.65990060860908, 0.018366731045741602)
(9.288055658340454, -283.11544227552474, -57.233635107856735, 68.65990060860908, 0.018366731045741602)
(9.327996492385864, -283.1538390041308, -57.12788088952047, 68.16651620488327, -0.06443106573857804)
(9.368003606796265, -283.1538390041308, -57.12788088952047, 68.16651620488327, -0.06443106573857804)
(9.40799593925476, -283.1538390041308, -57.12788088952047, 68.16651620488327, -0.06443106573857804)
(9.448046684265137, -283.1538390041308, -57.12788088952047, 68.16651620488327, -0.0924218141768236)
(9.488152027130127, -283.1538390041308, -57.12788088952047, 68.16651620488327, -0.0924218141768236)
(9.52815866470337, -284.54312917480866, -57.06818581559809, 68.13041747282188, -0.10473136050481813)
(9.56803274154663, -284.54312917480866, -57.06818581559809, 68.13041747282188, -0.10473136050481813)
(9.608138084411621, -284.54312917480866, -57.06818581559809, 68.13041747282188, -0.10473136050481813)
(9.648256063461304, -284.54312917480866, -57.06818581559809, 68.13041747282188, -0.13060943528250135)
(9.688577890396118, -284.54312917480866, -57.06818581559809, 68.13041747282188, -0.13060943528250135)
(9.728331327438354, -284.54312917480866, -57.06818581559809, 68.13041747282188, -0.13060943528250135)
(9.768224000930786, -285.4809860282971, -57.20667596875405, 67.68726954264292, -0.1572180997338819)
(9.808244228363037, -285.4809860282971, -57.20667596875405, 67.68726954264292, -0.1572180997338819)
(9.848453521728516, -285.4809860282971, -57.20667596875405, 67.68726954264292, -0.17034735634437936)
(9.888641357421875, -285.4809860282971, -57.20667596875405, 67.68726954264292, -0.17034735634437936)
(9.928536176681519, -285.4809860282971, -57.20667596875405, 67.68726954264292, -0.17034735634437936)
(9.96831202507019, -287.15026573285127, -57.349952816021876, 67.31582513943937, -0.19801654642757782)
(10.008408308029175, -287.15026573285127, -57.349952816021876, 67.31582513943937, -0.19801654642757782)
(10.04859709739685, -287.15026573285127, -57.349952816021876, 67.31582513943937, -0.2176555505253539)
(10.088748693466187, -287.15026573285127, -57.349952816021876, 67.31582513943937, -0.2176555505253539)
(10.128643989562988, -287.15026573285127, -57.349952816021876, 67.31582513943937, -0.2176555505253539)
(10.168603420257568, -289.09554984542365, -57.488967721349624, 67.2397459519554, -0.23153115700552362)
(10.208625555038452, -289.09554984542365, -57.488967721349624, 67.2397459519554, -0.19444831753961367)
(10.248785972595215, -289.09554984542365, -57.488967721349624, 67.2397459519554, -0.19444831753961367)
(10.288925170898438, -289.09554984542365, -57.488967721349624, 67.2397459519554, -0.19444831753961367)
(10.32885217666626, -290.1638354801886, -57.35024576758058, 66.9929945870266, -0.2190728360861094)
(10.368770122528076, -290.1638354801886, -57.35024576758058, 66.9929945870266, -0.2190728360861094)
(10.409270763397217, -290.1638354801886, -57.35024576758058, 66.9929945870266, -0.2542038745153441)
(10.449029207229614, -290.1638354801886, -57.35024576758058, 66.9929945870266, -0.2542038745153441)
(10.489065885543823, -290.1638354801886, -57.35024576758058, 66.9929945870266, -0.2542038745153441)
(10.52902603149414, -290.13943581361355, -56.71200725665446, 66.60855711593798, -0.22377437526067467)
(10.569142580032349, -290.13943581361355, -56.71200725665446, 66.60855711593798, -0.22377437526067467)
(10.609055995941162, -290.13943581361355, -56.71200725665446, 66.60855711593798, -0.1990615980929924)
(10.649182319641113, -290.13943581361355, -56.71200725665446, 66.60855711593798, -0.1990615980929924)
(10.689327001571655, -290.13943581361355, -56.71200725665446, 66.60855711593798, -0.1990615980929924)
(10.729236841201782, -288.7892844646216, -56.16807410475703, 66.63717919981822, -0.21974316954922557)
(10.769100427627563, -288.7892844646216, -56.16807410475703, 66.63717919981822, -0.21974316954922557)
(10.809174060821533, -288.7892844646216, -56.16807410475703, 66.63717919981822, -0.19952183730248407)
(10.849350452423096, -288.7892844646216, -56.16807410475703, 66.63717919981822, -0.19952183730248407)
(10.889572381973267, -288.7892844646216, -56.16807410475703, 66.63717919981822, -0.19952183730248407)
(10.929558753967285, -287.4480470579251, -55.63798187193542, 66.52827562729289, -0.20865069075244946)
(10.969659566879272, -287.4480470579251, -55.63798187193542, 66.52827562729289, -0.20865069075244946)
(11.009527444839478, -287.4480470579251, -55.63798187193542, 66.52827562729289, -0.1823726685980418)
(11.049579620361328, -287.4480470579251, -55.63798187193542, 66.52827562729289, -0.1823726685980418)
(11.089782476425171, -287.4480470579251, -55.63798187193542, 66.52827562729289, -0.1823726685980418)
(11.129767656326294, -286.20632785940643, -54.95955295172796, 66.50986252461193, -0.1971384967001697)
(11.169670104980469, -286.20632785940643, -54.95955295172796, 66.50986252461193, -0.1971384967001697)
(11.209761381149292, -286.20632785940643, -54.95955295172796, 66.50986252461193, -0.1971384967001697)
(11.249770164489746, -286.20632785940643, -54.95955295172796, 66.50986252461193, -0.16976563461023275)
(11.289942741394043, -286.20632785940643, -54.95955295172796, 66.50986252461193, -0.16976563461023275)
(11.32996678352356, -285.97854172192245, -54.244551820285885, 65.96819477505454, -0.2040171814969156)
(11.369834899902344, -285.97854172192245, -54.244551820285885, 65.96819477505454, -0.2040171814969156)
(11.40981125831604, -285.97854172192245, -54.244551820285885, 65.96819477505454, -0.2040171814969156)
(11.450003623962402, -285.97854172192245, -54.244551820285885, 65.96819477505454, -0.2101971372549869)
(11.49017071723938, -285.97854172192245, -54.244551820285885, 65.96819477505454, -0.2101971372549869)
(11.530174016952515, -286.77669119100085, -53.79289092784446, 64.99748879175509, -0.22037152957145523)
(11.569910526275635, -286.77669119100085, -53.79289092784446, 64.99748879175509, -0.22037152957145523)
(11.609997510910034, -286.77669119100085, -53.79289092784446, 64.99748879175509, -0.22037152957145523)
(11.65011191368103, -286.77669119100085, -53.79289092784446, 64.99748879175509, -0.19748850989772748)
(11.690305233001709, -286.77669119100085, -53.79289092784446, 64.99748879175509, -0.19748850989772748)
(11.730463981628418, -288.260652313955, -53.30334723735271, 63.825675656058586, -0.18181672914434444)
(11.770148515701294, -288.260652313955, -53.30334723735271, 63.825675656058586, -0.18181672914434444)
(11.810488939285278, -288.260652313955, -53.30334723735271, 63.825675656058586, -0.18181672914434444)
(11.85033917427063, -288.260652313955, -53.30334723735271, 63.825675656058586, -0.1372738037578891)
(11.891010284423828, -288.260652313955, -53.30334723735271, 63.825675656058586, -0.1372738037578891)
(11.931281089782715, -290.27025577123027, -52.51101378669865, 63.06220577375917, -0.11209618415893274)
(11.970824480056763, -290.27025577123027, -52.51101378669865, 63.06220577375917, -0.11209618415893274)
(12.010889053344727, -290.27025577123027, -52.51101378669865, 63.06220577375917, -0.11209618415893274)
(12.051405191421509, -290.27025577123027, -52.51101378669865, 63.06220577375917, -0.15152726058417443)
(12.091711521148682, -290.27025577123027, -52.51101378669865, 63.06220577375917, -0.15152726058417443)
(12.131467580795288, -290.27025577123027, -52.51101378669865, 63.06220577375917, -0.15152726058417443)
(12.171349287033081, -291.3677964093013, -52.29823155055516, 62.75740935879642, -0.10568003870231735)
(12.211573839187622, -291.3677964093013, -52.29823155055516, 62.75740935879642, -0.10568003870231735)
(12.251691579818726, -291.3677964093013, -52.29823155055516, 62.75740935879642, -0.12167523000885083)
(12.291723489761353, -291.3677964093013, -52.29823155055516, 62.75740935879642, -0.12167523000885083)
(12.331496715545654, -291.3677964093013, -52.29823155055516, 62.75740935879642, -0.12167523000885083)
(12.371497392654419, -291.52412806342767, -51.943680585182264, 62.82700584829031, -0.12551521014652778)
(12.411591053009033, -291.52412806342767, -51.943680585182264, 62.82700584829031, -0.12551521014652778)
(12.451770067214966, -291.52412806342767, -51.943680585182264, 62.82700584829031, -0.10281371835652209)
(12.492072343826294, -291.85181457891815, -51.65152164991832, 63.354081981831996, -0.10100101922421345)
(12.531763792037964, -291.85181457891815, -51.65152164991832, 63.354081981831996, -0.10100101922421345)
(12.571859359741211, -291.85181457891815, -51.65152164991832, 63.354081981831996, -0.10100101922421345)
(12.611715316772461, -291.85181457891815, -51.65152164991832, 63.354081981831996, -0.11660134668886712)
(12.651995420455933, -291.85181457891815, -51.65152164991832, 63.354081981831996, -0.11660134668886712)
(12.69193696975708, -291.85181457891815, -51.65152164991832, 63.354081981831996, -0.11660134668886712)
(12.731842756271362, -290.8818200633228, -51.2680431979294, 63.60154468628248, -0.11586972838157905)
(12.771769046783447, -290.8818200633228, -51.2680431979294, 63.60154468628248, -0.11586972838157905)
(12.811841249465942, -290.8818200633228, -51.2680431979294, 63.60154468628248, -0.10916509250467143)
(12.852055549621582, -290.8818200633228, -51.2680431979294, 63.60154468628248, -0.10916509250467143)
(12.892058372497559, -290.8818200633228, -51.2680431979294, 63.60154468628248, -0.10916509250467143)
(12.932080268859863, -289.60860741867447, -50.878574172523344, 63.94843662923963, -0.06782749219981099)
(12.972009897232056, -289.60860741867447, -50.878574172523344, 63.94843662923963, -0.06782749219981099)
(13.012267112731934, -289.60860741867447, -50.878574172523344, 63.94843662923963, -0.01760798283749665)
(13.052185773849487, -289.60860741867447, -50.878574172523344, 63.94843662923963, -0.01760798283749665)
(13.09231162071228, -289.60860741867447, -50.878574172523344, 63.94843662923963, -0.01760798283749665)
(13.132187366485596, -288.44906680311556, -50.4813500341512, 64.42726748710476, 0.02280247386241996)
(13.172086238861084, -288.44906680311556, -50.4813500341512, 64.42726748710476, 0.02280247386241996)
(13.212262153625488, -288.44906680311556, -50.4813500341512, 64.42726748710476, 0.030074170344200013)
(13.252333164215088, -288.44906680311556, -50.4813500341512, 64.42726748710476, 0.030074170344200013)
(13.292343854904175, -288.44906680311556, -50.4813500341512, 64.42726748710476, 0.030074170344200013)
(13.33228588104248, -287.5738838287977, -50.17672906621226, 64.91125273032823, 0.08052858209924807)
(13.372353315353394, -287.5738838287977, -50.17672906621226, 64.91125273032823, 0.08052858209924807)
(13.412433862686157, -287.5738838287977, -50.17672906621226, 64.91125273032823, 0.01637178494145175)
(13.452547788619995, -287.5738838287977, -50.17672906621226, 64.91125273032823, 0.01637178494145175)
(13.492472648620605, -287.5738838287977, -50.17672906621226, 64.91125273032823, 0.01637178494145175)
(13.532350540161133, -287.45474973877856, -49.48459717057293, 64.99771378051082, 0.018470248505696674)
(13.57231068611145, -287.45474973877856, -49.48459717057293, 64.99771378051082, 0.018470248505696674)
(13.612449884414673, -287.45474973877856, -49.48459717057293, 64.99771378051082, 0.018470248505696674)
(13.652502059936523, -287.45474973877856, -49.48459717057293, 64.99771378051082, -0.00747657390203571)
(13.692643880844116, -287.45474973877856, -49.48459717057293, 64.99771378051082, -0.00747657390203571)
(13.732471466064453, -288.7433462496796, -49.0359876395934, 65.09608881343651, 0.0006256554296584227)
(13.772674560546875, -288.7433462496796, -49.0359876395934, 65.09608881343651, 0.0006256554296584227)
(13.812703847885132, -288.7433462496796, -49.0359876395934, 65.09608881343651, 0.0006256554296584227)
(13.85278034210205, -288.7433462496796, -49.0359876395934, 65.09608881343651, 0.018593781808412757)
(13.892842531204224, -288.7433462496796, -49.0359876395934, 65.09608881343651, 0.018593781808412757)
(13.932719945907593, -290.3561319137783, -48.699398901113334, 65.27998690606982, 0.014621727278427699)
(13.972705841064453, -290.3561319137783, -48.699398901113334, 65.27998690606982, 0.014621727278427699)
(14.012777328491211, -290.3561319137783, -48.699398901113334, 65.27998690606982, 0.014621727278427699)
(14.053125381469727, -290.3561319137783, -48.699398901113334, 65.27998690606982, -0.024585598898468675)
(14.092966794967651, -290.3561319137783, -48.699398901113334, 65.27998690606982, -0.024585598898468675)
(14.13297700881958, -292.0282705982705, -48.215246392982934, 65.25805730250343, -0.02979517155117506)
(14.172858476638794, -292.0282705982705, -48.215246392982934, 65.25805730250343, -0.02979517155117506)
(14.212993383407593, -292.0282705982705, -48.215246392982934, 65.25805730250343, -0.02979517155117506)
(14.253151655197144, -292.0282705982705, -48.215246392982934, 65.25805730250343, -0.04345212541901233)
(14.293177604675293, -292.0282705982705, -48.215246392982934, 65.25805730250343, -0.04345212541901233)
(14.333004236221313, -293.9457092195148, -47.683640497462804, 65.16938638007606, -0.053366330716613675)
(14.372966289520264, -293.9457092195148, -47.683640497462804, 65.16938638007606, -0.053366330716613675)
(14.913804054260254, -295.9274723050961, -46.25294870044935, 64.97383648959955, -0.10728877528862668)
(15.430931806564331, -294.53420127048923, -44.73017266529425, 65.49303034062825, -0.12551505482179692)
(15.470449209213257, -294.53420127048923, -44.73017266529425, 65.49303034062825, -0.12551505482179692)
(15.510622024536133, -292.57045588849087, -43.11389643346327, 65.82556297387725, -0.10564315095496468)
(15.550854206085205, -292.57045588849087, -43.11389643346327, 65.82556297387725, -0.10564315095496468)
(15.590881824493408, -292.57045588849087, -43.11389643346327, 65.82556297387725, -0.10564315095496468)
(15.630712032318115, -292.57045588849087, -43.11389643346327, 65.82556297387725, 1.4593297964632121)
(15.670884132385254, -292.57045588849087, -43.11389643346327, 65.82556297387725, 1.4593297964632121)
(15.710874319076538, -289.8597693802752, -40.33281200524589, 66.1609945431584, 4.834112490531631)
(15.751121044158936, -289.8597693802752, -40.33281200524589, 66.1609945431584, 4.834112490531631)
(15.791019916534424, -289.8597693802752, -40.33281200524589, 66.1609945431584, 4.834112490531631)
(15.830945253372192, -289.8597693802752, -40.33281200524589, 66.1609945431584, 8.306783393670205)
(15.870865821838379, -289.8597693802752, -40.33281200524589, 66.1609945431584, 8.306783393670205)
(15.91077709197998, -289.8597693802752, -40.33281200524589, 66.1609945431584, 8.306783393670205)
(15.951019525527954, -286.8462205537387, -37.51869650721593, 66.59740135835511, 11.847990859283232)
(15.99116039276123, -286.8462205537387, -37.51869650721593, 66.59740135835511, 11.847990859283232)
(16.03161096572876, -286.8462205537387, -37.51869650721593, 66.59740135835511, 15.381678342613466)
(16.07140326499939, -286.8462205537387, -37.51869650721593, 66.59740135835511, 15.381678342613466)
(16.111328601837158, -286.8462205537387, -37.51869650721593, 66.59740135835511, 15.381678342613466)
(16.1516273021698, -283.3752015090287, -33.354644699680975, 67.12880470977416, 18.896696049985017)
(16.191904544830322, -283.3752015090287, -33.354644699680975, 67.12880470977416, 18.896696049985017)
(16.2316677570343, -283.3752015090287, -33.354644699680975, 67.12880470977416, 21.656293401238905)
(16.271555185317993, -283.3752015090287, -33.354644699680975, 67.12880470977416, 21.656293401238905)
(16.311487913131714, -283.3752015090287, -33.354644699680975, 67.12880470977416, 21.656293401238905)
(16.351937294006348, -281.40862954321005, -28.020138262175813, 67.54294455563421, 23.791673053192426)
(16.392212629318237, -281.40862954321005, -28.020138262175813, 67.54294455563421, 23.791673053192426)
(16.43170475959778, -281.40862954321005, -28.020138262175813, 67.54294455563421, 26.724032137801416)
(16.47156047821045, -281.40862954321005, -28.020138262175813, 67.54294455563421, 26.724032137801416)
(16.511680364608765, -281.40862954321005, -28.020138262175813, 67.54294455563421, 26.724032137801416)
(16.5520281791687, -279.882877392501, -21.609071989153264, 67.80419969219717, 24.69988508786994)
(16.591628789901733, -279.882877392501, -21.609071989153264, 67.80419969219717, 24.69988508786994)
(16.632242441177368, -279.882877392501, -21.609071989153264, 67.80419969219717, 24.69988508786994)
(16.67199182510376, -279.882877392501, -21.609071989153264, 67.80419969219717, 25.075466811606635)
(16.71220326423645, -279.882877392501, -21.609071989153264, 67.80419969219717, 25.075466811606635)
(16.75245499610901, -279.558687626268, -13.555620528766887, 67.41023228890678, 25.99257283879766)
(16.792542457580566, -279.558687626268, -13.555620528766887, 67.41023228890678, 27.017281843933038)
(16.832208156585693, -279.558687626268, -13.555620528766887, 67.41023228890678, 27.017281843933038)
(16.87212085723877, -279.558687626268, -13.555620528766887, 67.41023228890678, 27.017281843933038)
(16.912262678146362, -279.42341809316804, -5.249579980140268, 66.98841623365568, 26.86685341071311)
(16.95262622833252, -279.42341809316804, -5.249579980140268, 66.98841623365568, 26.86685341071311)
(16.992716312408447, -279.42341809316804, -5.249579980140268, 66.98841623365568, 25.777973434157165)
(17.032638788223267, -279.42341809316804, -5.249579980140268, 66.98841623365568, 25.777973434157165)
(17.072522401809692, -279.42341809316804, -5.249579980140268, 66.98841623365568, 25.777973434157165)
(17.11313247680664, -280.1178214491974, 3.224336823777932, 67.01242858957565, 24.63681056154042)
(17.153119325637817, -280.1178214491974, 3.224336823777932, 67.01242858957565, 24.63681056154042)
(17.19283628463745, -280.1178214491974, 3.224336823777932, 67.01242858957565, 24.63681056154042)
(17.232848405838013, -280.1178214491974, 3.224336823777932, 67.01242858957565, 23.64249826346865)
(17.27272367477417, -280.1178214491974, 3.224336823777932, 67.01242858957565, 23.64249826346865)
(17.313119173049927, -281.36961985278583, 12.107518475317661, 67.2117943390271, 23.633158378524193)
(17.35325264930725, -281.36961985278583, 12.107518475317661, 67.2117943390271, 23.633158378524193)
(17.392837285995483, -281.36961985278583, 12.107518475317661, 67.2117943390271, 23.633158378524193)
(17.432859897613525, -281.36961985278583, 12.107518475317661, 67.2117943390271, 23.58659633409945)
(17.472917556762695, -281.36961985278583, 12.107518475317661, 67.2117943390271, 23.58659633409945)
(17.513460874557495, -282.27631777158433, 19.335547097483342, 67.25269184892171, 23.354774814362916)
(17.55344033241272, -282.27631777158433, 19.335547097483342, 67.25269184892171, 23.354774814362916)
(17.59307098388672, -282.27631777158433, 19.335547097483342, 67.25269184892171, 23.354774814362916)
(17.633089065551758, -282.27631777158433, 19.335547097483342, 67.25269184892171, 23.412612210985483)
(17.673086166381836, -282.27631777158433, 19.335547097483342, 67.25269184892171, 23.412612210985483)
(17.71341037750244, -283.31550912204574, 26.607781347921325, 67.06151892515102, 23.286029367902913)
(17.753448486328125, -283.31550912204574, 26.607781347921325, 67.06151892515102, 23.286029367902913)
(17.79317569732666, -283.31550912204574, 26.607781347921325, 67.06151892515102, 23.286029367902913)
(17.833162784576416, -283.31550912204574, 26.607781347921325, 67.06151892515102, 23.14521808929585)
(17.87317967414856, -283.31550912204574, 26.607781347921325, 67.06151892515102, 23.14521808929585)
(17.913557052612305, -282.52199691448055, 31.971381959490053, 66.98570364928388, 23.193101688915082)
(17.953649520874023, -282.52199691448055, 31.971381959490053, 66.98570364928388, 23.193101688915082)
(17.993388891220093, -282.52199691448055, 31.971381959490053, 66.98570364928388, 23.193101688915082)
(18.03337597846985, -282.52199691448055, 31.971381959490053, 66.98570364928388, 23.140210224954846)
(18.073426723480225, -282.52199691448055, 31.971381959490053, 66.98570364928388, 23.140210224954846)
(18.113728284835815, -282.52199691448055, 31.971381959490053, 66.98570364928388, 23.140210224954846)
(18.153726816177368, -282.0165318856822, 38.04995218368233, 66.4768624611538, 23.09245931154142)
(18.193530321121216, -282.0165318856822, 38.04995218368233, 66.4768624611538, 23.09245931154142)
(18.233428239822388, -282.0165318856822, 38.04995218368233, 66.4768624611538, 23.086581478648867)
(18.27355456352234, -282.0165318856822, 38.04995218368233, 66.4768624611538, 23.086581478648867)
(18.31388807296753, -282.0165318856822, 38.04995218368233, 66.4768624611538, 23.086581478648867)
(18.354026079177856, -280.25846489218685, 43.95480031571527, 66.35074938388395, 23.004121949898547)
(18.39381456375122, -280.25846489218685, 43.95480031571527, 66.35074938388395, 23.004121949898547)
(18.433749198913574, -280.25846489218685, 43.95480031571527, 66.35074938388395, 22.164706132696075)
(18.473697900772095, -280.25846489218685, 43.95480031571527, 66.35074938388395, 22.164706132696075)
(18.514050245285034, -280.25846489218685, 43.95480031571527, 66.35074938388395, 22.164706132696075)
(18.55407428741455, -279.9096771894648, 50.05895261060053, 66.37223534284192, 21.18139608318129)
(18.59376311302185, -279.9096771894648, 50.05895261060053, 66.37223534284192, 21.18139608318129)
(18.63383674621582, -279.9096771894648, 50.05895261060053, 66.37223534284192, 20.15353731013227)
(18.673959255218506, -279.9096771894648, 50.05895261060053, 66.37223534284192, 20.15353731013227)
(18.714163541793823, -279.9096771894648, 50.05895261060053, 66.37223534284192, 20.15353731013227)
(18.75420904159546, -279.27231309763386, 56.90698544934203, 65.78788202333192, 19.400781861165)
(18.794233560562134, -279.27231309763386, 56.90698544934203, 65.78788202333192, 19.400781861165)
(18.833983659744263, -279.27231309763386, 56.90698544934203, 65.78788202333192, 19.400781861165)
(18.874110460281372, -279.27231309763386, 56.90698544934203, 65.78788202333192, 19.296063244626048)
(18.914437294006348, -279.8008519462954, 63.41522205348358, 64.99867573185595, 20.022230971754144)
(18.954434633255005, -279.8008519462954, 63.41522205348358, 64.99867573185595, 20.022230971754144)
(18.994216442108154, -279.8008519462954, 63.41522205348358, 64.99867573185595, 21.537578218878057)
(19.034289598464966, -279.8008519462954, 63.41522205348358, 64.99867573185595, 21.537578218878057)
(19.074287176132202, -279.8008519462954, 63.41522205348358, 64.99867573185595, 21.537578218878057)
(19.114550590515137, -282.7793153986007, 69.87930483426081, 64.61286439914778, 22.208527126034955)
(19.15478777885437, -282.7793153986007, 69.87930483426081, 64.61286439914778, 22.208527126034955)
(19.194372415542603, -282.7793153986007, 69.87930483426081, 64.61286439914778, 22.208527126034955)
(19.234325170516968, -282.7793153986007, 69.87930483426081, 64.61286439914778, 22.525372512383377)
(19.27437114715576, -282.7793153986007, 69.87930483426081, 64.61286439914778, 22.525372512383377)
(19.314659357070923, -284.5456144053452, 75.51458853608268, 64.93609863681736, 21.9087706985372)
(19.354898929595947, -284.5456144053452, 75.51458853608268, 64.93609863681736, 21.9087706985372)
(19.394697904586792, -284.5456144053452, 75.51458853608268, 64.93609863681736, 21.9087706985372)
(19.434637308120728, -284.5456144053452, 75.51458853608268, 64.93609863681736, 21.547425026073558)
(19.47477650642395, -284.5456144053452, 75.51458853608268, 64.93609863681736, 21.547425026073558)
(19.515081644058228, -287.03648644922595, 80.75448987305901, 66.13279705670318, 22.110243078847304)
(19.55532169342041, -287.03648644922595, 80.75448987305901, 66.13279705670318, 22.110243078847304)
(19.595162630081177, -287.03648644922595, 80.75448987305901, 66.13279705670318, 22.110243078847304)
(19.635075569152832, -287.03648644922595, 80.75448987305901, 66.13279705670318, 23.086449920840533)
(19.675190448760986, -287.03648644922595, 80.75448987305901, 66.13279705670318, 23.086449920840533)
(19.71555733680725, -287.71464809630373, 85.82200749296507, 68.05646540684813, 22.514240719343665)
(19.755552291870117, -287.71464809630373, 85.82200749296507, 68.05646540684813, 22.514240719343665)
(19.795447826385498, -287.71464809630373, 85.82200749296507, 68.05646540684813, 22.514240719343665)
(19.835439205169678, -287.71464809630373, 85.82200749296507, 68.05646540684813, 22.60137243104633)
(19.875908136367798, -287.71464809630373, 85.82200749296507, 68.05646540684813, 22.60137243104633)
(19.915964603424072, -287.33274075002925, 89.82878150455684, 70.09829227430241, 22.82847621724884)
(19.955653190612793, -287.33274075002925, 89.82878150455684, 70.09829227430241, 22.82847621724884)
(19.99565815925598, -287.33274075002925, 89.82878150455684, 70.09829227430241, 22.82847621724884)
(20.035570859909058, -287.33274075002925, 89.82878150455684, 70.09829227430241, 23.36364403623003)
(20.07615637779236, -287.33274075002925, 89.82878150455684, 70.09829227430241, 23.36364403623003)
(20.11607551574707, -285.9319434903393, 94.5925031306823, 71.93613918515699, 24.12516524839197)
(20.155970096588135, -285.9319434903393, 94.5925031306823, 71.93613918515699, 24.12516524839197)
(20.19572138786316, -285.9319434903393, 94.5925031306823, 71.93613918515699, 24.12516524839197)
(20.235576391220093, -285.9319434903393, 94.5925031306823, 71.93613918515699, 24.21096323440942)
(20.27586007118225, -285.9319434903393, 94.5925031306823, 71.93613918515699, 24.21096323440942)
(20.31608748435974, -285.9319434903393, 94.5925031306823, 71.93613918515699, 24.21096323440942)
(20.356035947799683, -285.2448255318726, 97.57271847194717, 72.83614645819335, 31.725118511521032)
(20.395801544189453, -285.2448255318726, 97.57271847194717, 72.83614645819335, 31.725118511521032)
(20.435860872268677, -285.2448255318726, 97.57271847194717, 72.83614645819335, 27.36742700652429)
(20.475735664367676, -285.2448255318726, 97.57271847194717, 72.83614645819335, 27.36742700652429)
(20.51616358757019, -285.2448255318726, 97.57271847194717, 72.83614645819335, 27.36742700652429)
(20.55660319328308, -283.13553370774366, 101.01627892503244, 70.89503411847893, 26.813812174577013)
(20.596385955810547, -283.13553370774366, 101.01627892503244, 70.89503411847893, 26.813812174577013)
(20.635907649993896, -283.13553370774366, 101.01627892503244, 70.89503411847893, 26.199911519281102)
(20.67619776725769, -283.13553370774366, 101.01627892503244, 70.89503411847893, 26.199911519281102)
(20.71637225151062, -283.13553370774366, 101.01627892503244, 70.89503411847893, 26.199911519281102)
(20.756362199783325, -284.2566844284746, 101.39278296104828, 69.85952554372723, 25.277126460587727)
(20.79617214202881, -284.2566844284746, 101.39278296104828, 69.85952554372723, 25.277126460587727)
(20.83617925643921, -284.2566844284746, 101.39278296104828, 69.85952554372723, 23.073942398965976)
(20.876140832901, -284.2566844284746, 101.39278296104828, 69.85952554372723, 23.073942398965976)
(20.917073488235474, -284.2566844284746, 101.39278296104828, 69.85952554372723, 23.073942398965976)
(20.956770658493042, -286.6329708323484, 100.44383120375532, 69.79508421566993, 21.486449441587435)
(20.996461868286133, -286.6329708323484, 100.44383120375532, 69.79508421566993, 21.486449441587435)
(21.036853313446045, -286.6329708323484, 100.44383120375532, 69.79508421566993, 20.26559010195902)
(21.076316118240356, -286.6329708323484, 100.44383120375532, 69.79508421566993, 20.26559010195902)
(21.11687660217285, -285.7803595512052, 102.95003492623042, 69.09579445720821, 20.95867790755533)
(21.156830310821533, -285.7803595512052, 102.95003492623042, 69.09579445720821, 20.95867790755533)
(21.19679617881775, -285.7803595512052, 102.95003492623042, 69.09579445720821, 23.119815574111374)
(21.236429452896118, -285.7803595512052, 102.95003492623042, 69.09579445720821, 23.119815574111374)
(21.276383876800537, -285.7803595512052, 102.95003492623042, 69.09579445720821, 23.119815574111374)
(21.316914081573486, -286.65202401075095, 100.9804918579856, 69.44958040993808, 23.38713082152002)
(21.356935262680054, -286.65202401075095, 100.9804918579856, 69.44958040993808, 23.38713082152002)
(21.39685559272766, -286.65202401075095, 100.9804918579856, 69.44958040993808, 22.995910825304794)
(21.436858415603638, -286.65202401075095, 100.9804918579856, 69.44958040993808, 22.995910825304794)
(21.47666907310486, -286.65202401075095, 100.9804918579856, 69.44958040993808, 22.995910825304794)
(21.517022371292114, -287.33689340538086, 101.92401392605588, 69.8383141842628, 21.651655501806406)
(21.55700373649597, -287.33689340538086, 101.92401392605588, 69.8383141842628, 21.651655501806406)
(21.59682822227478, -287.33689340538086, 101.92401392605588, 69.8383141842628, 21.651655501806406)
(21.636741876602173, -287.33689340538086, 101.92401392605588, 69.8383141842628, 20.773871451021023)
(21.676807403564453, -287.33689340538086, 101.92401392605588, 69.8383141842628, 20.773871451021023)
(21.717175245285034, -287.02232037581683, 101.19347414944272, 70.0347918877443, 20.58837037108847)
(21.75704836845398, -287.02232037581683, 101.19347414944272, 70.0347918877443, 20.58837037108847)
(21.796915292739868, -287.02232037581683, 101.19347414944272, 70.0347918877443, 20.58837037108847)
(21.83686113357544, -287.02232037581683, 101.19347414944272, 70.0347918877443, 20.74542356725929)
(21.87760829925537, -287.02232037581683, 101.19347414944272, 70.0347918877443, 20.74542356725929)
(21.91732883453369, -286.82243877623233, 101.92041482913069, 69.41775718193458, 21.410365438752265)
(21.95746684074402, -286.82243877623233, 101.92041482913069, 69.41775718193458, 21.410365438752265)
(21.99735450744629, -286.82243877623233, 101.92041482913069, 69.41775718193458, 21.410365438752265)
(22.037254095077515, -286.82243877623233, 101.92041482913069, 69.41775718193458, 21.650245628640608)
(22.077717781066895, -286.82243877623233, 101.92041482913069, 69.41775718193458, 21.650245628640608)
(22.1178457736969, -286.80390815599344, 101.84810205368478, 69.05557375681734, 21.391467805929203)
(22.158050775527954, -286.80390815599344, 101.84810205368478, 69.05557375681734, 21.391467805929203)
(22.197558641433716, -286.80390815599344, 101.84810205368478, 69.05557375681734, 21.391467805929203)
(22.23743438720703, -286.80390815599344, 101.84810205368478, 69.05557375681734, 21.083462153541454)
(22.277506589889526, -286.80390815599344, 101.84810205368478, 69.05557375681734, 21.083462153541454)
(22.31797742843628, -286.9779922318471, 101.70534746506812, 68.33650854002798, 21.199679975873142)
