====================== HEADER ======================
Odometry data will folow format (time, x, y, z, yaw)
Landing site: (-1, x, y, z, yaw)
X = left and right
Y = foraward backward
Z = height
====================== SUCCESS ======================
('min', -341.8316489332642, 77.99485464623747, -41.72036324715987)
('max', -293.58344834785197, 96.48666603321534, -39.952572929624466)
('dlp', -326.70584113738124, 89.94687907928413, -57.72036324715987, 22.63103697487595)
25.454115867614746
(0, -318.14471574612804, -123.13146939766715, -39.89930592751875, 0.0)
(0.04168128967285156, -318.14471574612804, -123.13146939766715, -39.89930592751875, 0.23167584400465557)
(0.07438015937805176, -318.14471574612804, -123.13146939766715, -39.89930592751875, 0.23167584400465557)
(0.11440658569335938, -318.1224159989663, -123.31684473509179, -40.345695816911004, 0.5481190713228337)
(0.15697813034057617, -318.1224159989663, -123.31684473509179, -40.345695816911004, 0.5481190713228337)
(0.20013976097106934, -318.1224159989663, -123.31684473509179, -40.345695816911004, 0.5481190713228337)
(0.2402489185333252, -318.1224159989663, -123.31684473509179, -40.345695816911004, 0.5805955772349485)
(0.27973389625549316, -318.1224159989663, -123.31684473509179, -40.345695816911004, 0.5805955772349485)
(0.31456708908081055, -318.4948884631542, -123.21510169819078, -40.93243430669807, 0.6225069594222425)
(0.355968713760376, -318.4948884631542, -123.21510169819078, -40.93243430669807, 0.6225069594222425)
(0.40024781227111816, -318.4948884631542, -123.21510169819078, -40.93243430669807, 0.6225069594222425)
(0.44157838821411133, -318.4948884631542, -123.21510169819078, -40.93243430669807, 0.6535189349395019)
(0.47472572326660156, -318.4948884631542, -123.21510169819078, -40.93243430669807, 0.6535189349395019)
(0.5147769451141357, -318.8793109104123, -123.40326750386774, -42.771824371180706, 0.6653146731138868)
(0.5553960800170898, -318.8793109104123, -123.40326750386774, -42.771824371180706, 0.6653146731138868)
(0.599600076675415, -318.8793109104123, -123.40326750386774, -42.771824371180706, 0.6653146731138868)
(0.6411154270172119, -318.8793109104123, -123.40326750386774, -42.771824371180706, 0.6466326779003744)
(0.6751885414123535, -318.8793109104123, -123.40326750386774, -42.771824371180706, 0.6466326779003744)
(0.7151710987091064, -318.8793109104123, -123.40326750386774, -42.771824371180706, 0.6466326779003744)
(0.7555217742919922, -319.15654008935, -123.6756991340368, -45.665320055500146, 0.6497084649700824)
(0.7955994606018066, -319.15654008935, -123.6756991340368, -45.665320055500146, 0.6497084649700824)
(0.8360025882720947, -319.15654008935, -123.6756991340368, -45.665320055500146, 0.6524084265662644)
(0.8757007122039795, -319.15654008935, -123.6756991340368, -45.665320055500146, 0.6524084265662644)
(0.91556715965271, -319.15654008935, -123.6756991340368, -45.665320055500146, 0.6524084265662644)
(0.9563117027282715, -319.2840162532469, -123.47866052461671, -48.75226658647515, 0.6377642065681144)
(0.9960165023803711, -319.2840162532469, -123.47866052461671, -48.75226658647515, 0.6102764698528951)
(1.0360822677612305, -319.2840162532469, -123.47866052461671, -48.75226658647515, 0.6102764698528951)
(1.0758192539215088, -319.2840162532469, -123.47866052461671, -48.75226658647515, 0.6102764698528951)
(1.115778923034668, -319.1502739108655, -123.1819175592305, -51.65553281013429, 0.592551560988273)
(1.1561393737792969, -319.1502739108655, -123.1819175592305, -51.65553281013429, 0.592551560988273)
(1.1961205005645752, -319.1502739108655, -123.1819175592305, -51.65553281013429, 0.5487417734683078)
(1.2360992431640625, -319.1502739108655, -123.1819175592305, -51.65553281013429, 0.5487417734683078)
(1.2759895324707031, -319.1502739108655, -123.1819175592305, -51.65553281013429, 0.5487417734683078)
(1.315885305404663, -319.06883818978963, -122.71924807434796, -53.84900812838517, 0.5227976281200384)
(1.3561787605285645, -319.06883818978963, -122.71924807434796, -53.84900812838517, 0.5227976281200384)
(1.3962805271148682, -319.06883818978963, -122.71924807434796, -53.84900812838517, 0.5231172837278493)
(1.4362661838531494, -319.06883818978963, -122.71924807434796, -53.84900812838517, 0.5231172837278493)
(1.4761579036712646, -319.06883818978963, -122.71924807434796, -53.84900812838517, 0.5231172837278493)
(1.5160236358642578, -318.97944637144633, -121.98130671598611, -54.477997437454576, 0.5056297185238492)
(1.5564136505126953, -318.97944637144633, -121.98130671598611, -54.477997437454576, 0.5056297185238492)
(1.596437692642212, -318.97944637144633, -121.98130671598611, -54.477997437454576, 0.4676410449746484)
(1.6363029479980469, -318.97944637144633, -121.98130671598611, -54.477997437454576, 0.4676410449746484)
(1.6762669086456299, -318.97944637144633, -121.98130671598611, -54.477997437454576, 0.4676410449746484)
(1.716219186782837, -318.88352978888713, -122.10047821837364, -54.605038066110026, 0.47596176896334086)
(1.7564218044281006, -318.88352978888713, -122.10047821837364, -54.605038066110026, 0.47596176896334086)
(1.7965564727783203, -318.88352978888713, -122.10047821837364, -54.605038066110026, 0.5365164502308168)
(1.836404800415039, -318.88352978888713, -122.10047821837364, -54.605038066110026, 0.5365164502308168)
(1.876296043395996, -318.88352978888713, -122.10047821837364, -54.605038066110026, 0.5365164502308168)
(1.9163389205932617, -318.80380516236556, -122.03734815828487, -53.89225795894902, 0.5787817060880514)
(1.956648588180542, -318.80380516236556, -122.03734815828487, -53.89225795894902, 0.5787817060880514)
(1.997302770614624, -318.80380516236556, -122.03734815828487, -53.89225795894902, 0.5893322557772613)
(2.036752700805664, -318.80380516236556, -122.03734815828487, -53.89225795894902, 0.5893322557772613)
(2.076409339904785, -318.80380516236556, -122.03734815828487, -53.89225795894902, 0.5893322557772613)
(2.116457223892212, -318.68888121339904, -122.14090069656841, -53.3471973803979, 0.5588650630759737)
(2.1566476821899414, -318.68888121339904, -122.14090069656841, -53.3471973803979, 0.5588650630759737)
(2.196883201599121, -318.68888121339904, -122.14090069656841, -53.3471973803979, 0.5588650630759737)
(2.2366538047790527, -318.68888121339904, -122.14090069656841, -53.3471973803979, 0.5210221460327134)
(2.2767629623413086, -318.68888121339904, -122.14090069656841, -53.3471973803979, 0.5210221460327134)
(2.316612482070923, -318.92983540717, -122.29960255280847, -53.434547901645644, 0.5233320027072104)
(2.3569374084472656, -318.92983540717, -122.29960255280847, -53.434547901645644, 0.5233320027072104)
(2.3968803882598877, -318.92983540717, -122.29960255280847, -53.434547901645644, 0.5233320027072104)
(2.4369449615478516, -318.92983540717, -122.29960255280847, -53.434547901645644, 0.5326430241520583)
(2.476832866668701, -318.92983540717, -122.29960255280847, -53.434547901645644, 0.5326430241520583)
(2.516646385192871, -319.10214532793805, -122.48822119335077, -54.32659814566483, 0.5183404681265067)
(2.5569920539855957, -319.10214532793805, -122.48822119335077, -54.32659814566483, 0.5183404681265067)
(2.5970802307128906, -319.10214532793805, -122.48822119335077, -54.32659814566483, 0.5183404681265067)
(2.6369152069091797, -319.10214532793805, -122.48822119335077, -54.32659814566483, 0.5193619937676637)
(2.676913022994995, -319.10214532793805, -122.48822119335077, -54.32659814566483, 0.5193619937676637)
(2.7168493270874023, -319.390174702091, -122.63591685941589, -54.96699521709399, 0.478220855789921)
(2.7572083473205566, -319.390174702091, -122.63591685941589, -54.96699521709399, 0.478220855789921)
(2.7971603870391846, -319.390174702091, -122.63591685941589, -54.96699521709399, 0.478220855789921)
(2.837089776992798, -319.390174702091, -122.63591685941589, -54.96699521709399, 0.4835074458475894)
(2.876988649368286, -319.390174702091, -122.63591685941589, -54.96699521709399, 0.4835074458475894)
(2.9169490337371826, -319.390174702091, -122.63591685941589, -54.96699521709399, 0.4835074458475894)
(2.95756459236145, -319.6824268150815, -122.94160818360673, -55.72462893363783, 0.48359096665472023)
(2.997283697128296, -319.6824268150815, -122.94160818360673, -55.72462893363783, 0.48359096665472023)
(3.0372087955474854, -319.6824268150815, -122.94160818360673, -55.72462893363783, 0.4520969674939366)
(3.0771892070770264, -319.6824268150815, -122.94160818360673, -55.72462893363783, 0.4520969674939366)
(3.1170504093170166, -319.6824268150815, -122.94160818360673, -55.72462893363783, 0.4520969674939366)
(3.1573455333709717, -320.48878457998734, -123.304480925328, -56.62962507418554, 0.4620386983820808)
(3.197420597076416, -320.48878457998734, -123.304480925328, -56.62962507418554, 0.4748043035132774)
(3.2372329235076904, -320.48878457998734, -123.304480925328, -56.62962507418554, 0.4748043035132774)
(3.277601957321167, -321.20036164616806, -123.5824124971617, -56.84096722873446, 0.4965560460936551)
(3.3171818256378174, -321.20036164616806, -123.5824124971617, -56.84096722873446, 0.4965560460936551)
(3.357745885848999, -321.20036164616806, -123.5824124971617, -56.84096722873446, 0.4965560460936551)
(3.3975670337677, -321.20036164616806, -123.5824124971617, -56.84096722873446, 0.5080565707168176)
(3.4374427795410156, -321.20036164616806, -123.5824124971617, -56.84096722873446, 0.5080565707168176)
(3.4772911071777344, -321.20036164616806, -123.5824124971617, -56.84096722873446, 0.5080565707168176)
(3.517284393310547, -321.4044088045779, -123.94242098374525, -56.648562972973, 0.49905639620958553)
(3.5576837062835693, -321.4044088045779, -123.94242098374525, -56.648562972973, 0.49905639620958553)
(3.5979044437408447, -321.4044088045779, -123.94242098374525, -56.648562972973, 0.4933728982449992)
(3.6375796794891357, -321.4044088045779, -123.94242098374525, -56.648562972973, 0.4933728982449992)
(3.677485227584839, -321.4044088045779, -123.94242098374525, -56.648562972973, 0.4933728982449992)
(3.717524290084839, -321.6796151498275, -124.55243023331147, -56.57667043505941, 0.5104088100975588)
(3.757905960083008, -321.6796151498275, -124.55243023331147, -56.57667043505941, 0.5104088100975588)
(3.7980234622955322, -321.6796151498275, -124.55243023331147, -56.57667043505941, 0.5072329685556589)
(3.837843179702759, -321.6796151498275, -124.55243023331147, -56.57667043505941, 0.5072329685556589)
(3.877669334411621, -321.6796151498275, -124.55243023331147, -56.57667043505941, 0.5072329685556589)
(3.917708396911621, -321.80796693470245, -124.89496669596346, -56.60943555223854, 0.4456976002412425)
(3.9579849243164062, -321.80796693470245, -124.89496669596346, -56.60943555223854, 0.4456976002412425)
(3.9980392456054688, -321.80796693470245, -124.89496669596346, -56.60943555223854, 0.4138886341943433)
(4.037892818450928, -321.80796693470245, -124.89496669596346, -56.60943555223854, 0.4138886341943433)
(4.077845573425293, -321.80796693470245, -124.89496669596346, -56.60943555223854, 0.4138886341943433)
(4.117760181427002, -321.52831933911386, -125.09414930656776, -56.994296036188025, 0.39633373478267586)
(4.158105373382568, -321.52831933911386, -125.09414930656776, -56.994296036188025, 0.39633373478267586)
(4.198260068893433, -321.52831933911386, -125.09414930656776, -56.994296036188025, 0.40593623913740373)
(4.23820686340332, -321.52831933911386, -125.09414930656776, -56.994296036188025, 0.40593623913740373)
(4.277986764907837, -321.52831933911386, -125.09414930656776, -56.994296036188025, 0.40593623913740373)
(4.318146705627441, -321.3390736740063, -125.24044045679466, -57.46465747482759, 0.39462758793513686)
(4.3584208488464355, -321.3390736740063, -125.24044045679466, -57.46465747482759, 0.39462758793513686)
(4.398537635803223, -321.3390736740063, -125.24044045679466, -57.46465747482759, 0.39462758793513686)
(4.438380718231201, -321.3390736740063, -125.24044045679466, -57.46465747482759, 0.4036969847071319)
(4.478318452835083, -321.3390736740063, -125.24044045679466, -57.46465747482759, 0.4036969847071319)
(4.518265008926392, -321.24615405563134, -124.9669660674288, -57.408308955044376, 0.4063797971828045)
(4.558712482452393, -321.24615405563134, -124.9669660674288, -57.408308955044376, 0.4063797971828045)
(4.5987091064453125, -321.24615405563134, -124.9669660674288, -57.408308955044376, 0.4063797971828045)
(4.6385414600372314, -321.24615405563134, -124.9669660674288, -57.408308955044376, 0.4104456170173414)
(4.678373098373413, -321.24615405563134, -124.9669660674288, -57.408308955044376, 0.4104456170173414)
(4.718538999557495, -321.0889521470756, -124.64574728144177, -57.49266452932756, 0.3926956432029556)
(4.758786916732788, -321.0889521470756, -124.64574728144177, -57.49266452932756, 0.3926956432029556)
(4.799112558364868, -321.0889521470756, -124.64574728144177, -57.49266452932756, 0.3926956432029556)
(4.839126348495483, -321.0889521470756, -124.64574728144177, -57.49266452932756, 0.38337290261380375)
(4.878893136978149, -321.0889521470756, -124.64574728144177, -57.49266452932756, 0.38337290261380375)
(4.9200849533081055, -321.5069185724625, -124.48241359394463, -57.668206138135886, 0.38420798473790896)
(4.959255695343018, -321.5069185724625, -124.48241359394463, -57.668206138135886, 0.38420798473790896)
(4.999631404876709, -321.5069185724625, -124.48241359394463, -57.668206138135886, 0.38420798473790896)
(5.039672374725342, -321.5069185724625, -124.48241359394463, -57.668206138135886, 0.3915551644127184)
(5.079553842544556, -321.5069185724625, -124.48241359394463, -57.668206138135886, 0.3915551644127184)
(5.119677543640137, -321.85152097784066, -124.12960749951688, -57.65108782681862, 0.39518879323001244)
(5.15981650352478, -321.85152097784066, -124.12960749951688, -57.65108782681862, 0.39518879323001244)
(5.199926853179932, -321.85152097784066, -124.12960749951688, -57.65108782681862, 0.39518879323001244)
(5.2397966384887695, -321.85152097784066, -124.12960749951688, -57.65108782681862, 0.3725547624029737)
(5.279726266860962, -321.85152097784066, -124.12960749951688, -57.65108782681862, 0.3725547624029737)
(5.319770812988281, -321.85152097784066, -124.12960749951688, -57.65108782681862, 0.3725547624029737)
(5.360032081604004, -322.24878604363806, -123.78088547776252, -57.54858599592191, 0.38935806220121805)
(5.400192975997925, -322.24878604363806, -123.78088547776252, -57.54858599592191, 0.38935806220121805)
(5.440053224563599, -322.24878604363806, -123.78088547776252, -57.54858599592191, 0.3895184015499673)
(5.4799277782440186, -322.84789407167284, -123.4300646878674, -57.45235998478895, 0.42753639651060027)
(5.520152568817139, -322.84789407167284, -123.4300646878674, -57.45235998478895, 0.42753639651060027)
(5.560308456420898, -322.84789407167284, -123.4300646878674, -57.45235998478895, 0.42753639651060027)
(5.600555181503296, -322.84789407167284, -123.4300646878674, -57.45235998478895, 0.4374627692985129)
(5.640267848968506, -322.84789407167284, -123.4300646878674, -57.45235998478895, 0.4374627692985129)
(5.6801159381866455, -322.84789407167284, -123.4300646878674, -57.45235998478895, 0.4374627692985129)
(5.7201828956604, -323.329992255128, -123.1294503872615, -57.28232163960526, 0.44784999556602045)
(5.7604286670684814, -323.329992255128, -123.1294503872615, -57.28232163960526, 0.44784999556602045)
(5.800616025924683, -323.329992255128, -123.1294503872615, -57.28232163960526, 0.46965102898176525)
(5.84062647819519, -323.329992255128, -123.1294503872615, -57.28232163960526, 0.46965102898176525)
(5.880429983139038, -323.329992255128, -123.1294503872615, -57.28232163960526, 0.46965102898176525)
(5.9205992221832275, -324.12259266385206, -123.10357933856035, -57.14700219259286, 0.4852252967214383)
(5.9607555866241455, -324.12259266385206, -123.10357933856035, -57.14700219259286, 0.4852252967214383)
(6.000837326049805, -324.12259266385206, -123.10357933856035, -57.14700219259286, 0.5050277390291349)
(6.04066014289856, -324.12259266385206, -123.10357933856035, -57.14700219259286, 0.5050277390291349)
(6.080649137496948, -324.12259266385206, -123.10357933856035, -57.14700219259286, 0.5050277390291349)
(6.120702028274536, -324.42933648310736, -123.31553501426622, -57.325396985385254, 0.5112919941926499)
(6.160842180252075, -324.42933648310736, -123.31553501426622, -57.325396985385254, 0.5112919941926499)
(6.201432704925537, -324.42933648310736, -123.31553501426622, -57.325396985385254, 0.5027591876090121)
(6.241264343261719, -324.42933648310736, -123.31553501426622, -57.325396985385254, 0.5027591876090121)
(6.2811620235443115, -324.42933648310736, -123.31553501426622, -57.325396985385254, 0.5027591876090121)
(6.3212926387786865, -324.74559123866993, -123.63862086613581, -57.40136302506984, 0.5104934493736941)
(6.361332654953003, -324.74559123866993, -123.63862086613581, -57.40136302506984, 0.5104934493736941)
(6.401601076126099, -324.74559123866993, -123.63862086613581, -57.40136302506984, 0.5763080757236274)
(6.441923141479492, -324.74559123866993, -123.63862086613581, -57.40136302506984, 0.5763080757236274)
(6.481344699859619, -324.74559123866993, -123.63862086613581, -57.40136302506984, 0.5763080757236274)
(6.521608591079712, -324.8562095162272, -123.65455394321341, -57.17782064969728, 0.6069505313555794)
(6.561816215515137, -324.8562095162272, -123.65455394321341, -57.17782064969728, 0.6069505313555794)
(6.602159261703491, -324.8562095162272, -123.65455394321341, -57.17782064969728, 0.5686408284418825)
(6.641949892044067, -324.8562095162272, -123.65455394321341, -57.17782064969728, 0.5686408284418825)
(6.681753635406494, -324.8562095162272, -123.65455394321341, -57.17782064969728, 0.5686408284418825)
(6.721927881240845, -323.8920293547412, -123.87287686138433, -56.60643158596814, 0.603436745108219)
(6.7620837688446045, -323.8920293547412, -123.87287686138433, -56.60643158596814, 0.603436745108219)
(6.8025946617126465, -323.8920293547412, -123.87287686138433, -56.60643158596814, 0.603436745108219)
(6.8425891399383545, -323.8920293547412, -123.87287686138433, -56.60643158596814, 0.6483492954588499)
(6.882488489151001, -323.8920293547412, -123.87287686138433, -56.60643158596814, 0.6483492954588499)
(6.922614574432373, -323.1470618583894, -123.86681992024296, -55.919297095216635, 0.6854102335843386)
(6.962768793106079, -323.1470618583894, -123.86681992024296, -55.919297095216635, 0.6854102335843386)
(7.002744913101196, -323.1470618583894, -123.86681992024296, -55.919297095216635, 0.6854102335843386)
(7.042700290679932, -323.1470618583894, -123.86681992024296, -55.919297095216635, 0.6662879727577966)
(7.082658529281616, -323.1470618583894, -123.86681992024296, -55.919297095216635, 0.6662879727577966)
(7.122821807861328, -322.17854030660004, -123.6728895561487, -55.421732084635934, 0.6727061316379874)
(7.162845611572266, -322.17854030660004, -123.6728895561487, -55.421732084635934, 0.6727061316379874)
(7.202813148498535, -322.17854030660004, -123.6728895561487, -55.421732084635934, 0.6727061316379874)
(7.242907524108887, -322.17854030660004, -123.6728895561487, -55.421732084635934, 0.6726321893684784)
(7.282756567001343, -322.17854030660004, -123.6728895561487, -55.421732084635934, 0.6726321893684784)
(7.322988033294678, -321.56849712840284, -123.68393166690197, -55.05857685912382, 0.6859153607213706)
(7.362973690032959, -321.56849712840284, -123.68393166690197, -55.05857685912382, 0.6859153607213706)
(7.4029340744018555, -321.56849712840284, -123.68393166690197, -55.05857685912382, 0.6859153607213706)
(7.443053245544434, -321.56849712840284, -123.68393166690197, -55.05857685912382, 0.715990209347563)
(7.482986211776733, -321.56849712840284, -123.68393166690197, -55.05857685912382, 0.715990209347563)
(7.523070812225342, -321.88363523511407, -123.60583161208697, -55.0936518582913, 0.7412357515690893)
(7.5630738735198975, -321.88363523511407, -123.60583161208697, -55.0936518582913, 0.7412357515690893)
(7.603174209594727, -321.88363523511407, -123.60583161208697, -55.0936518582913, 0.7412357515690893)
(7.6430792808532715, -321.88363523511407, -123.60583161208697, -55.0936518582913, 0.7938278521495334)
(7.682961702346802, -322.38574710793034, -123.40788517431916, -55.24768207385157, 0.8286473536894015)
(7.723237752914429, -322.38574710793034, -123.40788517431916, -55.24768207385157, 0.8286473536894015)
(7.763163328170776, -322.38574710793034, -123.40788517431916, -55.24768207385157, 0.8286473536894015)
(7.803234338760376, -322.38574710793034, -123.40788517431916, -55.24768207385157, 0.8263832491040191)
(7.843277215957642, -322.38574710793034, -123.40788517431916, -55.24768207385157, 0.8263832491040191)
(7.8831117153167725, -323.2989473669046, -123.25305307218218, -56.141077277307154, 0.8182403151177091)
(7.9236297607421875, -323.2989473669046, -123.25305307218218, -56.141077277307154, 0.8182403151177091)
(7.963341236114502, -323.2989473669046, -123.25305307218218, -56.141077277307154, 0.8182403151177091)
(8.00330662727356, -323.2989473669046, -123.25305307218218, -56.141077277307154, 0.8323360193028329)
(8.043369054794312, -323.2989473669046, -123.25305307218218, -56.141077277307154, 0.8323360193028329)
(8.083269596099854, -323.2989473669046, -123.25305307218218, -56.141077277307154, 0.8323360193028329)
(8.123384237289429, -324.6471167087393, -123.01457801378534, -56.99469078130383, 0.8652642445200378)
(8.163478374481201, -324.6471167087393, -123.01457801378534, -56.99469078130383, 0.8652642445200378)
(8.20372724533081, -324.6471167087393, -123.01457801378534, -56.99469078130383, 0.7781025759521718)
(8.243680000305176, -324.6471167087393, -123.01457801378534, -56.99469078130383, 0.7781025759521718)
(8.283553838729858, -324.6471167087393, -123.01457801378534, -56.99469078130383, 0.7781025759521718)
(8.323694705963135, -325.4103653193793, -122.69910938145398, -57.26749511563912, 0.7540362268245921)
(8.363843441009521, -325.4103653193793, -122.69910938145398, -57.26749511563912, 0.7540362268245921)
(8.403810501098633, -325.4103653193793, -122.69910938145398, -57.26749511563912, 0.7563621054581162)
(8.44385576248169, -325.4103653193793, -122.69910938145398, -57.26749511563912, 0.7563621054581162)
(8.483667373657227, -325.4103653193793, -122.69910938145398, -57.26749511563912, 0.7563621054581162)
(8.523874759674072, -326.28732363270944, -122.18017080373818, -56.58290380739873, 0.6953512180424504)
(8.563982009887695, -326.28732363270944, -122.18017080373818, -56.58290380739873, 0.6953512180424504)
(8.603986978530884, -326.28732363270944, -122.18017080373818, -56.58290380739873, 0.6296330526811253)
(8.643930196762085, -326.28732363270944, -122.18017080373818, -56.58290380739873, 0.6296330526811253)
(8.683803081512451, -326.28732363270944, -122.18017080373818, -56.58290380739873, 0.6296330526811253)
(8.724204063415527, -325.99586343276735, -121.77730132361599, -55.36172327157393, 0.5967572205741902)
(8.764270544052124, -325.99586343276735, -121.77730132361599, -55.36172327157393, 0.5967572205741902)
(8.804100275039673, -325.99586343276735, -121.77730132361599, -55.36172327157393, 0.5854527355801515)
(8.844125747680664, -325.99586343276735, -121.77730132361599, -55.36172327157393, 0.5854527355801515)
(8.884056091308594, -325.99586343276735, -121.77730132361599, -55.36172327157393, 0.5854527355801515)
(8.924212217330933, -324.94661543201977, -121.13310446301844, -54.31887906203865, 0.5762476255836653)
(8.964407682418823, -324.94661543201977, -121.13310446301844, -54.31887906203865, 0.5762476255836653)
(9.004381895065308, -324.94661543201977, -121.13310446301844, -54.31887906203865, 0.5944045213328799)
(9.044310331344604, -324.94661543201977, -121.13310446301844, -54.31887906203865, 0.5944045213328799)
(9.084284543991089, -324.94661543201977, -121.13310446301844, -54.31887906203865, 0.5944045213328799)
(9.12454080581665, -323.97039879314025, -120.46111258435548, -53.75665837037155, 0.6212531634890262)
(9.164579153060913, -323.97039879314025, -120.46111258435548, -53.75665837037155, 0.6212531634890262)
(9.204408407211304, -323.97039879314025, -120.46111258435548, -53.75665837037155, 0.6212531634890262)
(9.244389295578003, -323.97039879314025, -120.46111258435548, -53.75665837037155, 0.5907403153739565)
(9.284365892410278, -323.97039879314025, -120.46111258435548, -53.75665837037155, 0.5907403153739565)
(9.324707984924316, -322.4031368367919, -119.97929198680899, -53.678759437678764, 0.5805321993006594)
(9.364739656448364, -322.4031368367919, -119.97929198680899, -53.678759437678764, 0.5805321993006594)
(9.404609680175781, -322.4031368367919, -119.97929198680899, -53.678759437678764, 0.5805321993006594)
(9.444514751434326, -322.4031368367919, -119.97929198680899, -53.678759437678764, 0.5522361140108494)
(9.484519481658936, -322.4031368367919, -119.97929198680899, -53.678759437678764, 0.5522361140108494)
(9.524744510650635, -321.28604252389243, -119.67051526151313, -54.080505319617046, 0.535230838284857)
(9.564864158630371, -321.28604252389243, -119.67051526151313, -54.080505319617046, 0.535230838284857)
(9.60475778579712, -321.28604252389243, -119.67051526151313, -54.080505319617046, 0.535230838284857)
(9.644684314727783, -321.28604252389243, -119.67051526151313, -54.080505319617046, 0.5273118365666996)
(9.684679746627808, -321.28604252389243, -119.67051526151313, -54.080505319617046, 0.5273118365666996)
(9.725088119506836, -320.76698616229595, -119.54377958781473, -54.051807009103676, 0.54115339814782)
(9.765036344528198, -320.76698616229595, -119.54377958781473, -54.051807009103676, 0.54115339814782)
(9.80500602722168, -320.76698616229595, -119.54377958781473, -54.051807009103676, 0.54115339814782)
(9.844922065734863, -320.76698616229595, -119.54377958781473, -54.051807009103676, 0.5202005223943971)
(9.885010480880737, -320.76698616229595, -119.54377958781473, -54.051807009103676, 0.5202005223943971)
(9.925480127334595, -320.2268985350174, -119.65931928176201, -53.93663114988944, 0.510859875413594)
(9.965252161026001, -320.2268985350174, -119.65931928176201, -53.93663114988944, 0.510859875413594)
(10.00516963005066, -320.2268985350174, -119.65931928176201, -53.93663114988944, 0.5197917176913833)
(10.045087099075317, -320.2268985350174, -119.65931928176201, -53.93663114988944, 0.5197917176913833)
(10.085199356079102, -320.4441538201101, -119.8138172999119, -54.01077967115148, 0.5052390759496781)
(10.12540602684021, -320.4441538201101, -119.8138172999119, -54.01077967115148, 0.5052390759496781)
(10.165499210357666, -320.4441538201101, -119.8138172999119, -54.01077967115148, 0.5052390759496781)
(10.205331802368164, -320.4441538201101, -119.8138172999119, -54.01077967115148, 0.5049293601798546)
(10.245351552963257, -320.4441538201101, -119.8138172999119, -54.01077967115148, 0.5049293601798546)
(10.28536605834961, -321.12502226302394, -119.48030360401881, -54.41467182167422, 0.5072544344202718)
(10.325407981872559, -321.12502226302394, -119.48030360401881, -54.41467182167422, 0.5072544344202718)
(10.36594271659851, -321.12502226302394, -119.48030360401881, -54.41467182167422, 0.5072544344202718)
(10.405554056167603, -321.12502226302394, -119.48030360401881, -54.41467182167422, 0.5033507245798496)
(10.44557809829712, -321.12502226302394, -119.48030360401881, -54.41467182167422, 0.5033507245798496)
(10.485522747039795, -321.12502226302394, -119.48030360401881, -54.41467182167422, 0.5033507245798496)
(10.525705099105835, -321.8735569001654, -119.30078375462186, -55.25909520873305, 0.5146206170854413)
(10.566054582595825, -321.8735569001654, -119.30078375462186, -55.25909520873305, 0.5146206170854413)
(10.605751276016235, -321.8735569001654, -119.30078375462186, -55.25909520873305, 0.5505666298939396)
(10.645665407180786, -321.8735569001654, -119.30078375462186, -55.25909520873305, 0.5505666298939396)
(10.685586214065552, -321.8735569001654, -119.30078375462186, -55.25909520873305, 0.5505666298939396)
(10.725923776626587, -322.53775766667894, -119.41674895904504, -55.86384845382473, 0.5295750763110973)
(10.76603364944458, -322.53775766667894, -119.41674895904504, -55.86384845382473, 0.5295750763110973)
(10.805888175964355, -322.53775766667894, -119.41674895904504, -55.86384845382473, 0.5169706391106139)
(10.845760107040405, -322.53775766667894, -119.41674895904504, -55.86384845382473, 0.5169706391106139)
(10.885769605636597, -322.53775766667894, -119.41674895904504, -55.86384845382473, 0.5169706391106139)
(10.926014184951782, -323.14500809904035, -119.54584737392645, -56.4775167795771, 0.5152130230166883)
(10.966105937957764, -323.14500809904035, -119.54584737392645, -56.4775167795771, 0.5152130230166883)
(11.006037950515747, -323.14500809904035, -119.54584737392645, -56.4775167795771, 0.5374512447779018)
(11.045851945877075, -323.14500809904035, -119.54584737392645, -56.4775167795771, 0.5374512447779018)
(11.085952281951904, -323.14500809904035, -119.54584737392645, -56.4775167795771, 0.5374512447779018)
(11.126230239868164, -323.5277091590015, -119.65769736573604, -56.92466248040174, 0.5115434966581169)
(11.166334629058838, -323.5277091590015, -119.65769736573604, -56.92466248040174, 0.5115434966581169)
(11.20611572265625, -323.5277091590015, -119.65769736573604, -56.92466248040174, 0.5115434966581169)
(11.2460777759552, -323.5277091590015, -119.65769736573604, -56.92466248040174, 0.534413529784068)
(11.286109447479248, -323.5277091590015, -119.65769736573604, -56.92466248040174, 0.534413529784068)
(11.326242923736572, -324.12017220210345, -119.87107798377853, -57.14565472108729, 0.5152972863873941)
(11.366415977478027, -324.12017220210345, -119.87107798377853, -57.14565472108729, 0.5152972863873941)
(11.406256437301636, -324.12017220210345, -119.87107798377853, -57.14565472108729, 0.5152972863873941)
(11.446190118789673, -324.12017220210345, -119.87107798377853, -57.14565472108729, 0.5178459258200228)
(11.486995935440063, -324.12017220210345, -119.87107798377853, -57.14565472108729, 0.5178459258200228)
(11.526547908782959, -324.65029084172033, -119.39529942993428, -57.13949477425318, 0.510105126336498)
(11.566497325897217, -324.65029084172033, -119.39529942993428, -57.13949477425318, 0.510105126336498)
(11.606459617614746, -324.65029084172033, -119.39529942993428, -57.13949477425318, 0.510105126336498)
(11.646430492401123, -324.65029084172033, -119.39529942993428, -57.13949477425318, 0.5049183900255407)
(11.686455965042114, -324.65029084172033, -119.39529942993428, -57.13949477425318, 0.5049183900255407)
(11.726630449295044, -324.7532986638988, -119.52536340916735, -57.00671967836651, 0.5341176558491547)
(11.766900777816772, -324.7532986638988, -119.52536340916735, -57.00671967836651, 0.5341176558491547)
(11.806941747665405, -324.7532986638988, -119.52536340916735, -57.00671967836651, 0.5341176558491547)
(11.846793413162231, -324.7532986638988, -119.52536340916735, -57.00671967836651, 0.5436624446863512)
(11.886821985244751, -324.7532986638988, -119.52536340916735, -57.00671967836651, 0.5436624446863512)
(11.927215814590454, -324.4552799075037, -119.35466313811483, -56.858659297041775, 0.5235494246610877)
(11.967084646224976, -324.4552799075037, -119.35466313811483, -56.858659297041775, 0.5235494246610877)
(12.006996393203735, -324.4552799075037, -119.35466313811483, -56.858659297041775, 0.5235494246610877)
(12.046904563903809, -324.4552799075037, -119.35466313811483, -56.858659297041775, 0.5476969120452857)
(12.087509393692017, -324.1838514358079, -119.3146375438186, -56.64295879279001, 0.5463984112877434)
(12.127260446548462, -324.1838514358079, -119.3146375438186, -56.64295879279001, 0.5463984112877434)
(12.16717529296875, -324.1838514358079, -119.3146375438186, -56.64295879279001, 0.5463984112877434)
(12.207122564315796, -324.1838514358079, -119.3146375438186, -56.64295879279001, 0.5303670340476963)
(12.24704885482788, -324.1838514358079, -119.3146375438186, -56.64295879279001, 0.5303670340476963)
(12.28746485710144, -323.8604852219181, -119.24268368678989, -56.37053844504094, 0.5370681487106665)
(12.327258825302124, -323.8604852219181, -119.24268368678989, -56.37053844504094, 0.5370681487106665)
(12.367165565490723, -323.8604852219181, -119.24268368678989, -56.37053844504094, 0.5370681487106665)
(12.407256603240967, -323.8604852219181, -119.24268368678989, -56.37053844504094, 0.6071718247541931)
(12.447210788726807, -323.8604852219181, -119.24268368678989, -56.37053844504094, 0.6071718247541931)
(12.487810134887695, -323.8604852219181, -119.24268368678989, -56.37053844504094, 0.6071718247541931)
(12.527522563934326, -323.7938823414459, -119.07195662035485, -55.58328367985288, 0.5890084491257923)
(12.56742525100708, -323.7938823414459, -119.07195662035485, -55.58328367985288, 0.5890084491257923)
(12.607439041137695, -323.7938823414459, -119.07195662035485, -55.58328367985288, 0.5750846962829996)
(12.647295475006104, -323.7938823414459, -119.07195662035485, -55.58328367985288, 0.5750846962829996)
(12.68793511390686, -323.7938823414459, -119.07195662035485, -55.58328367985288, 0.5750846962829996)
(12.72758173942566, -324.15833392083084, -119.34378316778188, -55.38973360815967, 0.5712385442453716)
(12.767777442932129, -324.15833392083084, -119.34378316778188, -55.38973360815967, 0.5712385442453716)
(12.807578802108765, -324.15833392083084, -119.34378316778188, -55.38973360815967, 0.5610627138419346)
(12.847530364990234, -324.15833392083084, -119.34378316778188, -55.38973360815967, 0.5610627138419346)
(12.887707710266113, -324.15833392083084, -119.34378316778188, -55.38973360815967, 0.5610627138419346)
(12.927873134613037, -324.45696496991764, -119.79648714718259, -55.8183597511119, 0.6084672039278516)
(12.968161344528198, -324.45696496991764, -119.79648714718259, -55.8183597511119, 0.6084672039278516)
(13.008115291595459, -324.45696496991764, -119.79648714718259, -55.8183597511119, 0.6526433183555973)
(13.047990322113037, -324.45696496991764, -119.79648714718259, -55.8183597511119, 0.6526433183555973)
(13.088770389556885, -324.45696496991764, -119.79648714718259, -55.8183597511119, 0.6526433183555973)
(13.12832236289978, -324.78194868135364, -119.75709128931346, -56.720332071970255, 0.6439851551745761)
(13.168315649032593, -324.78194868135364, -119.75709128931346, -56.720332071970255, 0.6439851551745761)
(13.2081778049469, -324.78194868135364, -119.75709128931346, -56.720332071970255, 0.6430877833312216)
(13.24807095527649, -324.78194868135364, -119.75709128931346, -56.720332071970255, 0.6430877833312216)
(13.288370370864868, -324.78194868135364, -119.75709128931346, -56.720332071970255, 0.6430877833312216)
(13.328434467315674, -324.8416755531738, -119.80359584926492, -57.242741881403056, 0.6626828449444737)
(13.368637323379517, -324.8416755531738, -119.80359584926492, -57.242741881403056, 0.6626828449444737)
(13.408524751663208, -324.8416755531738, -119.80359584926492, -57.242741881403056, 0.681916698253211)
(13.44837498664856, -324.8416755531738, -119.80359584926492, -57.242741881403056, 0.681916698253211)
(13.488869428634644, -324.8416755531738, -119.80359584926492, -57.242741881403056, 0.681916698253211)
(13.528666734695435, -324.37745200203165, -119.4108151462274, -56.154818067681866, 0.6908538481889188)
(13.568596124649048, -324.37745200203165, -119.4108151462274, -56.154818067681866, 0.6908538481889188)
(13.608585357666016, -324.37745200203165, -119.4108151462274, -56.154818067681866, 0.6908538481889188)
(13.648435592651367, -324.37745200203165, -119.4108151462274, -56.154818067681866, 0.7757366312797416)
(13.688660860061646, -324.37745200203165, -119.4108151462274, -56.154818067681866, 0.7757366312797416)
(13.728716850280762, -323.92627674701095, -118.96347523943862, -55.002374740130904, 0.7819246636061443)
(13.768964767456055, -323.92627674701095, -118.96347523943862, -55.002374740130904, 0.7819246636061443)
(13.808920860290527, -323.92627674701095, -118.96347523943862, -55.002374740130904, 0.7819246636061443)
(13.84886646270752, -323.92627674701095, -118.96347523943862, -55.002374740130904, 0.7668517591249291)
(13.889259576797485, -323.92627674701095, -118.96347523943862, -55.002374740130904, 0.7668517591249291)
(13.929178714752197, -323.40987880279096, -118.59483016436297, -54.29235637262385, 0.7370863979529325)
(13.9693922996521, -323.40987880279096, -118.59483016436297, -54.29235637262385, 0.7370863979529325)
(14.009305477142334, -323.40987880279096, -118.59483016436297, -54.29235637262385, 0.7370863979529325)
(14.049234867095947, -323.40987880279096, -118.59483016436297, -54.29235637262385, 0.7457547851342099)
(14.089448928833008, -323.40987880279096, -118.59483016436297, -54.29235637262385, 0.7457547851342099)
(14.129855394363403, -322.78411242584775, -118.20601567115523, -54.18089030527745, 0.7786116292596041)
(14.16943073272705, -322.78411242584775, -118.20601567115523, -54.18089030527745, 0.7786116292596041)
(14.209515810012817, -322.78411242584775, -118.20601567115523, -54.18089030527745, 0.7630068971454378)
(14.249457836151123, -322.78411242584775, -118.20601567115523, -54.18089030527745, 0.7630068971454378)
(14.289663314819336, -322.2039934503294, -117.89584906448492, -54.7946608810164, 0.781108065925082)
(14.329786777496338, -322.2039934503294, -117.89584906448492, -54.7946608810164, 0.781108065925082)
(14.369547367095947, -322.2039934503294, -117.89584906448492, -54.7946608810164, 0.781108065925082)
(14.409728765487671, -322.2039934503294, -117.89584906448492, -54.7946608810164, 0.7088799840294584)
(14.449565172195435, -322.2039934503294, -117.89584906448492, -54.7946608810164, 0.7088799840294584)
(14.489843845367432, -321.5334858084857, -117.54624466745483, -55.19679040296801, 0.63801148991341)
(14.529821634292603, -321.5334858084857, -117.54624466745483, -55.19679040296801, 0.63801148991341)
(14.569921016693115, -321.5334858084857, -117.54624466745483, -55.19679040296801, 0.63801148991341)
(14.609707355499268, -321.5334858084857, -117.54624466745483, -55.19679040296801, 0.6286821823409738)
(14.64974069595337, -321.5334858084857, -117.54624466745483, -55.19679040296801, 0.6286821823409738)
(14.689939975738525, -320.751263809736, -117.09122820092429, -55.252623579987265, 0.6005433386964363)
(14.730156183242798, -320.751263809736, -117.09122820092429, -55.252623579987265, 0.6005433386964363)
(14.77009916305542, -320.751263809736, -117.09122820092429, -55.252623579987265, 0.6005433386964363)
(14.809861183166504, -320.751263809736, -117.09122820092429, -55.252623579987265, 0.6135549515850158)
(14.849982261657715, -320.751263809736, -117.09122820092429, -55.252623579987265, 0.6135549515850158)
(14.890395164489746, -321.07389128678403, -117.36163173445561, -55.60237609792506, 0.60436615591669)
(14.929973125457764, -321.07389128678403, -117.36163173445561, -55.60237609792506, 0.60436615591669)
(14.970105171203613, -321.07389128678403, -117.36163173445561, -55.60237609792506, 0.60436615591669)
(15.010038375854492, -321.07389128678403, -117.36163173445561, -55.60237609792506, 0.5579930359313856)
(15.050148963928223, -321.07389128678403, -117.36163173445561, -55.60237609792506, 0.5579930359313856)
(15.090563774108887, -321.07389128678403, -117.36163173445561, -55.60237609792506, 0.5579930359313856)
(15.130198001861572, -321.3013779720075, -117.74848224966712, -56.25360249972182, 0.5163102869663128)
(15.170180797576904, -321.3013779720075, -117.74848224966712, -56.25360249972182, 0.5163102869663128)
(15.210194826126099, -321.3013779720075, -117.74848224966712, -56.25360249972182, 0.4992605226912268)
(15.25027322769165, -321.3013779720075, -117.74848224966712, -56.25360249972182, 0.4992605226912268)
(15.29029631614685, -321.3013779720075, -117.74848224966712, -56.25360249972182, 0.4992605226912268)
(15.33055305480957, -322.2969998240046, -118.19824232229202, -56.90714403910557, 0.5152451629745158)
(15.370304107666016, -322.2969998240046, -118.19824232229202, -56.90714403910557, 0.5152451629745158)
(15.410586833953857, -322.2969998240046, -118.19824232229202, -56.90714403910557, 0.5556084691275132)
(15.450250148773193, -322.2969998240046, -118.19824232229202, -56.90714403910557, 0.5556084691275132)
(15.490391731262207, -322.2969998240046, -118.19824232229202, -56.90714403910557, 0.5556084691275132)
(15.53056526184082, -323.5571658477222, -118.17882982005537, -57.76591257247487, 0.5486035620512304)
(15.570811986923218, -323.5571658477222, -118.17882982005537, -57.76591257247487, 0.5486035620512304)
(15.611078262329102, -323.5571658477222, -118.17882982005537, -57.76591257247487, 0.5922722721474827)
(15.650721788406372, -323.5571658477222, -118.17882982005537, -57.76591257247487, 0.5922722721474827)
(15.691094636917114, -323.5571658477222, -118.17882982005537, -57.76591257247487, 0.5922722721474827)
(15.730896711349487, -324.0569012815902, -118.72082149505636, -58.24386089896924, 0.5746099863633596)
(15.771121740341187, -324.0569012815902, -118.72082149505636, -58.24386089896924, 0.5746099863633596)
(15.811137199401855, -324.0569012815902, -118.72082149505636, -58.24386089896924, 0.589691111961141)
(15.850918292999268, -324.0569012815902, -118.72082149505636, -58.24386089896924, 0.589691111961141)
(15.891069173812866, -324.0569012815902, -118.72082149505636, -58.24386089896924, 0.589691111961141)
(15.930979251861572, -324.29821000576464, -118.83209150699878, -58.778277089401676, 0.5952791081158004)
(15.971071481704712, -324.29821000576464, -118.83209150699878, -58.778277089401676, 0.5952791081158004)
(16.01107883453369, -324.29821000576464, -118.83209150699878, -58.778277089401676, 0.5952791081158004)
(16.050943851470947, -324.29821000576464, -118.83209150699878, -58.778277089401676, 0.5972135566114041)
(16.09112524986267, -324.29821000576464, -118.83209150699878, -58.778277089401676, 0.5972135566114041)
(16.13105869293213, -323.9971540284494, -119.10821312067884, -58.560003828879225, 0.5795058213239557)
(16.17128276824951, -323.9971540284494, -119.10821312067884, -58.560003828879225, 0.5795058213239557)
(16.21109104156494, -323.9971540284494, -119.10821312067884, -58.560003828879225, 0.5795058213239557)
(16.25114870071411, -323.9971540284494, -119.10821312067884, -58.560003828879225, 0.5905169259377736)
(16.29128336906433, -323.9971540284494, -119.10821312067884, -58.560003828879225, 0.5905169259377736)
(16.331549167633057, -322.79344155844467, -119.18758802255073, -58.17868036272752, 0.5925331325867766)
(16.371148109436035, -322.79344155844467, -119.18758802255073, -58.17868036272752, 0.5925331325867766)
(16.411207675933838, -322.79344155844467, -119.18758802255073, -58.17868036272752, 0.5848276583276721)
(16.45133638381958, -322.79344155844467, -119.18758802255073, -58.17868036272752, 0.5848276583276721)
(16.491353034973145, -321.47515332831244, -118.86462105496176, -57.64250459017795, 0.5595315104227438)
(16.531489610671997, -321.47515332831244, -118.86462105496176, -57.64250459017795, 0.5595315104227438)
(16.57153582572937, -321.47515332831244, -118.86462105496176, -57.64250459017795, 0.5595315104227438)
(16.611268520355225, -321.47515332831244, -118.86462105496176, -57.64250459017795, 0.6041435570266422)
(16.65131950378418, -321.47515332831244, -118.86462105496176, -57.64250459017795, 0.6041435570266422)
(16.691733598709106, -321.1441298257184, -118.52979058365398, -57.06194748626099, 0.6338583342805002)
(16.731800317764282, -321.1441298257184, -118.52979058365398, -57.06194748626099, 0.6338583342805002)
(16.771861791610718, -321.1441298257184, -118.52979058365398, -57.06194748626099, 0.6338583342805002)
(16.81157660484314, -321.1441298257184, -118.52979058365398, -57.06194748626099, 0.5891141697206841)
(16.85177445411682, -321.1441298257184, -118.52979058365398, -57.06194748626099, 0.5891141697206841)
(16.892053604125977, -320.6821128465721, -118.33768841351987, -57.11567071572798, 0.5588041707738611)
(16.931786060333252, -320.6821128465721, -118.33768841351987, -57.11567071572798, 0.5588041707738611)
(16.971783876419067, -320.6821128465721, -118.33768841351987, -57.11567071572798, 0.5588041707738611)
(17.01223111152649, -320.6821128465721, -118.33768841351987, -57.11567071572798, 0.5557269092344796)
(17.051711559295654, -320.6821128465721, -118.33768841351987, -57.11567071572798, 0.5557269092344796)
(17.092177391052246, -321.8346207649428, -117.94625627257939, -56.81709990365086, 0.5523746167591774)
(17.131914377212524, -321.8346207649428, -117.94625627257939, -56.81709990365086, 0.5523746167591774)
(17.171854734420776, -321.8346207649428, -117.94625627257939, -56.81709990365086, 0.5523746167591774)
(17.211819171905518, -321.8346207649428, -117.94625627257939, -56.81709990365086, 0.5401787645068339)
(17.251989603042603, -321.8346207649428, -117.94625627257939, -56.81709990365086, 0.5401787645068339)
(17.292129516601562, -321.8346207649428, -117.94625627257939, -56.81709990365086, 0.5401787645068339)
(17.332205772399902, -322.7167168104661, -117.81457581022757, -56.33772716240498, 0.5983874073129059)
(17.37219476699829, -322.7167168104661, -117.81457581022757, -56.33772716240498, 0.5983874073129059)
(17.412001371383667, -322.7167168104661, -117.81457581022757, -56.33772716240498, 0.5728472364952104)
(17.452272176742554, -322.7167168104661, -117.81457581022757, -56.33772716240498, 0.5728472364952104)
(17.492316722869873, -322.7167168104661, -117.81457581022757, -56.33772716240498, 0.5728472364952104)
(17.53225612640381, -323.30036657073225, -117.57631886165527, -55.99818773540282, 0.5880658445355849)
(17.572266578674316, -323.30036657073225, -117.57631886165527, -55.99818773540282, 0.5880658445355849)
(17.61265993118286, -323.30036657073225, -117.57631886165527, -55.99818773540282, 0.6128556774589988)
(17.652753114700317, -323.30036657073225, -117.57631886165527, -55.99818773540282, 0.6128556774589988)
(17.693281173706055, -323.30036657073225, -117.57631886165527, -55.99818773540282, 0.6128556774589988)
(17.732666492462158, -324.086538896516, -117.6740400558036, -55.56989303888801, 0.617425044185584)
(17.772642612457275, -324.086538896516, -117.6740400558036, -55.56989303888801, 0.617425044185584)
(17.81287384033203, -324.086538896516, -117.6740400558036, -55.56989303888801, 0.6097420781513208)
(17.852747201919556, -324.086538896516, -117.6740400558036, -55.56989303888801, 0.6097420781513208)
(17.89291739463806, -324.086538896516, -117.6740400558036, -55.56989303888801, 0.6097420781513208)
(17.933228015899658, -324.55097281655475, -118.02651525657987, -55.6313500247065, 0.5865447157121082)
(17.97318696975708, -324.55097281655475, -118.02651525657987, -55.6313500247065, 0.5865447157121082)
(18.01365613937378, -324.55097281655475, -118.02651525657987, -55.6313500247065, 0.5665236267382063)
(18.053247213363647, -324.55097281655475, -118.02651525657987, -55.6313500247065, 0.5665236267382063)
(18.093554258346558, -324.55097281655475, -118.02651525657987, -55.6313500247065, 0.5665236267382063)
(18.133370876312256, -324.29689523260834, -117.83879641261552, -56.243254734827524, 0.569517530424104)
(18.173527479171753, -324.29689523260834, -117.83879641261552, -56.243254734827524, 0.569517530424104)
(18.213538885116577, -324.29689523260834, -117.83879641261552, -56.243254734827524, 0.5548613094816837)
(18.25337266921997, -324.29689523260834, -117.83879641261552, -56.243254734827524, 0.5548613094816837)
(18.29356813430786, -324.29689523260834, -117.83879641261552, -56.243254734827524, 0.5548613094816837)
(18.333563327789307, -323.53642832174137, -117.69180409460222, -57.158498448297145, 0.5792908076128889)
(18.373591423034668, -323.53642832174137, -117.69180409460222, -57.158498448297145, 0.5792908076128889)
(18.41345238685608, -323.53642832174137, -117.69180409460222, -57.158498448297145, 0.5792908076128889)
(18.453535795211792, -323.53642832174137, -117.69180409460222, -57.158498448297145, 0.6063893532589226)
(18.49368119239807, -323.53642832174137, -117.69180409460222, -57.158498448297145, 0.6063893532589226)
(18.53372812271118, -322.62218966178403, -117.46066829164133, -58.08427386254115, 0.5973510380558196)
(18.5739004611969, -322.62218966178403, -117.46066829164133, -58.08427386254115, 0.5973510380558196)
(18.613646507263184, -322.62218966178403, -117.46066829164133, -58.08427386254115, 0.5973510380558196)
(18.65434503555298, -322.62218966178403, -117.46066829164133, -58.08427386254115, 0.5858576804145805)
(18.69390630722046, -322.62218966178403, -117.46066829164133, -58.08427386254115, 0.5858576804145805)
(18.734505653381348, -321.3497826379178, -117.30516168966385, -58.38377069616957, 0.583950641260337)
(18.774412870407104, -321.3497826379178, -117.30516168966385, -58.38377069616957, 0.583950641260337)
(18.81414246559143, -321.3497826379178, -117.30516168966385, -58.38377069616957, 0.5979105622828236)
(18.854422092437744, -321.3497826379178, -117.30516168966385, -58.38377069616957, 0.5979105622828236)
(18.894386053085327, -320.2497762883662, -116.56821965537974, -57.97810548494044, 0.570081045714371)
(18.934474229812622, -320.2497762883662, -116.56821965537974, -57.97810548494044, 0.570081045714371)
(18.974368810653687, -320.2497762883662, -116.56821965537974, -57.97810548494044, 0.570081045714371)
(19.014264583587646, -320.2497762883662, -116.56821965537974, -57.97810548494044, 0.5416796519756879)
(19.054287672042847, -320.2497762883662, -116.56821965537974, -57.97810548494044, 0.5416796519756879)
(19.09475302696228, -320.28702369101114, -115.81954277060274, -57.33875694389908, 0.573791352292357)
(19.134624481201172, -320.28702369101114, -115.81954277060274, -57.33875694389908, 0.573791352292357)
(19.17449116706848, -320.28702369101114, -115.81954277060274, -57.33875694389908, 0.573791352292357)
(19.214401483535767, -320.28702369101114, -115.81954277060274, -57.33875694389908, 0.5138247790810411)
(19.254616498947144, -320.28702369101114, -115.81954277060274, -57.33875694389908, 0.5138247790810411)
(19.2948899269104, -319.7649093964603, -115.21775402322953, -57.64998935438609, 0.5276236101438627)
(19.334633111953735, -319.7649093964603, -115.21775402322953, -57.64998935438609, 0.5276236101438627)
(19.374691009521484, -319.7649093964603, -115.21775402322953, -57.64998935438609, 0.5276236101438627)
(19.414613962173462, -319.7649093964603, -115.21775402322953, -57.64998935438609, 0.50666904207268)
(19.454861164093018, -319.7649093964603, -115.21775402322953, -57.64998935438609, 0.50666904207268)
(19.495079517364502, -320.7527937073749, -114.90911553593409, -57.779523444565555, 0.47197086016146983)
(19.534733772277832, -320.7527937073749, -114.90911553593409, -57.779523444565555, 0.47197086016146983)
(19.574830293655396, -320.7527937073749, -114.90911553593409, -57.779523444565555, 0.47197086016146983)
(19.614665985107422, -320.7527937073749, -114.90911553593409, -57.779523444565555, 0.49757421059311113)
(19.655044078826904, -320.7527937073749, -114.90911553593409, -57.779523444565555, 0.49757421059311113)
(19.695028066635132, -320.7527937073749, -114.90911553593409, -57.779523444565555, 0.49757421059311113)
(19.73514223098755, -322.3742749802141, -114.54635009154933, -57.23501858423506, 0.5102423799242288)
(19.774858951568604, -322.3742749802141, -114.54635009154933, -57.23501858423506, 0.5102423799242288)
(19.81485080718994, -322.3742749802141, -114.54635009154933, -57.23501858423506, 0.46489768983195745)
(19.855523109436035, -322.3742749802141, -114.54635009154933, -57.23501858423506, 0.46489768983195745)
(19.895051956176758, -322.3742749802141, -114.54635009154933, -57.23501858423506, 0.46489768983195745)
(19.935338735580444, -323.29736782039726, -114.14488561856236, -56.99681105471357, 0.4810435684328631)
(19.97529125213623, -323.29736782039726, -114.14488561856236, -56.99681105471357, 0.4810435684328631)
(20.015219688415527, -323.29736782039726, -114.14488561856236, -56.99681105471357, 0.48448042008974923)
(20.055678844451904, -323.29736782039726, -114.14488561856236, -56.99681105471357, 0.48448042008974923)
(20.095537662506104, -323.29736782039726, -114.14488561856236, -56.99681105471357, 0.48448042008974923)
(20.135534286499023, -324.87339318426046, -113.86868222781966, -56.441657104620404, 0.49221413986578355)
(20.17546057701111, -324.87339318426046, -113.86868222781966, -56.441657104620404, 0.49221413986578355)
(20.215641975402832, -324.87339318426046, -113.86868222781966, -56.441657104620404, 0.4805522873220127)
(20.255884647369385, -324.87339318426046, -113.86868222781966, -56.441657104620404, 0.4805522873220127)
(20.295662879943848, -324.87339318426046, -113.86868222781966, -56.441657104620404, 0.4805522873220127)
(20.335845947265625, -325.94790299140806, -113.70256153469302, -55.94603004369374, 0.5167409536850549)
(20.375516891479492, -325.94790299140806, -113.70256153469302, -55.94603004369374, 0.5167409536850549)
(20.415882110595703, -325.94790299140806, -113.70256153469302, -55.94603004369374, 0.544355345589409)
(20.4557147026062, -325.94790299140806, -113.70256153469302, -55.94603004369374, 0.544355345589409)
(20.49578547477722, -325.94790299140806, -113.70256153469302, -55.94603004369374, 0.544355345589409)
(20.53571319580078, -326.0828064408058, -113.10429747216905, -55.72610969915986, 0.5217896721381976)
(20.575745582580566, -326.0828064408058, -113.10429747216905, -55.72610969915986, 0.5217896721381976)
(20.61574697494507, -326.0828064408058, -113.10429747216905, -55.72610969915986, 0.5217896721381976)
(20.65589427947998, -326.0828064408058, -113.10429747216905, -55.72610969915986, 0.5599176257678948)
(20.695968627929688, -326.0828064408058, -113.10429747216905, -55.72610969915986, 0.5599176257678948)
(20.735846281051636, -325.53046737731887, -112.96759014997369, -55.91226759955072, 0.5847340751011636)
(20.775917530059814, -325.53046737731887, -112.96759014997369, -55.91226759955072, 0.5847340751011636)
(20.815876960754395, -325.53046737731887, -112.96759014997369, -55.91226759955072, 0.5847340751011636)
(20.856069087982178, -325.53046737731887, -112.96759014997369, -55.91226759955072, 0.5976081438967888)
(20.896103620529175, -325.53046737731887, -112.96759014997369, -55.91226759955072, 0.5976081438967888)
(20.936131715774536, -324.7356066310257, -112.57732643913933, -56.05492785210053, 0.5981468322214027)
(20.976046323776245, -324.7356066310257, -112.57732643913933, -56.05492785210053, 0.6042780831360375)
(21.0159969329834, -324.7356066310257, -112.57732643913933, -56.05492785210053, 0.6042780831360375)
(21.05613923072815, -324.7356066310257, -112.57732643913933, -56.05492785210053, 0.6042780831360375)
(21.0962553024292, -323.56708887131003, -112.18267071326295, -56.396351534483955, 0.5796448010535826)
(21.13629961013794, -323.56708887131003, -112.18267071326295, -56.396351534483955, 0.5796448010535826)
(21.176109552383423, -323.56708887131003, -112.18267071326295, -56.396351534483955, 0.5796448010535826)
(21.216050386428833, -323.56708887131003, -112.18267071326295, -56.396351534483955, 0.5947252477623799)
(21.256242275238037, -323.56708887131003, -112.18267071326295, -56.396351534483955, 0.5947252477623799)
(21.296303749084473, -323.12662079000097, -111.58301476843155, -57.08853531753805, 0.589514886795083)
(21.336348295211792, -323.12662079000097, -111.58301476843155, -57.08853531753805, 0.589514886795083)
(21.37627077102661, -323.12662079000097, -111.58301476843155, -57.08853531753805, 0.589514886795083)
(21.41625714302063, -323.12662079000097, -111.58301476843155, -57.08853531753805, 0.5515747690837358)
(21.456409215927124, -323.12662079000097, -111.58301476843155, -57.08853531753805, 0.5515747690837358)
(21.496649503707886, -322.3428410837516, -110.83002475137985, -57.15985383816388, 0.5263144335030745)
(21.536442041397095, -322.3428410837516, -110.83002475137985, -57.15985383816388, 0.5263144335030745)
(21.57653570175171, -322.3428410837516, -110.83002475137985, -57.15985383816388, 0.5263144335030745)
(21.616373538970947, -322.3428410837516, -110.83002475137985, -57.15985383816388, 0.5398563110796779)
(21.65664291381836, -322.3428410837516, -110.83002475137985, -57.15985383816388, 0.5398563110796779)
(21.696890115737915, -322.47917773735196, -110.45268169447256, -56.48006940659781, 0.5275285306883895)
(21.736772060394287, -322.47917773735196, -110.45268169447256, -56.48006940659781, 0.5275285306883895)
(21.776652574539185, -322.47917773735196, -110.45268169447256, -56.48006940659781, 0.5275285306883895)
(21.81659698486328, -322.47917773735196, -110.45268169447256, -56.48006940659781, 0.5050857992427886)
(21.857036352157593, -322.47917773735196, -110.45268169447256, -56.48006940659781, 0.5050857992427886)
(21.897040605545044, -322.85531378616537, -109.96051917918626, -55.909539871378826, 0.5093221706118385)
(21.936912298202515, -322.85531378616537, -109.96051917918626, -55.909539871378826, 0.5093221706118385)
(21.9767324924469, -322.85531378616537, -109.96051917918626, -55.909539871378826, 0.5093221706118385)
(22.016730308532715, -322.85531378616537, -109.96051917918626, -55.909539871378826, 0.5059191934636367)
(22.056933164596558, -322.85531378616537, -109.96051917918626, -55.909539871378826, 0.5059191934636367)
(22.097044944763184, -322.85531378616537, -109.96051917918626, -55.909539871378826, 0.5059191934636367)
(22.136873722076416, -323.23596569627864, -109.51867672252453, -55.56322236900466, 0.49028719704853074)
(22.176827430725098, -323.23596569627864, -109.51867672252453, -55.56322236900466, 0.49028719704853074)
(22.216877222061157, -323.23596569627864, -109.51867672252453, -55.56322236900466, 0.4583996263505661)
(22.257169485092163, -323.23596569627864, -109.51867672252453, -55.56322236900466, 0.4583996263505661)
(22.29742956161499, -323.23596569627864, -109.51867672252453, -55.56322236900466, 0.4583996263505661)
(22.337183952331543, -323.49397998733764, -109.14689891230101, -55.34412531127923, 0.4599394166856108)
(22.37703824043274, -323.49397998733764, -109.14689891230101, -55.34412531127923, 0.4599394166856108)
(22.417141914367676, -323.49397998733764, -109.14689891230101, -55.34412531127923, 0.4512213357859238)
(22.457256317138672, -323.49397998733764, -109.14689891230101, -55.34412531127923, 0.4512213357859238)
(22.497633457183838, -323.49397998733764, -109.14689891230101, -55.34412531127923, 0.4512213357859238)
(22.537226676940918, -324.01185647865793, -108.61838266038303, -54.97692491214697, 0.4352381212808325)
(22.577207326889038, -324.01185647865793, -108.61838266038303, -54.97692491214697, 0.4352381212808325)
(22.617106437683105, -324.01185647865793, -108.61838266038303, -54.97692491214697, 0.4312653145891048)
(22.65738320350647, -324.01185647865793, -108.61838266038303, -54.97692491214697, 0.4312653145891048)
(22.697601795196533, -324.01185647865793, -108.61838266038303, -54.97692491214697, 0.4312653145891048)
(22.73738741874695, -324.55656614405353, -108.13604670042693, -54.97673020718291, 0.41877475684303533)
(22.77734661102295, -324.55656614405353, -108.13604670042693, -54.97673020718291, 0.41877475684303533)
(22.817358016967773, -324.55656614405353, -108.13604670042693, -54.97673020718291, 0.4426366041815406)
(22.857523679733276, -324.55656614405353, -108.13604670042693, -54.97673020718291, 0.4426366041815406)
(22.897682905197144, -324.55656614405353, -108.13604670042693, -54.97673020718291, 0.4426366041815406)
(22.93749165534973, -324.45631421138563, -108.08675795481699, -55.61061105600436, 0.48789786219492726)
(22.97744584083557, -324.45631421138563, -108.08675795481699, -55.61061105600436, 0.48789786219492726)
(23.017428398132324, -324.45631421138563, -108.08675795481699, -55.61061105600436, 0.48789786219492726)
(23.057652950286865, -324.45631421138563, -108.08675795481699, -55.61061105600436, 0.4554262820432342)
(23.09781551361084, -324.45631421138563, -108.08675795481699, -55.61061105600436, 0.4554262820432342)
(23.1377215385437, -323.7142089283586, -108.23498776680393, -56.270119130343424, 0.4755658273437824)
(23.177690267562866, -323.7142089283586, -108.23498776680393, -56.270119130343424, 0.48879557799840967)
(23.2175772190094, -323.7142089283586, -108.23498776680393, -56.270119130343424, 0.48879557799840967)
(23.257812976837158, -323.7142089283586, -108.23498776680393, -56.270119130343424, 0.48879557799840967)
(23.297889709472656, -323.26013347607915, -108.72516974983046, -56.60547339489563, 0.4573170714704595)
(23.337862968444824, -323.26013347607915, -108.72516974983046, -56.60547339489563, 0.4573170714704595)
(23.377670526504517, -323.26013347607915, -108.72516974983046, -56.60547339489563, 0.4573170714704595)
(23.417686462402344, -323.26013347607915, -108.72516974983046, -56.60547339489563, 0.5071879071262089)
(23.457894563674927, -323.26013347607915, -108.72516974983046, -56.60547339489563, 0.5071879071262089)
(23.497904539108276, -322.31266934235873, -108.98037430217394, -56.54782277613391, 0.4937703973961014)
(23.537819862365723, -322.31266934235873, -108.98037430217394, -56.54782277613391, 0.4937703973961014)
(23.57786202430725, -322.31266934235873, -108.98037430217394, -56.54782277613391, 0.4937703973961014)
(23.617895126342773, -322.31266934235873, -108.98037430217394, -56.54782277613391, 0.46173959579300217)
(23.65803813934326, -322.31266934235873, -108.98037430217394, -56.54782277613391, 0.46173959579300217)
(23.69838285446167, -321.802258591219, -109.11227492450584, -56.27342838851388, 0.45014429486005625)
(23.738035678863525, -321.802258591219, -109.11227492450584, -56.27342838851388, 0.45014429486005625)
(23.77794623374939, -321.802258591219, -109.11227492450584, -56.27342838851388, 0.45014429486005625)
(23.81810998916626, -321.802258591219, -109.11227492450584, -56.27342838851388, 0.489464076953535)
(23.85826063156128, -321.802258591219, -109.11227492450584, -56.27342838851388, 0.489464076953535)
(23.898418426513672, -322.4527570152134, -108.9643620950762, -55.91616739987882, 0.5073748946620817)
(23.938186407089233, -322.4527570152134, -108.9643620950762, -55.91616739987882, 0.5073748946620817)
(23.978095293045044, -322.4527570152134, -108.9643620950762, -55.91616739987882, 0.5073748946620817)
(24.018152475357056, -322.4527570152134, -108.9643620950762, -55.91616739987882, 0.47042156987883743)
(24.05831551551819, -322.4527570152134, -108.9643620950762, -55.91616739987882, 0.47042156987883743)
(24.098581314086914, -322.8505618042115, -109.31084390444491, -56.302182996035334, 0.472505717894407)
(24.138322591781616, -322.8505618042115, -109.31084390444491, -56.302182996035334, 0.472505717894407)
(24.178264379501343, -322.8505618042115, -109.31084390444491, -56.302182996035334, 0.472505717894407)
(24.218215227127075, -322.8505618042115, -109.31084390444491, -56.302182996035334, 0.44945815429224467)
(24.258553981781006, -322.8505618042115, -109.31084390444491, -56.302182996035334, 0.44945815429224467)
(24.29908800125122, -323.67971764118965, -109.50701155868266, -56.64593251778733, 0.4705716200063179)
(24.339030742645264, -323.67971764118965, -109.50701155868266, -56.64593251778733, 0.4705716200063179)
(24.378856420516968, -323.67971764118965, -109.50701155868266, -56.64593251778733, 0.4705716200063179)
(24.419023275375366, -323.67971764118965, -109.50701155868266, -56.64593251778733, 0.5046458909256124)
(24.459185361862183, -323.67971764118965, -109.50701155868266, -56.64593251778733, 0.5046458909256124)
(24.49929642677307, -323.67971764118965, -109.50701155868266, -56.64593251778733, 0.5046458909256124)
(24.539031982421875, -324.5514143655661, -109.24302682572028, -56.4262243083437, 0.5460490976518209)
(24.578992128372192, -324.5514143655661, -109.24302682572028, -56.4262243083437, 0.5460490976518209)
(24.619126081466675, -324.5514143655661, -109.24302682572028, -56.4262243083437, 0.49051007230342236)
(24.659430027008057, -324.5514143655661, -109.24302682572028, -56.4262243083437, 0.49051007230342236)
(24.69928503036499, -324.5514143655661, -109.24302682572028, -56.4262243083437, 0.49051007230342236)
(24.739152193069458, -324.4729809691497, -108.58016791549412, -56.39754809253622, 0.5068857097986843)
(24.779009103775024, -324.4729809691497, -108.58016791549412, -56.39754809253622, 0.5068857097986843)
(24.819335460662842, -324.4729809691497, -108.58016791549412, -56.39754809253622, 0.5550342577312755)
(24.859363317489624, -324.4729809691497, -108.58016791549412, -56.39754809253622, 0.5550342577312755)
(24.899380922317505, -324.4729809691497, -108.58016791549412, -56.39754809253622, 0.5550342577312755)
(24.939224004745483, -324.2159332965419, -108.33674481941283, -56.249004294261155, 0.5429070863014331)
(24.979188203811646, -324.2159332965419, -108.33674481941283, -56.249004294261155, 0.5429070863014331)
(25.019248247146606, -324.2159332965419, -108.33674481941283, -56.249004294261155, 0.5761674232542582)
(25.05948781967163, -324.2159332965419, -108.33674481941283, -56.249004294261155, 0.5761674232542582)
(25.099501609802246, -324.2159332965419, -108.33674481941283, -56.249004294261155, 0.5761674232542582)
(25.139405488967896, -324.05579154525367, -108.26421862534681, -56.169354613051674, 0.594658504706576)
(25.179364919662476, -324.05579154525367, -108.26421862534681, -56.169354613051674, 0.594658504706576)
(25.220173120498657, -324.05579154525367, -108.26421862534681, -56.169354613051674, 0.5695492151809738)
(25.259875535964966, -324.05579154525367, -108.26421862534681, -56.169354613051674, 0.5695492151809738)
(25.30000615119934, -324.05579154525367, -108.26421862534681, -56.169354613051674, 0.5695492151809738)
(25.339896202087402, -323.2922155930506, -107.75379780108048, -56.318142581265874, 0.5646554576188514)
(25.379826545715332, -323.2922155930506, -107.75379780108048, -56.318142581265874, 0.5646554576188514)
(25.419791221618652, -323.2922155930506, -107.75379780108048, -56.318142581265874, 0.5646554576188514)
(25.46014642715454, -323.2922155930506, -107.75379780108048, -56.318142581265874, 0.5895457152098587)
(25.500229597091675, -322.82435441592406, -107.44952216633045, -56.996844185738425, 0.5622549797704011)
(25.54011607170105, -322.82435441592406, -107.44952216633045, -56.996844185738425, 0.5622549797704011)
(25.580091953277588, -322.82435441592406, -107.44952216633045, -56.996844185738425, 0.5571869298611034)
(25.620121479034424, -322.82435441592406, -107.44952216633045, -56.996844185738425, 0.5571869298611034)
(25.660428524017334, -322.82435441592406, -107.44952216633045, -56.996844185738425, 0.5571869298611034)
(25.70090341567993, -323.4281690069704, -107.88354955778593, -57.863135628925804, 0.5675492079500977)
(25.74090266227722, -323.4281690069704, -107.88354955778593, -57.863135628925804, 0.5675492079500977)
(25.780629634857178, -323.4281690069704, -107.88354955778593, -57.863135628925804, 0.5675492079500977)
(25.820744037628174, -323.4281690069704, -107.88354955778593, -57.863135628925804, 0.5612203166497522)
(25.86094331741333, -323.4281690069704, -107.88354955778593, -57.863135628925804, 0.5612203166497522)
(25.900914907455444, -323.5224786250047, -108.04111880450232, -58.76863599160489, 0.5592715390529293)
(25.940958976745605, -323.5224786250047, -108.04111880450232, -58.76863599160489, 0.5592715390529293)
(25.980849504470825, -323.5224786250047, -108.04111880450232, -58.76863599160489, 0.5592715390529293)
(26.021122455596924, -323.5224786250047, -108.04111880450232, -58.76863599160489, 0.5653046276603177)
(26.06107473373413, -323.5224786250047, -108.04111880450232, -58.76863599160489, 0.5653046276603177)
(26.101144790649414, -324.3566688573578, -108.41124589898581, -59.19506312282209, 0.5489477251427353)
(26.141069173812866, -324.3566688573578, -108.41124589898581, -59.19506312282209, 0.5489477251427353)
(26.180975914001465, -324.3566688573578, -108.41124589898581, -59.19506312282209, 0.5489477251427353)
(26.22097420692444, -324.3566688573578, -108.41124589898581, -59.19506312282209, 0.5310227748941188)
(26.261195182800293, -324.3566688573578, -108.41124589898581, -59.19506312282209, 0.5310227748941188)
(26.30142068862915, -325.49241067968813, -108.46173893722144, -58.74861538495534, 0.5123991721465089)
(26.34140706062317, -325.49241067968813, -108.46173893722144, -58.74861538495534, 0.5123991721465089)
(26.381099462509155, -325.49241067968813, -108.46173893722144, -58.74861538495534, 0.5123991721465089)
(26.421623468399048, -325.49241067968813, -108.46173893722144, -58.74861538495534, 0.5032058656045564)
(26.461395025253296, -325.49241067968813, -108.46173893722144, -58.74861538495534, 0.5032058656045564)
(26.501458168029785, -326.5146637591005, -108.86203304805511, -57.9025065267633, 0.5491718798564413)
(26.541459560394287, -326.5146637591005, -108.86203304805511, -57.9025065267633, 0.5491718798564413)
(26.5813205242157, -326.5146637591005, -108.86203304805511, -57.9025065267633, 0.5491718798564413)
(27.12173080444336, -327.0961775538343, -110.40930904031049, -56.53166320298966, 0.4476701528989686)
(27.638565063476562, -326.0447105806184, -110.73805532288844, -56.71626460327724, 0.4376405923712241)
(27.67856788635254, -326.0447105806184, -110.73805532288844, -56.71626460327724, 0.4376405923712241)
(27.718512296676636, -326.0447105806184, -110.73805532288844, -56.71626460327724, 0.4376405923712241)
(27.758835554122925, -325.13321368356543, -110.22446631186375, -56.835552069943645, 0.4416020629643569)
(27.798858642578125, -325.13321368356543, -110.22446631186375, -56.835552069943645, 1.183776564900846)
(27.838948249816895, -325.13321368356543, -110.22446631186375, -56.835552069943645, 1.183776564900846)
(27.87878727912903, -324.69494271221123, -108.81717201844447, -57.1042441314211, 4.199419289220433)
(27.91880226135254, -324.69494271221123, -108.81717201844447, -57.1042441314211, 4.199419289220433)
(27.95918560028076, -324.69494271221123, -108.81717201844447, -57.1042441314211, 4.199419289220433)
(27.99914836883545, -324.69494271221123, -108.81717201844447, -57.1042441314211, 7.299322879826004)
(28.039100885391235, -324.69494271221123, -108.81717201844447, -57.1042441314211, 7.299322879826004)
(28.07901883125305, -324.69494271221123, -108.81717201844447, -57.1042441314211, 7.299322879826004)
(28.119018077850342, -325.5466331707903, -106.93426030126022, -57.11186355650381, 10.539861683046237)
(28.158924102783203, -325.5466331707903, -106.93426030126022, -57.11186355650381, 10.539861683046237)
(28.199196577072144, -325.5466331707903, -106.93426030126022, -57.11186355650381, 13.717117804851876)
(28.239243984222412, -325.5466331707903, -106.93426030126022, -57.11186355650381, 13.717117804851876)
(28.279117345809937, -325.5466331707903, -106.93426030126022, -57.11186355650381, 13.717117804851876)
(28.319020986557007, -325.8211533140466, -103.80783548204752, -57.042684151323584, 16.955090133258537)
(28.359313488006592, -325.8211533140466, -103.80783548204752, -57.042684151323584, 16.955090133258537)
(28.39945125579834, -325.8211533140466, -103.80783548204752, -57.042684151323584, 13.681416855203365)
(28.43960738182068, -325.8211533140466, -103.80783548204752, -57.042684151323584, 13.681416855203365)
(28.4793918132782, -325.8211533140466, -103.80783548204752, -57.042684151323584, 13.681416855203365)
(28.519222736358643, -325.6629670994038, -99.82882906411584, -57.543616458876926, 15.837503818388797)
(28.55963706970215, -325.6629670994038, -99.82882906411584, -57.543616458876926, 15.837503818388797)
(28.59961724281311, -325.6629670994038, -99.82882906411584, -57.543616458876926, 19.167527382494214)
(28.639607191085815, -325.6629670994038, -99.82882906411584, -57.543616458876926, 19.167527382494214)
(28.679468393325806, -325.6629670994038, -99.82882906411584, -57.543616458876926, 19.167527382494214)
(28.719483375549316, -325.3798390556541, -94.53101902312956, -57.72981274768678, 22.73031542995234)
(28.76009702682495, -325.3798390556541, -94.53101902312956, -57.72981274768678, 22.73031542995234)
(28.79988694190979, -325.3798390556541, -94.53101902312956, -57.72981274768678, 26.3224747285714)
(28.83988118171692, -325.3798390556541, -94.53101902312956, -57.72981274768678, 26.3224747285714)
(28.879735469818115, -325.3798390556541, -94.53101902312956, -57.72981274768678, 26.3224747285714)
(28.919679641723633, -324.020992299137, -89.44012247776784, -57.93571249320699, 27.137725764105106)
(28.96001648902893, -324.020992299137, -89.44012247776784, -57.93571249320699, 27.137725764105106)
(29.000010013580322, -324.020992299137, -89.44012247776784, -57.93571249320699, 27.137725764105106)
(29.03991413116455, -324.020992299137, -89.44012247776784, -57.93571249320699, 28.50812152155241)
(29.079994678497314, -324.020992299137, -89.44012247776784, -57.93571249320699, 28.50812152155241)
(29.119861364364624, -321.56141411223405, -83.72368629460317, -57.64610216112173, 28.150854179910354)
(29.16032123565674, -321.56141411223405, -83.72368629460317, -57.64610216112173, 28.150854179910354)
(29.20038866996765, -321.56141411223405, -83.72368629460317, -57.64610216112173, 28.150854179910354)
(29.240143537521362, -321.56141411223405, -83.72368629460317, -57.64610216112173, 26.36759901606427)
(29.28011417388916, -321.56141411223405, -83.72368629460317, -57.64610216112173, 26.36759901606427)
(29.32008147239685, -319.3143673829221, -76.88832647138071, -56.44390112213836, 25.102202433264672)
(29.360257863998413, -319.3143673829221, -76.88832647138071, -56.44390112213836, 25.102202433264672)
(29.400425910949707, -319.3143673829221, -76.88832647138071, -56.44390112213836, 25.102202433264672)
(29.440277814865112, -319.3143673829221, -76.88832647138071, -56.44390112213836, 24.54548044270703)
(29.480113983154297, -319.3143673829221, -76.88832647138071, -56.44390112213836, 24.54548044270703)
(29.520177602767944, -316.803200737943, -69.67159898409827, -55.918135359324936, 24.375950191504998)
(29.560619354248047, -316.803200737943, -69.67159898409827, -55.918135359324936, 24.375950191504998)
(29.600560188293457, -316.803200737943, -69.67159898409827, -55.918135359324936, 24.375950191504998)
(29.640326499938965, -316.803200737943, -69.67159898409827, -55.918135359324936, 24.448085235724875)
(29.680267572402954, -316.803200737943, -69.67159898409827, -55.918135359324936, 24.448085235724875)
(29.72038745880127, -314.88222885298677, -62.759071656720366, -55.6924047187905, 24.530056361900712)
(29.7606258392334, -314.88222885298677, -62.759071656720366, -55.6924047187905, 24.530056361900712)
(29.800586223602295, -314.88222885298677, -62.759071656720366, -55.6924047187905, 24.530056361900712)
(29.84060573577881, -314.88222885298677, -62.759071656720366, -55.6924047187905, 24.531800443186786)
(29.88037347793579, -314.88222885298677, -62.759071656720366, -55.6924047187905, 24.531800443186786)
(29.921468257904053, -314.88222885298677, -62.759071656720366, -55.6924047187905, 24.531800443186786)
(29.960582494735718, -313.387677209563, -55.83886484127419, -55.36721987714514, 24.55324436105951)
(30.000738382339478, -313.387677209563, -55.83886484127419, -55.36721987714514, 24.636654213971244)
(30.040712118148804, -313.387677209563, -55.83886484127419, -55.36721987714514, 24.636654213971244)
(30.080548763275146, -311.8569822419014, -49.49953782200121, -54.51984363276411, 24.66757236416865)
(30.12068223953247, -311.8569822419014, -49.49953782200121, -54.51984363276411, 24.66757236416865)
(30.160903930664062, -311.8569822419014, -49.49953782200121, -54.51984363276411, 24.66757236416865)
(30.20082950592041, -311.8569822419014, -49.49953782200121, -54.51984363276411, 24.520365886399702)
(30.240687608718872, -311.8569822419014, -49.49953782200121, -54.51984363276411, 24.520365886399702)
(30.280678272247314, -311.8569822419014, -49.49953782200121, -54.51984363276411, 24.520365886399702)
(30.320683002471924, -310.76976280358645, -42.915543366628505, -53.6612048121958, 24.37107593166249)
(30.361045837402344, -310.76976280358645, -42.915543366628505, -53.6612048121958, 24.37107593166249)
(30.400797605514526, -310.76976280358645, -42.915543366628505, -53.6612048121958, 24.198051072463432)
(30.441068410873413, -310.76976280358645, -42.915543366628505, -53.6612048121958, 24.198051072463432)
(30.480811834335327, -310.76976280358645, -42.915543366628505, -53.6612048121958, 24.198051072463432)
(30.521105527877808, -310.00196054597257, -36.860302646562594, -53.201222710958106, 23.939910760279414)
(30.561193466186523, -310.00196054597257, -36.860302646562594, -53.201222710958106, 23.939910760279414)
(30.601345777511597, -310.00196054597257, -36.860302646562594, -53.201222710958106, 23.70943054343075)
(30.64115571975708, -310.00196054597257, -36.860302646562594, -53.201222710958106, 23.70943054343075)
(30.68105459213257, -310.00196054597257, -36.860302646562594, -53.201222710958106, 23.70943054343075)
(30.721061944961548, -310.6897772864763, -30.40078083447638, -53.37331304221888, 23.567041802953522)
(30.761353731155396, -310.6897772864763, -30.40078083447638, -53.37331304221888, 23.567041802953522)
(30.80126166343689, -310.6897772864763, -30.40078083447638, -53.37331304221888, 23.317184727057942)
(30.841327905654907, -310.6897772864763, -30.40078083447638, -53.37331304221888, 23.317184727057942)
(30.88116192817688, -310.6897772864763, -30.40078083447638, -53.37331304221888, 23.317184727057942)
(30.92128610610962, -311.99217871882735, -23.282904124481924, -54.342531154147096, 23.20973022215204)
(30.961480617523193, -311.99217871882735, -23.282904124481924, -54.342531154147096, 23.20973022215204)
(31.001861810684204, -311.99217871882735, -23.282904124481924, -54.342531154147096, 23.040366142166434)
(31.04151153564453, -311.99217871882735, -23.282904124481924, -54.342531154147096, 23.040366142166434)
(31.081522226333618, -311.99217871882735, -23.282904124481924, -54.342531154147096, 23.040366142166434)
(31.121537685394287, -312.67565462163924, -17.498456652127814, -55.476160796794765, 22.972848879927433)
(31.16186022758484, -312.67565462163924, -17.498456652127814, -55.476160796794765, 22.972848879927433)
(31.201661825180054, -312.67565462163924, -17.498456652127814, -55.476160796794765, 22.972848879927433)
(31.241619348526, -312.67565462163924, -17.498456652127814, -55.476160796794765, 22.836669738005813)
(31.281578540802002, -312.67565462163924, -17.498456652127814, -55.476160796794765, 22.836669738005813)
(31.321556091308594, -313.3331626888615, -11.344419392000198, -55.54953995021825, 22.515140917418755)
(31.361994981765747, -313.3331626888615, -11.344419392000198, -55.54953995021825, 22.515140917418755)
(31.40194034576416, -313.3331626888615, -11.344419392000198, -55.54953995021825, 22.515140917418755)
(31.441729068756104, -313.3331626888615, -11.344419392000198, -55.54953995021825, 22.046234513162197)
(31.481746673583984, -313.3331626888615, -11.344419392000198, -55.54953995021825, 22.046234513162197)
(31.52244472503662, -312.8533460569033, -6.6741628833066216, -55.61267126396704, 21.510287332326683)
(31.562034606933594, -312.8533460569033, -6.6741628833066216, -55.61267126396704, 21.510287332326683)
(31.60198974609375, -312.8533460569033, -6.6741628833066216, -55.61267126396704, 21.510287332326683)
(31.64194083213806, -312.8533460569033, -6.6741628833066216, -55.61267126396704, 21.141464795136763)
(31.681825876235962, -312.8533460569033, -6.6741628833066216, -55.61267126396704, 21.141464795136763)
(31.72217631340027, -311.6484104957086, -2.2330802818850444, -55.919968347515486, 21.132910356550113)
(31.762064456939697, -311.6484104957086, -2.2330802818850444, -55.919968347515486, 21.132910356550113)
(31.802568197250366, -311.6484104957086, -2.2330802818850444, -55.919968347515486, 21.132910356550113)
(31.842214584350586, -311.6484104957086, -2.2330802818850444, -55.919968347515486, 21.07304675149714)
(31.881962537765503, -311.6484104957086, -2.2330802818850444, -55.919968347515486, 21.07304675149714)
(31.92262578010559, -311.4633625106895, 2.3686199388947315, -56.068205457450624, 21.01238379238226)
(31.96239995956421, -311.4633625106895, 2.3686199388947315, -56.068205457450624, 21.01238379238226)
(32.002259492874146, -311.4633625106895, 2.3686199388947315, -56.068205457450624, 21.01238379238226)
(32.042325019836426, -311.4633625106895, 2.3686199388947315, -56.068205457450624, 20.91876251384967)
(32.08258581161499, -310.5746875739677, 6.570740799179454, -56.32526470178473, 21.004388951636802)
(32.12231993675232, -310.5746875739677, 6.570740799179454, -56.32526470178473, 21.004388951636802)
(32.162349224090576, -310.5746875739677, 6.570740799179454, -56.32526470178473, 21.004388951636802)
(32.20236611366272, -310.5746875739677, 6.570740799179454, -56.32526470178473, 21.389475058005672)
(32.242305517196655, -310.5746875739677, 6.570740799179454, -56.32526470178473, 21.389475058005672)
(32.282634019851685, -311.1537611145628, 11.047784113760152, -56.992642303939725, 21.937457232320767)
(32.32247042655945, -311.1537611145628, 11.047784113760152, -56.992642303939725, 21.937457232320767)
(32.36248445510864, -311.1537611145628, 11.047784113760152, -56.992642303939725, 21.937457232320767)
(32.402392625808716, -311.1537611145628, 11.047784113760152, -56.992642303939725, 22.115669808853582)
(32.44257736206055, -311.1537611145628, 11.047784113760152, -56.992642303939725, 22.115669808853582)
(32.482630014419556, -312.1036031959563, 16.69343615979557, -57.859943522296525, 22.33302813695173)
(32.52284502983093, -312.1036031959563, 16.69343615979557, -57.859943522296525, 22.33302813695173)
(32.56261587142944, -312.1036031959563, 16.69343615979557, -57.859943522296525, 22.33302813695173)
(32.60273814201355, -312.1036031959563, 16.69343615979557, -57.859943522296525, 22.400262959837455)
(32.64256548881531, -312.1036031959563, 16.69343615979557, -57.859943522296525, 22.400262959837455)
(32.68256640434265, -312.1036031959563, 16.69343615979557, -57.859943522296525, 22.400262959837455)
(32.7226996421814, -313.1297205033644, 22.991746156054038, -58.17036188873958, 22.582921994304225)
(32.76288437843323, -313.1297205033644, 22.991746156054038, -58.17036188873958, 22.582921994304225)
(32.80301880836487, -313.1297205033644, 22.991746156054038, -58.17036188873958, 22.740005135713155)
(32.84274411201477, -313.1297205033644, 22.991746156054038, -58.17036188873958, 22.740005135713155)
(32.882691383361816, -313.1297205033644, 22.991746156054038, -58.17036188873958, 22.740005135713155)
(32.92295455932617, -313.9018730536103, 29.753288500257145, -57.11917749726358, 22.91213606458873)
(32.96304893493652, -313.9018730536103, 29.753288500257145, -57.11917749726358, 22.91213606458873)
(33.0029661655426, -313.9018730536103, 29.753288500257145, -57.11917749726358, 23.234049102966072)
(33.04277801513672, -313.9018730536103, 29.753288500257145, -57.11917749726358, 23.234049102966072)
(33.082964181900024, -313.9018730536103, 29.753288500257145, -57.11917749726358, 23.234049102966072)
(33.12315821647644, -314.1036491845746, 35.62706551176794, -56.18957764665083, 23.554600288588016)
(33.16309833526611, -314.1036491845746, 35.62706551176794, -56.18957764665083, 23.554600288588016)
(33.20314836502075, -314.1036491845746, 35.62706551176794, -56.18957764665083, 23.941172279085876)
(33.24294185638428, -314.1036491845746, 35.62706551176794, -56.18957764665083, 23.941172279085876)
(33.28296709060669, -314.1036491845746, 35.62706551176794, -56.18957764665083, 23.941172279085876)
(33.32327961921692, -314.0219949441244, 40.730258113667134, -55.75515319330008, 24.260269644147336)
(33.363736391067505, -314.0219949441244, 40.730258113667134, -55.75515319330008, 24.260269644147336)
(33.40321946144104, -314.0219949441244, 40.730258113667134, -55.75515319330008, 24.260269644147336)
(33.44305443763733, -314.0219949441244, 40.730258113667134, -55.75515319330008, 24.713079546807908)
(33.483184576034546, -314.0219949441244, 40.730258113667134, -55.75515319330008, 24.713079546807908)
(33.523361682891846, -313.6529955971264, 45.17435996324468, -55.42659182730638, 24.86209742513955)
(33.56354761123657, -313.6529955971264, 45.17435996324468, -55.42659182730638, 24.86209742513955)
(33.60335612297058, -313.6529955971264, 45.17435996324468, -55.42659182730638, 24.86209742513955)
(33.64331269264221, -313.6529955971264, 45.17435996324468, -55.42659182730638, 24.735195349354157)
(33.68336534500122, -313.6529955971264, 45.17435996324468, -55.42659182730638, 24.735195349354157)
(33.72360396385193, -312.79535405089194, 49.42621291870199, -55.940626585612705, 24.40307217582931)
(33.76378035545349, -312.79535405089194, 49.42621291870199, -55.940626585612705, 24.40307217582931)
(33.803486585617065, -312.79535405089194, 49.42621291870199, -55.940626585612705, 24.40307217582931)
(33.84341549873352, -312.79535405089194, 49.42621291870199, -55.940626585612705, 24.028432717358637)
(33.884363889694214, -312.79535405089194, 49.42621291870199, -55.940626585612705, 24.028432717358637)
(33.92379689216614, -312.83157756552015, 53.2281414586165, -56.812568551053296, 23.780342114795715)
(33.96384239196777, -312.83157756552015, 53.2281414586165, -56.812568551053296, 23.780342114795715)
(34.00361943244934, -312.83157756552015, 53.2281414586165, -56.812568551053296, 23.780342114795715)
(34.0435094833374, -312.83157756552015, 53.2281414586165, -56.812568551053296, 23.678167033627997)
(34.083656549453735, -312.83157756552015, 53.2281414586165, -56.812568551053296, 23.678167033627997)
(34.124141454696655, -312.65751301375514, 57.3501925602266, -56.793629142904706, 23.65871553155594)
(34.16406607627869, -312.65751301375514, 57.3501925602266, -56.793629142904706, 23.65871553155594)
(34.20379090309143, -312.65751301375514, 57.3501925602266, -56.793629142904706, 23.65871553155594)
(34.243717193603516, -312.65751301375514, 57.3501925602266, -56.793629142904706, 23.66436456164626)
(34.283735275268555, -313.7076630884681, 62.263147335076795, -56.80966081356792, 23.667198047824744)
(34.324039459228516, -313.7076630884681, 62.263147335076795, -56.80966081356792, 23.667198047824744)
(34.36428761482239, -313.7076630884681, 62.263147335076795, -56.80966081356792, 23.667198047824744)
(34.40382742881775, -313.7076630884681, 62.263147335076795, -56.80966081356792, 22.40047840938573)
(34.44402527809143, -313.7076630884681, 62.263147335076795, -56.80966081356792, 22.40047840938573)
(34.48397421836853, -316.2459765239094, 64.68212298883016, -56.230170650293196, 19.721426766887873)
