====================== HEADER ======================
Odometry data will folow format (time, x, y, z, yaw)
Landing site: (-1, x, y, z, yaw)
X = left and right
Y = foraward backward
Z = height
====================== SUCCESS ======================
('min', -620.1515621721796, -166.6889323772578, 85.2312596103366)
('max', -561.2778061362503, -152.25055511199483, 87.98473217694121)
('dlp', -594.3805081532026, -162.10518958667757, 70.05578848330336, 12.390612669127458)
26.398515701293945
(0, -594.9916183471582, -366.3479752617071, 88.83517971245604, 0.0)
(0.039095401763916016, -594.9916183471582, -366.3479752617071, 88.83517971245604, 0.0)
(0.07875561714172363, -595.3159569712665, -365.1643669945779, 88.67164110691208, 0.18138176678377427)
(0.11889982223510742, -595.3159569712665, -365.1643669945779, 88.67164110691208, 0.18138176678377427)
(0.15921807289123535, -595.3159569712665, -365.1643669945779, 88.67164110691208, 0.17517441131239053)
(0.19902420043945312, -595.3159569712665, -365.1643669945779, 88.67164110691208, 0.17517441131239053)
(0.2385103702545166, -595.3159569712665, -365.1643669945779, 88.67164110691208, 0.17517441131239053)
(0.2785322666168213, -595.2882120747483, -364.518622316848, 88.96993332709464, 0.1987645050201472)
(0.31913232803344727, -595.2882120747483, -364.518622316848, 88.96993332709464, 0.1987645050201472)
(0.35920143127441406, -595.2882120747483, -364.518622316848, 88.96993332709464, 0.2038169205290128)
(0.39913225173950195, -595.2882120747483, -364.518622316848, 88.96993332709464, 0.2038169205290128)
(0.43893980979919434, -595.2882120747483, -364.518622316848, 88.96993332709464, 0.2038169205290128)
(0.4789896011352539, -595.0909807658296, -363.7922219613722, 88.29285773863481, 0.19522233827602697)
(0.5191950798034668, -595.0909807658296, -363.7922219613722, 88.29285773863481, 0.19522233827602697)
(0.5594735145568848, -595.0909807658296, -363.7922219613722, 88.29285773863481, 0.16261575911417836)
(0.5992264747619629, -595.0909807658296, -363.7922219613722, 88.29285773863481, 0.16261575911417836)
(0.6391205787658691, -595.0909807658296, -363.7922219613722, 88.29285773863481, 0.16261575911417836)
(0.6791720390319824, -594.9744159700442, -363.28330262052043, 86.53292629799375, 0.1421962088516544)
(0.7195353507995605, -594.9744159700442, -363.28330262052043, 86.53292629799375, 0.1421962088516544)
(0.7594687938690186, -594.9744159700442, -363.28330262052043, 86.53292629799375, 0.1421962088516544)
(0.7994537353515625, -594.9744159700442, -363.28330262052043, 86.53292629799375, 0.11590925861548484)
(0.8392693996429443, -594.9744159700442, -363.28330262052043, 86.53292629799375, 0.11590925861548484)
(0.8792924880981445, -594.8290264105358, -363.00087261128, 84.89120888487838, 0.10088122902180352)
(0.9197604656219482, -594.8290264105358, -363.00087261128, 84.89120888487838, 0.10088122902180352)
(0.959644079208374, -594.8290264105358, -363.00087261128, 84.89120888487838, 0.10088122902180352)
(0.9995424747467041, -594.8290264105358, -363.00087261128, 84.89120888487838, 0.12540603353005153)
(1.0394370555877686, -594.8290264105358, -363.00087261128, 84.89120888487838, 0.12540603353005153)
(1.0793397426605225, -594.7194018795262, -363.38677649728686, 83.0551858473024, 0.16968998590623663)
(1.1197383403778076, -594.7194018795262, -363.38677649728686, 83.0551858473024, 0.16968998590623663)
(1.159820795059204, -594.7194018795262, -363.38677649728686, 83.0551858473024, 0.16968998590623663)
(1.1996746063232422, -594.7194018795262, -363.38677649728686, 83.0551858473024, 0.1839729986506189)
(1.239583969116211, -594.7194018795262, -363.38677649728686, 83.0551858473024, 0.1839729986506189)
(1.279599905014038, -594.6552205222844, -364.04529584716397, 81.1993455565441, 0.17820657120103256)
(1.3199069499969482, -594.6552205222844, -364.04529584716397, 81.1993455565441, 0.17820657120103256)
(1.35994553565979, -594.6552205222844, -364.04529584716397, 81.1993455565441, 0.17820657120103256)
(1.3998258113861084, -594.6552205222844, -364.04529584716397, 81.1993455565441, 0.14397648044766065)
(1.4397192001342773, -594.6552205222844, -364.04529584716397, 81.1993455565441, 0.14397648044766065)
(1.4797852039337158, -594.3814238879125, -364.5687893851268, 79.0567975814548, 0.1320186885864345)
(1.5200920104980469, -594.3814238879125, -364.5687893851268, 79.0567975814548, 0.1320186885864345)
(1.5601425170898438, -594.3814238879125, -364.5687893851268, 79.0567975814548, 0.1320186885864345)
(1.6000008583068848, -594.3814238879125, -364.5687893851268, 79.0567975814548, 0.12963853511621437)
(1.6398968696594238, -594.3814238879125, -364.5687893851268, 79.0567975814548, 0.12963853511621437)
(1.6799404621124268, -594.3814238879125, -364.5687893851268, 79.0567975814548, 0.12963853511621437)
(1.7202374935150146, -594.0402552254008, -364.97182612597265, 76.72221191127315, 0.02922453682861459)
(1.7602190971374512, -594.0402552254008, -364.97182612597265, 76.72221191127315, 0.02922453682861459)
(1.8002512454986572, -594.0402552254008, -364.97182612597265, 76.72221191127315, -0.018765849896094977)
(1.8400166034698486, -593.9865303159347, -364.9065438323448, 74.75324735483788, -0.04308177605408403)
(1.8801460266113281, -593.9865303159347, -364.9065438323448, 74.75324735483788, -0.04308177605408403)
(1.920438528060913, -593.9865303159347, -364.9065438323448, 74.75324735483788, -0.04308177605408403)
(1.9606094360351562, -593.9865303159347, -364.9065438323448, 74.75324735483788, -0.09163703970290449)
(2.0005600452423096, -593.9865303159347, -364.9065438323448, 74.75324735483788, -0.09163703970290449)
(2.0404391288757324, -593.9133952361666, -364.9808708565291, 73.31551325503021, -0.10032041627794896)
(2.080542802810669, -593.9133952361666, -364.9808708565291, 73.31551325503021, -0.10032041627794896)
(2.1204943656921387, -593.9133952361666, -364.9808708565291, 73.31551325503021, -0.10032041627794896)
(2.160623788833618, -593.9133952361666, -364.9808708565291, 73.31551325503021, -0.05430573137941508)
(2.200746774673462, -593.9133952361666, -364.9808708565291, 73.31551325503021, -0.05430573137941508)
(2.240572929382324, -593.9133952361666, -364.9808708565291, 73.31551325503021, -0.05430573137941508)
(2.2806007862091064, -593.8401686836719, -364.8696928371459, 72.59658705278457, -0.04255333050755006)
(2.3209445476531982, -593.8401686836719, -364.8696928371459, 72.59658705278457, -0.04255333050755006)
(2.3608005046844482, -593.8401686836719, -364.8696928371459, 72.59658705278457, -0.08611861133777232)
(2.4006295204162598, -593.8401686836719, -364.8696928371459, 72.59658705278457, -0.08611861133777232)
(2.44064998626709, -593.8401686836719, -364.8696928371459, 72.59658705278457, -0.08611861133777232)
(2.4809417724609375, -593.9346416934809, -364.7686806736295, 72.39977518273238, -0.09008055600760834)
(2.5209593772888184, -593.9346416934809, -364.7686806736295, 72.39977518273238, -0.09008055600760834)
(2.5611393451690674, -593.9346416934809, -364.7686806736295, 72.39977518273238, -0.08521727587459971)
(2.6009998321533203, -593.9346416934809, -364.7686806736295, 72.39977518273238, -0.08521727587459971)
(2.6409714221954346, -593.9346416934809, -364.7686806736295, 72.39977518273238, -0.08521727587459971)
(2.680814266204834, -593.7143769162979, -364.6850726439773, 72.79083898424157, -0.06085413085820868)
(2.721200942993164, -593.7143769162979, -364.6850726439773, 72.79083898424157, -0.06085413085820868)
(2.761507511138916, -593.7143769162979, -364.6850726439773, 72.79083898424157, -0.030879072880388492)
(2.801377773284912, -593.7143769162979, -364.6850726439773, 72.79083898424157, -0.030879072880388492)
(2.8412013053894043, -593.7143769162979, -364.6850726439773, 72.79083898424157, -0.030879072880388492)
(2.8817689418792725, -593.1731769454354, -364.7795424724905, 73.18862289190082, -0.03444039000309829)
(2.921478748321533, -593.1731769454354, -364.7795424724905, 73.18862289190082, -0.03444039000309829)
(2.96174955368042, -593.1731769454354, -364.7795424724905, 73.18862289190082, -0.0049011298346659515)
(3.0015721321105957, -593.1731769454354, -364.7795424724905, 73.18862289190082, -0.0049011298346659515)
(3.041393995285034, -593.1731769454354, -364.7795424724905, 73.18862289190082, -0.0049011298346659515)
(3.0814671516418457, -592.825284125974, -364.9036724321481, 73.50662883695529, 0.02851693496705643)
(3.1216702461242676, -592.825284125974, -364.9036724321481, 73.50662883695529, 0.02851693496705643)
(3.1615638732910156, -592.825284125974, -364.9036724321481, 73.50662883695529, 0.02851693496705643)
(3.201608419418335, -592.825284125974, -364.9036724321481, 73.50662883695529, 0.025394800502871462)
(3.24150013923645, -592.825284125974, -364.9036724321481, 73.50662883695529, 0.025394800502871462)
(3.2816946506500244, -592.3971412628971, -364.75111042001225, 73.66489211665315, 0.007181330146204701)
(3.32177996635437, -592.3971412628971, -364.75111042001225, 73.66489211665315, 0.007181330146204701)
(3.3618080615997314, -592.3971412628971, -364.75111042001225, 73.66489211665315, 0.007181330146204701)
(3.401766061782837, -592.3971412628971, -364.75111042001225, 73.66489211665315, -0.027371005787124147)
(3.441680431365967, -592.3971412628971, -364.75111042001225, 73.66489211665315, -0.027371005787124147)
(3.482106924057007, -592.3177860656522, -364.5790628620661, 73.45474570485413, -0.0054955624454198215)
(3.5222301483154297, -592.3177860656522, -364.5790628620661, 73.45474570485413, -0.0054955624454198215)
(3.5623769760131836, -592.3177860656522, -364.5790628620661, 73.45474570485413, -0.0054955624454198215)
(3.602339029312134, -592.3177860656522, -364.5790628620661, 73.45474570485413, 0.008824829171471649)
(3.64314341545105, -592.3177860656522, -364.5790628620661, 73.45474570485413, 0.008824829171471649)
(3.6825969219207764, -591.9883485261297, -364.405378136212, 73.0422610804985, 0.05870515954221389)
(3.722832679748535, -591.9883485261297, -364.405378136212, 73.0422610804985, 0.05870515954221389)
(3.7627673149108887, -591.9883485261297, -364.405378136212, 73.0422610804985, 0.05870515954221389)
(3.8026349544525146, -591.9883485261297, -364.405378136212, 73.0422610804985, 0.13201028196902342)
(3.842341899871826, -591.9883485261297, -364.405378136212, 73.0422610804985, 0.13201028196902342)
(3.8828976154327393, -591.8729641021591, -364.3395639545651, 72.96799822181686, 0.19647367120619919)
(3.922748565673828, -591.8729641021591, -364.3395639545651, 72.96799822181686, 0.19647367120619919)
(3.962564706802368, -591.8729641021591, -364.3395639545651, 72.96799822181686, 0.19647367120619919)
(4.002467393875122, -591.8729641021591, -364.3395639545651, 72.96799822181686, 0.22141691809683905)
(4.04248309135437, -591.8729641021591, -364.3395639545651, 72.96799822181686, 0.22141691809683905)
(4.083218574523926, -591.3854911371031, -363.76955432557673, 73.06914195850791, 0.14357383134440305)
(4.122382879257202, -591.3854911371031, -363.76955432557673, 73.06914195850791, 0.14357383134440305)
(4.16271710395813, -591.3854911371031, -363.76955432557673, 73.06914195850791, 0.14357383134440305)
(4.202555418014526, -591.3854911371031, -363.76955432557673, 73.06914195850791, 0.10276356236992612)
(4.242624044418335, -590.7469955673004, -363.34716834360387, 73.02275972349132, 0.11110775269729345)
(4.282776355743408, -590.7469955673004, -363.34716834360387, 73.02275972349132, 0.11110775269729345)
(4.322835683822632, -590.7469955673004, -363.34716834360387, 73.02275972349132, 0.11110775269729345)
(4.362866163253784, -590.7469955673004, -363.34716834360387, 73.02275972349132, 0.06886767828396323)
(4.402653217315674, -590.7469955673004, -363.34716834360387, 73.02275972349132, 0.06886767828396323)
(4.442718505859375, -590.247083074232, -363.1281152598081, 73.21602522861623, 0.05729435040736419)
(4.483006000518799, -590.247083074232, -363.1281152598081, 73.21602522861623, 0.05729435040736419)
(4.5229880809783936, -590.247083074232, -363.1281152598081, 73.21602522861623, 0.05729435040736419)
(4.563037872314453, -590.247083074232, -363.1281152598081, 73.21602522861623, 0.06507413597124057)
(4.602804660797119, -590.247083074232, -363.1281152598081, 73.21602522861623, 0.06507413597124057)
(4.643009901046753, -590.247083074232, -363.1281152598081, 73.21602522861623, 0.06507413597124057)
(4.683125972747803, -589.4725548063022, -363.7311830677247, 73.41645509682283, 0.07580904274114886)
(4.723276853561401, -589.4725548063022, -363.7311830677247, 73.41645509682283, 0.07580904274114886)
(4.763147592544556, -589.4725548063022, -363.7311830677247, 73.41645509682283, 0.07844708622178942)
(4.803102254867554, -589.4725548063022, -363.7311830677247, 73.41645509682283, 0.07844708622178942)
(4.84300971031189, -589.4725548063022, -363.7311830677247, 73.41645509682283, 0.07844708622178942)
(4.883716821670532, -588.8967612796448, -364.166595400872, 73.2519966895952, 0.08635987778912835)
(4.923277854919434, -588.8967612796448, -364.166595400872, 73.2519966895952, 0.08635987778912835)
(4.963344573974609, -588.8967612796448, -364.166595400872, 73.2519966895952, 0.09788529691617143)
(5.003226280212402, -588.8967612796448, -364.166595400872, 73.2519966895952, 0.09788529691617143)
(5.043165683746338, -588.8967612796448, -364.166595400872, 73.2519966895952, 0.09788529691617143)
(5.083299160003662, -588.5208957774404, -364.5013019477552, 72.70928844964541, 0.08581924602963831)
(5.12350606918335, -588.5208957774404, -364.5013019477552, 72.70928844964541, 0.08581924602963831)
(5.163574695587158, -588.5208957774404, -364.5013019477552, 72.70928844964541, 0.08063803897453603)
(5.204301118850708, -588.5208957774404, -364.5013019477552, 72.70928844964541, 0.08063803897453603)
(5.24336576461792, -588.5208957774404, -364.5013019477552, 72.70928844964541, 0.08063803897453603)
(5.283755302429199, -588.3671799295614, -364.6441212669431, 72.35671685815237, 0.07307370700396199)
(5.323688507080078, -588.3671799295614, -364.6441212669431, 72.35671685815237, 0.07307370700396199)
(5.363613605499268, -588.3671799295614, -364.6441212669431, 72.35671685815237, 0.06890699218949159)
(5.403667211532593, -588.3671799295614, -364.6441212669431, 72.35671685815237, 0.06890699218949159)
(5.443516731262207, -588.3671799295614, -364.6441212669431, 72.35671685815237, 0.06890699218949159)
(5.483814716339111, -588.6260949615746, -364.5183089497246, 72.36141711929028, 0.07837737938235279)
(5.523957014083862, -588.6260949615746, -364.5183089497246, 72.36141711929028, 0.07837737938235279)
(5.563886404037476, -588.6260949615746, -364.5183089497246, 72.36141711929028, 0.07837737938235279)
(5.603813648223877, -588.6260949615746, -364.5183089497246, 72.36141711929028, 0.07644072529304324)
(5.643773078918457, -588.6260949615746, -364.5183089497246, 72.36141711929028, 0.07644072529304324)
(5.684011936187744, -588.7536199362295, -363.79286431397, 72.81380001691302, 0.053427133302072605)
(5.724314212799072, -588.7536199362295, -363.79286431397, 72.81380001691302, 0.053427133302072605)
(5.763968229293823, -588.7536199362295, -363.79286431397, 72.81380001691302, 0.053427133302072605)
(5.804061412811279, -588.7536199362295, -363.79286431397, 72.81380001691302, 0.03155481096698942)
(5.843859434127808, -588.7536199362295, -363.79286431397, 72.81380001691302, 0.03155481096698942)
(5.884017467498779, -589.0887572950644, -363.2466545591641, 73.26377909949574, 0.029554252125548075)
(5.9240686893463135, -589.0887572950644, -363.2466545591641, 73.26377909949574, 0.029554252125548075)
(5.964155435562134, -589.0887572950644, -363.2466545591641, 73.26377909949574, 0.029554252125548075)
(6.003981828689575, -589.0887572950644, -363.2466545591641, 73.26377909949574, 0.035638643448731244)
(6.04416823387146, -589.0887572950644, -363.2466545591641, 73.26377909949574, 0.035638643448731244)
(6.084313869476318, -589.6459592768946, -362.88812188448196, 73.36196843839734, 0.013566095297411707)
(6.124133586883545, -589.6459592768946, -362.88812188448196, 73.36196843839734, 0.013566095297411707)
(6.164270877838135, -589.6459592768946, -362.88812188448196, 73.36196843839734, 0.013566095297411707)
(6.204292058944702, -589.6459592768946, -362.88812188448196, 73.36196843839734, 0.01619397451919724)
(6.244143009185791, -589.6459592768946, -362.88812188448196, 73.36196843839734, 0.01619397451919724)
(6.284357786178589, -590.2407744283176, -362.0057891102933, 73.11883408268926, 0.021071477649391213)
(6.324322700500488, -590.2407744283176, -362.0057891102933, 73.11883408268926, 0.021071477649391213)
(6.3643670082092285, -590.2407744283176, -362.0057891102933, 73.11883408268926, 0.021071477649391213)
(6.404263734817505, -590.2407744283176, -362.0057891102933, 73.11883408268926, 0.00644449759536414)
(6.444305419921875, -590.2407744283176, -362.0057891102933, 73.11883408268926, 0.00644449759536414)
(6.48446798324585, -590.2407744283176, -362.0057891102933, 73.11883408268926, 0.00644449759536414)
(6.524480104446411, -590.5289543173444, -361.3162032607444, 72.39283792614255, 0.03698504948898318)
(6.56447172164917, -590.5289543173444, -361.3162032607444, 72.39283792614255, 0.0427575698506093)
(6.604468822479248, -590.5289543173444, -361.3162032607444, 72.39283792614255, 0.0427575698506093)
(6.644529104232788, -590.6075623732853, -360.48690274043093, 71.84642043767221, 0.06500814179566561)
(6.684656858444214, -590.6075623732853, -360.48690274043093, 71.84642043767221, 0.06500814179566561)
(6.725245952606201, -590.6075623732853, -360.48690274043093, 71.84642043767221, 0.06500814179566561)
(6.765180826187134, -590.6075623732853, -360.48690274043093, 71.84642043767221, 0.07533431610735342)
(6.805140256881714, -590.6075623732853, -360.48690274043093, 71.84642043767221, 0.07533431610735342)
(6.845181703567505, -590.525993042158, -359.3054567429647, 71.76257049977903, 0.11729355048746193)
(6.885308742523193, -590.525993042158, -359.3054567429647, 71.76257049977903, 0.11729355048746193)
(6.925642967224121, -590.525993042158, -359.3054567429647, 71.76257049977903, 0.11729355048746193)
(6.965492010116577, -590.525993042158, -359.3054567429647, 71.76257049977903, 0.10932094562881822)
(7.005525827407837, -590.525993042158, -359.3054567429647, 71.76257049977903, 0.10932094562881822)
(7.0455474853515625, -590.525993042158, -359.3054567429647, 71.76257049977903, 0.10932094562881822)
(7.085669040679932, -590.2901743506443, -358.20374696405185, 72.10445455362057, 0.0682436611111985)
(7.125715970993042, -590.2901743506443, -358.20374696405185, 72.10445455362057, 0.0682436611111985)
(7.165678024291992, -590.2901743506443, -358.20374696405185, 72.10445455362057, 0.09744098683325042)
(7.205665111541748, -590.2901743506443, -358.20374696405185, 72.10445455362057, 0.09744098683325042)
(7.2460103034973145, -590.2901743506443, -358.20374696405185, 72.10445455362057, 0.09744098683325042)
(7.285839796066284, -590.0964486662825, -357.41046989770473, 72.46480143850303, 0.08978909073717745)
(7.326071739196777, -590.0964486662825, -357.41046989770473, 72.46480143850303, 0.08978909073717745)
(7.366041421890259, -590.0964486662825, -357.41046989770473, 72.46480143850303, 0.10147427192642944)
(7.406068563461304, -590.0964486662825, -357.41046989770473, 72.46480143850303, 0.10147427192642944)
(7.447490215301514, -590.0964486662825, -357.41046989770473, 72.46480143850303, 0.10147427192642944)
(7.486188173294067, -589.9209299292021, -357.1001954630712, 72.49988522249171, 0.12855167538690715)
(7.526171445846558, -589.9209299292021, -357.1001954630712, 72.49988522249171, 0.12855167538690715)
(7.566208839416504, -589.9209299292021, -357.1001954630712, 72.49988522249171, 0.13477766548984427)
(7.6064112186431885, -589.9209299292021, -357.1001954630712, 72.49988522249171, 0.13477766548984427)
(7.646229982376099, -589.9209299292021, -357.1001954630712, 72.49988522249171, 0.13477766548984427)
(7.686329126358032, -589.5472032575441, -356.92034854875897, 72.16532574512883, 0.14919034167548872)
(7.7266387939453125, -589.5472032575441, -356.92034854875897, 72.16532574512883, 0.14919034167548872)
(7.766427755355835, -589.5472032575441, -356.92034854875897, 72.16532574512883, 0.16159738633660226)
(7.806453704833984, -589.5472032575441, -356.92034854875897, 72.16532574512883, 0.16159738633660226)
(7.846357583999634, -589.5472032575441, -356.92034854875897, 72.16532574512883, 0.16159738633660226)
(7.886650800704956, -589.7488292260946, -356.22436739312315, 71.69199900791298, 0.17153345235053585)
(7.926747560501099, -589.7488292260946, -356.22436739312315, 71.69199900791298, 0.17153345235053585)
(7.96655797958374, -589.7488292260946, -356.22436739312315, 71.69199900791298, 0.17153345235053585)
(8.006550312042236, -589.7488292260946, -356.22436739312315, 71.69199900791298, 0.20077481823058818)
(8.046819686889648, -589.7488292260946, -356.22436739312315, 71.69199900791298, 0.20077481823058818)
(8.086854219436646, -590.3253956369869, -355.9733193555661, 70.93976077135362, 0.21663821753051415)
(8.126678228378296, -590.3253956369869, -355.9733193555661, 70.93976077135362, 0.21663821753051415)
(8.167026996612549, -590.3253956369869, -355.9733193555661, 70.93976077135362, 0.21663821753051415)
(8.207033634185791, -590.3253956369869, -355.9733193555661, 70.93976077135362, 0.18206578058368983)
(8.24704623222351, -590.3253956369869, -355.9733193555661, 70.93976077135362, 0.18206578058368983)
(8.287171840667725, -591.1700019261523, -355.7250650597777, 70.49171614493767, 0.13557725385470043)
(8.327152490615845, -591.1700019261523, -355.7250650597777, 70.49171614493767, 0.13557725385470043)
(8.367137670516968, -591.1700019261523, -355.7250650597777, 70.49171614493767, 0.13557725385470043)
(8.40711760520935, -591.1700019261523, -355.7250650597777, 70.49171614493767, 0.0879451031469749)
(8.447232007980347, -591.1700019261523, -355.7250650597777, 70.49171614493767, 0.0879451031469749)
(8.487390041351318, -592.0567824160787, -355.75624987817685, 69.88780808304342, 0.10484760762059331)
(8.527268409729004, -592.0567824160787, -355.75624987817685, 69.88780808304342, 0.10484760762059331)
(8.567302227020264, -592.0567824160787, -355.75624987817685, 69.88780808304342, 0.10484760762059331)
(8.607133865356445, -592.0567824160787, -355.75624987817685, 69.88780808304342, 0.08575629106024252)
(8.647358417510986, -592.5102370648482, -355.475288469134, 69.15259865758048, 0.16795011204134447)
(8.687467336654663, -592.5102370648482, -355.475288469134, 69.15259865758048, 0.16795011204134447)
(8.727447032928467, -592.5102370648482, -355.475288469134, 69.15259865758048, 0.16795011204134447)
(8.767393112182617, -592.5102370648482, -355.475288469134, 69.15259865758048, 0.16178758384545233)
(8.807308197021484, -592.5102370648482, -355.475288469134, 69.15259865758048, 0.16178758384545233)
(8.847465753555298, -592.3493755226949, -355.5964504754092, 68.85988087015525, 0.15625228688127457)
(8.887572526931763, -592.3493755226949, -355.5964504754092, 68.85988087015525, 0.15625228688127457)
(8.927539110183716, -592.3493755226949, -355.5964504754092, 68.85988087015525, 0.15625228688127457)
(8.967526912689209, -592.3493755226949, -355.5964504754092, 68.85988087015525, 0.1635942425787995)
(9.007676839828491, -592.3493755226949, -355.5964504754092, 68.85988087015525, 0.1635942425787995)
(9.04764175415039, -591.6691651921217, -355.7149118940816, 69.36153403375766, 0.15242740807705069)
(9.087657928466797, -591.6691651921217, -355.7149118940816, 69.36153403375766, 0.15242740807705069)
(9.127739429473877, -591.6691651921217, -355.7149118940816, 69.36153403375766, 0.15242740807705069)
(9.16767430305481, -591.6691651921217, -355.7149118940816, 69.36153403375766, 0.17571285501568745)
(9.207610607147217, -591.6691651921217, -355.7149118940816, 69.36153403375766, 0.17571285501568745)
(9.248135089874268, -591.6691651921217, -355.7149118940816, 69.36153403375766, 0.17571285501568745)
(9.287856817245483, -590.488211828205, -355.5892926359039, 70.04800032105818, 0.13757263639289619)
(9.3279128074646, -590.488211828205, -355.5892926359039, 70.04800032105818, 0.13757263639289619)
(9.367878437042236, -590.488211828205, -355.5892926359039, 70.04800032105818, 0.1400955454808095)
(9.40790319442749, -590.488211828205, -355.5892926359039, 70.04800032105818, 0.1400955454808095)
(9.448007345199585, -590.488211828205, -355.5892926359039, 70.04800032105818, 0.1400955454808095)
(9.488204956054688, -589.7070869577301, -355.692139489105, 70.10608010848738, 0.15602016586313638)
(9.528003215789795, -589.7070869577301, -355.692139489105, 70.10608010848738, 0.15602016586313638)
(9.568062782287598, -589.7070869577301, -355.692139489105, 70.10608010848738, 0.16898817553486722)
(9.608054161071777, -589.7070869577301, -355.692139489105, 70.10608010848738, 0.16898817553486722)
(9.648612260818481, -589.7070869577301, -355.692139489105, 70.10608010848738, 0.16898817553486722)
(9.688251972198486, -589.878370951333, -355.6880680900773, 69.55823490613193, 0.16912067129649166)
(9.728629350662231, -589.878370951333, -355.6880680900773, 69.55823490613193, 0.16912067129649166)
(9.768611669540405, -589.878370951333, -355.6880680900773, 69.55823490613193, 0.16613331108438878)
(9.808580160140991, -589.878370951333, -355.6880680900773, 69.55823490613193, 0.16613331108438878)
(9.84866738319397, -589.878370951333, -355.6880680900773, 69.55823490613193, 0.16613331108438878)
(9.888716220855713, -591.5381876594689, -355.5601670417865, 69.5947235693774, 0.14712018454048525)
(9.928812265396118, -591.5381876594689, -355.5601670417865, 69.5947235693774, 0.14712018454048525)
(9.96884822845459, -591.5381876594689, -355.5601670417865, 69.5947235693774, 0.04834706309767611)
(10.008715152740479, -591.5381876594689, -355.5601670417865, 69.5947235693774, 0.04834706309767611)
(10.048909187316895, -591.5381876594689, -355.5601670417865, 69.5947235693774, 0.04834706309767611)
(10.08900785446167, -593.2905114792188, -355.3630697879755, 69.5352251947865, 0.05080828326624953)
(10.128879070281982, -593.2905114792188, -355.3630697879755, 69.5352251947865, 0.05080828326624953)
(10.169250011444092, -593.2905114792188, -355.3630697879755, 69.5352251947865, 0.01962864581415147)
(10.208929300308228, -593.2905114792188, -355.3630697879755, 69.5352251947865, 0.01962864581415147)
(10.249075651168823, -593.2905114792188, -355.3630697879755, 69.5352251947865, 0.01962864581415147)
(10.289082527160645, -595.2475384379973, -354.2769787452561, 69.4916989789126, 0.02526256399464266)
(10.329586744308472, -595.2475384379973, -354.2769787452561, 69.4916989789126, 0.02526256399464266)
(10.870068073272705, -597.1622999289185, -351.97569909887466, 70.84124800882847, 0.001922381290865971)
(11.38718318939209, -595.5719437820909, -350.7975334972502, 71.17075034544871, 0.14694239292263056)
(11.42702865600586, -595.5719437820909, -350.7975334972502, 71.17075034544871, 0.14694239292263056)
(11.467033624649048, -593.6261440939381, -349.3869727649374, 70.95800214483855, 0.19560886928186427)
(11.506974458694458, -593.6261440939381, -349.3869727649374, 70.95800214483855, 0.19560886928186427)
(11.547054529190063, -593.6261440939381, -349.3869727649374, 70.95800214483855, 0.19560886928186427)
(11.587083339691162, -593.6261440939381, -349.3869727649374, 70.95800214483855, 2.5940635311594313)
(11.627172231674194, -593.6261440939381, -349.3869727649374, 70.95800214483855, 2.5940635311594313)
(11.667263507843018, -590.9481427706372, -347.15486919843465, 70.29989545952004, 6.247170815299576)
(11.707154989242554, -590.9481427706372, -347.15486919843465, 70.29989545952004, 6.247170815299576)
(11.747183084487915, -590.9481427706372, -347.15486919843465, 70.29989545952004, 6.247170815299576)
(11.787421941757202, -590.9481427706372, -347.15486919843465, 70.29989545952004, 10.055625606834694)
(11.827354192733765, -590.9481427706372, -347.15486919843465, 70.29989545952004, 10.055625606834694)
(11.867341995239258, -589.5015326794833, -344.60369624079533, 70.46313214892437, 7.55956547604602)
(11.907426595687866, -589.5015326794833, -344.60369624079533, 70.46313214892437, 7.55956547604602)
(11.947354078292847, -589.5015326794833, -344.60369624079533, 70.46313214892437, 7.55956547604602)
(11.987609386444092, -589.5015326794833, -344.60369624079533, 70.46313214892437, 8.528629236912352)
(12.027465105056763, -589.5015326794833, -344.60369624079533, 70.46313214892437, 8.528629236912352)
(12.067695140838623, -588.5819013045467, -340.739164360726, 70.53018887909043, 11.15067621818746)
(12.107990264892578, -588.5819013045467, -340.739164360726, 70.53018887909043, 11.15067621818746)
(12.14775824546814, -588.5819013045467, -340.739164360726, 70.53018887909043, 11.15067621818746)
(12.187810182571411, -588.5819013045467, -340.739164360726, 70.53018887909043, 14.598261871478858)
(12.227795362472534, -588.5819013045467, -340.739164360726, 70.53018887909043, 14.598261871478858)
(12.267727375030518, -589.173940045182, -335.52306033313863, 70.10698429485944, 18.033005582673628)
(12.307877779006958, -589.173940045182, -335.52306033313863, 70.10698429485944, 18.033005582673628)
(12.347890138626099, -589.173940045182, -335.52306033313863, 70.10698429485944, 18.033005582673628)
(12.387953042984009, -589.173940045182, -335.52306033313863, 70.10698429485944, 18.34858962925905)
(12.428065776824951, -589.173940045182, -335.52306033313863, 70.10698429485944, 18.34858962925905)
(12.467958450317383, -589.173940045182, -335.52306033313863, 70.10698429485944, 18.34858962925905)
(12.507904767990112, -589.3292482902428, -329.8664764272639, 69.26387468251275, 18.281862942282853)
(12.548421859741211, -589.3292482902428, -329.8664764272639, 69.26387468251275, 18.281862942282853)
(12.588619470596313, -589.3292482902428, -329.8664764272639, 69.26387468251275, 17.111473495336725)
(12.628307104110718, -589.3292482902428, -329.8664764272639, 69.26387468251275, 17.111473495336725)
(12.668062925338745, -589.3292482902428, -329.8664764272639, 69.26387468251275, 17.111473495336725)
(12.707974433898926, -589.2704599621579, -322.9149484584707, 67.99252808527517, 15.3420497382898)
(12.748167514801025, -589.2704599621579, -322.9149484584707, 67.99252808527517, 15.3420497382898)
(12.788305044174194, -589.2704599621579, -322.9149484584707, 67.99252808527517, 13.816029687492573)
(12.828405380249023, -589.2704599621579, -322.9149484584707, 67.99252808527517, 13.816029687492573)
(12.868194341659546, -589.2704599621579, -322.9149484584707, 67.99252808527517, 13.816029687492573)
(12.908090114593506, -588.6939542975463, -315.5573742345785, 67.59419146975121, 13.253985953999479)
(12.948388814926147, -588.6939542975463, -315.5573742345785, 67.59419146975121, 13.253985953999479)
(12.988547801971436, -588.6939542975463, -315.5573742345785, 67.59419146975121, 13.813358785289456)
(13.028985261917114, -588.6939542975463, -315.5573742345785, 67.59419146975121, 13.813358785289456)
(13.068909883499146, -588.6939542975463, -315.5573742345785, 67.59419146975121, 13.813358785289456)
(13.108752489089966, -587.884836261207, -309.3862612542089, 68.024759206457, 14.421384666096642)
(13.149266242980957, -587.884836261207, -309.3862612542089, 68.024759206457, 14.221177905688076)
(13.189177513122559, -587.884836261207, -309.3862612542089, 68.024759206457, 14.221177905688076)
(13.229122400283813, -587.884836261207, -309.3862612542089, 68.024759206457, 14.221177905688076)
(13.268991231918335, -587.367740935857, -303.2924121801665, 68.77046485326082, 13.484864462140685)
(13.3089280128479, -587.367740935857, -303.2924121801665, 68.77046485326082, 13.484864462140685)
(13.349209547042847, -587.367740935857, -303.2924121801665, 68.77046485326082, 12.614777102491459)
(13.389141321182251, -587.367740935857, -303.2924121801665, 68.77046485326082, 12.614777102491459)
(13.429082155227661, -587.367740935857, -303.2924121801665, 68.77046485326082, 12.614777102491459)
(13.46911334991455, -587.5427363379487, -297.1141829097482, 69.38413982630234, 12.474464176663252)
(13.508994817733765, -587.5427363379487, -297.1141829097482, 69.38413982630234, 12.474464176663252)
(13.54935908317566, -587.5427363379487, -297.1141829097482, 69.38413982630234, 12.17150138425389)
(13.589319229125977, -587.5427363379487, -297.1141829097482, 69.38413982630234, 12.17150138425389)
(13.629275560379028, -587.5427363379487, -297.1141829097482, 69.38413982630234, 12.17150138425389)
(13.669228553771973, -588.6466845795638, -290.8440089120545, 69.95600025830815, 12.088701815764626)
(13.709316968917847, -588.6466845795638, -290.8440089120545, 69.95600025830815, 12.088701815764626)
(13.74932050704956, -588.6466845795638, -290.8440089120545, 69.95600025830815, 12.088701815764626)
(13.789425134658813, -588.6466845795638, -290.8440089120545, 69.95600025830815, 11.973779765670859)
(13.830018043518066, -588.6466845795638, -290.8440089120545, 69.95600025830815, 11.973779765670859)
(13.869343280792236, -589.1501284428462, -284.71459339547084, 70.22695721138419, 12.077097730091577)
(13.909498453140259, -589.1501284428462, -284.71459339547084, 70.22695721138419, 12.077097730091577)
(13.949571132659912, -589.1501284428462, -284.71459339547084, 70.22695721138419, 12.077097730091577)
(13.989617586135864, -589.1501284428462, -284.71459339547084, 70.22695721138419, 12.34453561956459)
(14.029617071151733, -589.1501284428462, -284.71459339547084, 70.22695721138419, 12.34453561956459)
(14.06965970993042, -589.5878486251602, -279.31592838633026, 70.23963171933315, 12.642524198116734)
(14.109614372253418, -589.5878486251602, -279.31592838633026, 70.23963171933315, 12.642524198116734)
(14.1498122215271, -589.5878486251602, -279.31592838633026, 70.23963171933315, 12.642524198116734)
(14.189748525619507, -589.5878486251602, -279.31592838633026, 70.23963171933315, 12.743575993561285)
(14.23017930984497, -589.5878486251602, -279.31592838633026, 70.23963171933315, 12.743575993561285)
(14.270180702209473, -589.4103429242081, -273.96950061824947, 70.07742546429193, 12.666229497141213)
(14.310105085372925, -589.4103429242081, -273.96950061824947, 70.07742546429193, 12.666229497141213)
(14.350633382797241, -589.4103429242081, -273.96950061824947, 70.07742546429193, 12.666229497141213)
(14.390313625335693, -589.4103429242081, -273.96950061824947, 70.07742546429193, 12.672195116388716)
(14.430317163467407, -589.4103429242081, -273.96950061824947, 70.07742546429193, 12.672195116388716)
(14.470319032669067, -588.6059247817051, -268.7764726742918, 70.08095631334321, 12.740615561134062)
(14.510262489318848, -588.6059247817051, -268.7764726742918, 70.08095631334321, 12.740615561134062)
(14.550642490386963, -588.6059247817051, -268.7764726742918, 70.08095631334321, 12.740615561134062)
(14.590554475784302, -588.6059247817051, -268.7764726742918, 70.08095631334321, 12.908774359149668)
(14.630532264709473, -588.6059247817051, -268.7764726742918, 70.08095631334321, 12.908774359149668)
(14.670643329620361, -588.6059247817051, -268.7764726742918, 70.08095631334321, 12.908774359149668)
(14.710409164428711, -586.9373922542312, -264.26863727781335, 70.09466953894149, 13.061384057101275)
(14.750696897506714, -586.9373922542312, -264.26863727781335, 70.09466953894149, 13.061384057101275)
(14.790815830230713, -586.9373922542312, -264.26863727781335, 70.09466953894149, 13.076831424239614)
(14.830586194992065, -586.9373922542312, -264.26863727781335, 70.09466953894149, 13.076831424239614)
(14.870599269866943, -586.9373922542312, -264.26863727781335, 70.09466953894149, 13.076831424239614)
(14.910618543624878, -584.6804683562806, -260.2373498845585, 70.59802448384951, 12.91592644495594)
(14.950875043869019, -584.6804683562806, -260.2373498845585, 70.59802448384951, 12.91592644495594)
(14.991122722625732, -584.6804683562806, -260.2373498845585, 70.59802448384951, 12.731878519512478)
(15.030962944030762, -584.6804683562806, -260.2373498845585, 70.59802448384951, 12.731878519512478)
(15.070802688598633, -584.6804683562806, -260.2373498845585, 70.59802448384951, 12.731878519512478)
(15.11082649230957, -583.121987155697, -254.7875287530779, 70.97953928320048, 12.558850100971792)
(15.15112018585205, -583.121987155697, -254.7875287530779, 70.97953928320048, 12.558850100971792)
(15.191121816635132, -583.121987155697, -254.7875287530779, 70.97953928320048, 12.199335684902131)
(15.230978727340698, -583.121987155697, -254.7875287530779, 70.97953928320048, 12.199335684902131)
(15.270964622497559, -581.6519676984301, -248.97368551633633, 70.2938835856518, 11.843477672286102)
(15.310986995697021, -581.6519676984301, -248.97368551633633, 70.2938835856518, 11.843477672286102)
(15.351238250732422, -581.6519676984301, -248.97368551633633, 70.2938835856518, 11.389792831156944)
(15.391504526138306, -581.6519676984301, -248.97368551633633, 70.2938835856518, 11.389792831156944)
(15.431350469589233, -581.6519676984301, -248.97368551633633, 70.2938835856518, 11.389792831156944)
(15.471325397491455, -582.0032391354646, -243.22441707023194, 68.98768224113041, 11.349779925808653)
(15.51141095161438, -582.0032391354646, -243.22441707023194, 68.98768224113041, 11.349779925808653)
(15.55164098739624, -582.0032391354646, -243.22441707023194, 68.98768224113041, 11.834340735829109)
(15.591671705245972, -582.0032391354646, -243.22441707023194, 68.98768224113041, 11.834340735829109)
(15.631529569625854, -582.0032391354646, -243.22441707023194, 68.98768224113041, 11.834340735829109)
(15.671627283096313, -584.6247195383934, -237.51226686087645, 67.52801839210039, 12.057442047695677)
(15.71181869506836, -584.6247195383934, -237.51226686087645, 67.52801839210039, 12.057442047695677)
(15.751999616622925, -584.6247195383934, -237.51226686087645, 67.52801839210039, 11.962106374049274)
(15.79197645187378, -584.6247195383934, -237.51226686087645, 67.52801839210039, 11.962106374049274)
(15.834475755691528, -584.6247195383934, -237.51226686087645, 67.52801839210039, 11.962106374049274)
(15.871854066848755, -587.2385250200821, -232.7104907358119, 66.34543056142603, 11.565082065939647)
(15.911994934082031, -587.2385250200821, -232.7104907358119, 66.34543056142603, 11.565082065939647)
(15.951958417892456, -587.2385250200821, -232.7104907358119, 66.34543056142603, 11.565082065939647)
(15.992450475692749, -587.2385250200821, -232.7104907358119, 66.34543056142603, 11.33002186983362)
(16.03233504295349, -587.2385250200821, -232.7104907358119, 66.34543056142603, 11.33002186983362)
(16.07213544845581, -589.7008856932176, -229.1442371769735, 66.01011294872454, 11.634135563378058)
(16.112340450286865, -589.7008856932176, -229.1442371769735, 66.01011294872454, 11.634135563378058)
(16.152210474014282, -589.7008856932176, -229.1442371769735, 66.01011294872454, 11.634135563378058)
(16.192279815673828, -589.7008856932176, -229.1442371769735, 66.01011294872454, 12.351152074077106)
(16.232330799102783, -589.7008856932176, -229.1442371769735, 66.01011294872454, 12.351152074077106)
(16.27245855331421, -591.5608216044745, -226.13248093682267, 66.02980511748764, 12.61502404485439)
(16.312577962875366, -591.5608216044745, -226.13248093682267, 66.02980511748764, 12.61502404485439)
(16.35272455215454, -591.5608216044745, -226.13248093682267, 66.02980511748764, 12.61502404485439)
(16.392773389816284, -591.5608216044745, -226.13248093682267, 66.02980511748764, 12.243478656834885)
(16.43277859687805, -591.5608216044745, -226.13248093682267, 66.02980511748764, 12.243478656834885)
(16.472724199295044, -591.4776072098698, -223.6450079206553, 66.6603064943704, 11.887951343165966)
(16.51292085647583, -591.4776072098698, -223.6450079206553, 66.6603064943704, 11.887951343165966)
(16.553073406219482, -591.4776072098698, -223.6450079206553, 66.6603064943704, 11.887951343165966)
(16.592940092086792, -591.4776072098698, -223.6450079206553, 66.6603064943704, 11.95551806143624)
(16.6329128742218, -591.4776072098698, -223.6450079206553, 66.6603064943704, 11.95551806143624)
(16.672893524169922, -589.4926195933796, -220.88885789643885, 67.37357565147306, 12.025238913186321)
(16.71323013305664, -589.4926195933796, -220.88885789643885, 67.37357565147306, 12.025238913186321)
(16.753220796585083, -589.4926195933796, -220.88885789643885, 67.37357565147306, 12.025238913186321)
(16.79319453239441, -589.4926195933796, -220.88885789643885, 67.37357565147306, 12.167985532780285)
(16.83318042755127, -589.4926195933796, -220.88885789643885, 67.37357565147306, 12.167985532780285)
(16.873021841049194, -589.4926195933796, -220.88885789643885, 67.37357565147306, 12.167985532780285)
(16.91358709335327, -587.1776429444228, -217.58628439215863, 68.21392630072566, 12.350596841946068)
(16.953304290771484, -587.1776429444228, -217.58628439215863, 68.21392630072566, 12.350596841946068)
(16.993258237838745, -587.1776429444228, -217.58628439215863, 68.21392630072566, 12.490222786036444)
(17.033339977264404, -587.1776429444228, -217.58628439215863, 68.21392630072566, 12.490222786036444)
(17.0731360912323, -587.1776429444228, -217.58628439215863, 68.21392630072566, 12.490222786036444)
(17.113362789154053, -584.5699730082547, -213.73122917164892, 68.86328648635075, 12.654791862767105)
(17.15349292755127, -584.5699730082547, -213.73122917164892, 68.86328648635075, 12.654791862767105)
(17.194066762924194, -584.5699730082547, -213.73122917164892, 68.86328648635075, 12.726314157953931)
(17.234036445617676, -584.5699730082547, -213.73122917164892, 68.86328648635075, 12.726314157953931)
(17.27395248413086, -584.5699730082547, -213.73122917164892, 68.86328648635075, 12.726314157953931)
(17.314650297164917, -583.0464637071746, -209.912137520895, 68.67466406823799, 12.899962296874477)
(17.354280948638916, -583.0464637071746, -209.912137520895, 68.67466406823799, 12.899962296874477)
(17.394232749938965, -583.0464637071746, -209.912137520895, 68.67466406823799, 12.936976939424863)
(17.43402361869812, -583.0464637071746, -209.912137520895, 68.67466406823799, 12.936976939424863)
(17.4741370677948, -582.3512943564375, -204.83325484434852, 68.34825769068406, 12.78982126670088)
(17.51431441307068, -582.3512943564375, -204.83325484434852, 68.34825769068406, 12.78982126670088)
(17.554516792297363, -582.3512943564375, -204.83325484434852, 68.34825769068406, 12.567774473342798)
(17.594642162322998, -582.3512943564375, -204.83325484434852, 68.34825769068406, 12.567774473342798)
(17.635026693344116, -582.3512943564375, -204.83325484434852, 68.34825769068406, 12.567774473342798)
(17.675215244293213, -583.4245074920732, -199.4428966439841, 68.79176281881651, 12.569456234986793)
(17.715030670166016, -583.4245074920732, -199.4428966439841, 68.79176281881651, 12.569456234986793)
(17.75491428375244, -583.4245074920732, -199.4428966439841, 68.79176281881651, 13.012450972275538)
(17.794981718063354, -583.4245074920732, -199.4428966439841, 68.79176281881651, 13.012450972275538)
(17.834899425506592, -583.4245074920732, -199.4428966439841, 68.79176281881651, 13.012450972275538)
(17.874634504318237, -586.2709846788267, -193.90946874581306, 69.39320275348074, 13.551920915022132)
(17.91498637199402, -586.2709846788267, -193.90946874581306, 69.39320275348074, 13.551920915022132)
(17.955214977264404, -586.2709846788267, -193.90946874581306, 69.39320275348074, 13.5988098720435)
(17.995209217071533, -586.2709846788267, -193.90946874581306, 69.39320275348074, 13.5988098720435)
(18.034862279891968, -586.2709846788267, -193.90946874581306, 69.39320275348074, 13.5988098720435)
(18.07486343383789, -588.6283894903661, -188.79502395526143, 69.34154106133533, 13.747403889965886)
(18.115309953689575, -588.6283894903661, -188.79502395526143, 69.34154106133533, 13.747403889965886)
(18.155067920684814, -588.6283894903661, -188.79502395526143, 69.34154106133533, 13.896804667451669)
(18.19522976875305, -588.6283894903661, -188.79502395526143, 69.34154106133533, 13.896804667451669)
(18.23514723777771, -588.6283894903661, -188.79502395526143, 69.34154106133533, 13.896804667451669)
(18.275020599365234, -591.286438798505, -184.52218111029148, 69.25109853507273, 13.804748165504872)
(18.31514549255371, -591.286438798505, -184.52218111029148, 69.25109853507273, 13.804748165504872)
(18.355377674102783, -591.286438798505, -184.52218111029148, 69.25109853507273, 13.804748165504872)
(18.395179748535156, -591.286438798505, -184.52218111029148, 69.25109853507273, 12.806130749947553)
(18.435271501541138, -591.286438798505, -184.52218111029148, 69.25109853507273, 12.806130749947553)
(18.475151300430298, -593.1452125711864, -184.3317366881698, 69.10429325788095, 12.309647172650319)
