====================== HEADER ======================
Odometry data will folow format (time, x, y, z, yaw)
Landing site: (-1, x, y, z, yaw)
X = left and right
Y = foraward backward
Z = height
====================== SUCCESS ======================
('min', -180.5627158095445, 121.47180404511788, 125.87485323604324)
('max', -114.19225812086144, 135.61358074791553, 129.90354675820262)
('dlp', -157.6542471750606, 128.70481152979397, 110.50771313799164, 13.889642130000631)
28.414297103881836
(0, -147.9889255943667, -100.21344133033229, 127.7896583665683, -0.1323563507319676)
(0.0391082763671875, -147.9889255943667, -100.21344133033229, 127.7896583665683, -0.1323563507319676)
(0.0796513557434082, -147.9889255943667, -100.21344133033229, 127.7896583665683, -0.1323563507319676)
(0.11925292015075684, -148.34350804170555, -100.53292916745396, 127.62389004399735, -0.1709960907500907)
(0.15950560569763184, -148.34350804170555, -100.53292916745396, 127.62389004399735, -0.1709960907500907)
(0.19948816299438477, -148.34350804170555, -100.53292916745396, 127.62389004399735, -0.1372954147660188)
(0.23930668830871582, -148.34350804170555, -100.53292916745396, 127.62389004399735, -0.1372954147660188)
(0.2799515724182129, -148.34350804170555, -100.53292916745396, 127.62389004399735, -0.1372954147660188)
(0.31972360610961914, -148.47396778779475, -100.19566415069221, 127.5386677816806, -0.12544205600182323)
(0.3601078987121582, -148.47396778779475, -100.19566415069221, 127.5386677816806, -0.12544205600182323)
(0.3999974727630615, -148.47396778779475, -100.19566415069221, 127.5386677816806, -0.10835830418957926)
(0.43991780281066895, -148.47396778779475, -100.19566415069221, 127.5386677816806, -0.10835830418957926)
(0.4801766872406006, -148.47396778779475, -100.19566415069221, 127.5386677816806, -0.10835830418957926)
(0.5203101634979248, -148.51498976263815, -100.04336688437415, 126.41454450018162, -0.10955663807715155)
(0.5605461597442627, -148.51498976263815, -100.04336688437415, 126.41454450018162, -0.10955663807715155)
(0.600426197052002, -148.51498976263815, -100.04336688437415, 126.41454450018162, -0.11732291815155094)
(0.6402065753936768, -148.51498976263815, -100.04336688437415, 126.41454450018162, -0.11732291815155094)
(0.6805744171142578, -148.51498976263815, -100.04336688437415, 126.41454450018162, -0.11732291815155094)
(0.7206203937530518, -148.70507165072854, -99.77477649952155, 124.46261822510004, -0.14553301890828507)
(0.7605359554290771, -148.70507165072854, -99.77477649952155, 124.46261822510004, -0.14553301890828507)
(0.8005332946777344, -148.70507165072854, -99.77477649952155, 124.46261822510004, -0.14553301890828507)
(0.8404004573822021, -148.70507165072854, -99.77477649952155, 124.46261822510004, -0.1491005012272204)
(0.8809282779693604, -148.70507165072854, -99.77477649952155, 124.46261822510004, -0.1491005012272204)
(0.9207751750946045, -148.4205007298549, -99.52184128116818, 122.57651319595045, -0.151752538468358)
(0.9606008529663086, -148.4205007298549, -99.52184128116818, 122.57651319595045, -0.151752538468358)
(1.000537395477295, -148.4205007298549, -99.52184128116818, 122.57651319595045, -0.151752538468358)
(1.0405018329620361, -148.4205007298549, -99.52184128116818, 122.57651319595045, -0.11548918360653815)
(1.0808284282684326, -148.4205007298549, -99.52184128116818, 122.57651319595045, -0.11548918360653815)
(1.1209197044372559, -148.42044763836768, -99.20036234515382, 120.72713591264092, -0.11516413320187269)
(1.1608448028564453, -148.42044763836768, -99.20036234515382, 120.72713591264092, -0.11516413320187269)
(1.2008237838745117, -148.42044763836768, -99.20036234515382, 120.72713591264092, -0.11516413320187269)
(1.2407097816467285, -148.42044763836768, -99.20036234515382, 120.72713591264092, -0.09279648533652107)
(1.2810087203979492, -148.42044763836768, -99.20036234515382, 120.72713591264092, -0.09279648533652107)
(1.3212695121765137, -148.34576163052725, -99.01685921531164, 119.28160576875727, -0.08109135478289531)
(1.3609282970428467, -148.34576163052725, -99.01685921531164, 119.28160576875727, -0.08109135478289531)
(1.400846004486084, -148.34576163052725, -99.01685921531164, 119.28160576875727, -0.07929132977247733)
(1.4409794807434082, -148.34576163052725, -99.01685921531164, 119.28160576875727, -0.07929132977247733)
(1.481130599975586, -148.17261958218347, -99.04447831929349, 117.09659225042947, -0.06594520255024605)
(1.5214507579803467, -148.17261958218347, -99.04447831929349, 117.09659225042947, -0.06594520255024605)
(1.5612175464630127, -148.17261958218347, -99.04447831929349, 117.09659225042947, -0.06594520255024605)
(1.60093092918396, -148.17261958218347, -99.04447831929349, 117.09659225042947, -0.06777147034056341)
(1.6409094333648682, -148.17261958218347, -99.04447831929349, 117.09659225042947, -0.06777147034056341)
(1.6812233924865723, -147.9382039242113, -99.51547478576907, 114.91011471704985, -0.072084295118092)
(1.7213170528411865, -147.9382039242113, -99.51547478576907, 114.91011471704985, -0.072084295118092)
(1.761169672012329, -147.9382039242113, -99.51547478576907, 114.91011471704985, -0.072084295118092)
(1.8009772300720215, -147.9382039242113, -99.51547478576907, 114.91011471704985, -0.07456454543428848)
(1.8411381244659424, -147.9382039242113, -99.51547478576907, 114.91011471704985, -0.07456454543428848)
(1.8815734386444092, -147.90695027737127, -99.96028224921902, 113.32667991996414, -0.06365313413553508)
(1.9215342998504639, -147.90695027737127, -99.96028224921902, 113.32667991996414, -0.06365313413553508)
(1.9613003730773926, -147.90695027737127, -99.96028224921902, 113.32667991996414, -0.06365313413553508)
(2.001241683959961, -147.90695027737127, -99.96028224921902, 113.32667991996414, -0.08769030341771966)
(2.0412352085113525, -147.90695027737127, -99.96028224921902, 113.32667991996414, -0.08769030341771966)
(2.08154296875, -147.90695027737127, -99.96028224921902, 113.32667991996414, -0.08769030341771966)
(2.1215741634368896, -147.87711731298958, -100.56794694886523, 111.87722303352062, -0.10243542169996545)
(2.1615803241729736, -147.87711731298958, -100.56794694886523, 111.87722303352062, -0.10243542169996545)
(2.2014997005462646, -147.87711731298958, -100.56794694886523, 111.87722303352062, -0.08423121717392945)
(2.24137020111084, -147.87711731298958, -100.56794694886523, 111.87722303352062, -0.08423121717392945)
(2.281569719314575, -147.87711731298958, -100.56794694886523, 111.87722303352062, -0.08423121717392945)
(2.3216099739074707, -147.9757025818161, -100.89996693797654, 111.09062591206266, -0.07638731553596756)
(2.361671209335327, -147.9757025818161, -100.89996693797654, 111.09062591206266, -0.07638731553596756)
(2.401899814605713, -147.9757025818161, -100.89996693797654, 111.09062591206266, -0.0753071610400724)
(2.4420583248138428, -147.9757025818161, -100.89996693797654, 111.09062591206266, -0.0753071610400724)
(2.4821081161499023, -147.9757025818161, -100.89996693797654, 111.09062591206266, -0.0753071610400724)
(2.522296905517578, -148.41480222785577, -101.14487629237287, 110.66050463928016, -0.09017780286407273)
(2.56240177154541, -148.41480222785577, -101.14487629237287, 110.66050463928016, -0.09017780286407273)
(2.6021199226379395, -148.41480222785577, -101.14487629237287, 110.66050463928016, -0.06294508293704126)
(2.6422154903411865, -148.41480222785577, -101.14487629237287, 110.66050463928016, -0.06294508293704126)
(2.682389736175537, -148.41480222785577, -101.14487629237287, 110.66050463928016, -0.06294508293704126)
(2.722561836242676, -148.88093686885642, -101.39227017545338, 110.32680981427029, -0.057895297020898795)
(2.76237416267395, -148.88093686885642, -101.39227017545338, 110.32680981427029, -0.057895297020898795)
(2.802241325378418, -148.88093686885642, -101.39227017545338, 110.32680981427029, -0.04394317491695077)
(2.8423359394073486, -148.88093686885642, -101.39227017545338, 110.32680981427029, -0.04394317491695077)
(2.882526397705078, -148.88093686885642, -101.39227017545338, 110.32680981427029, -0.04394317491695077)
(2.9226996898651123, -149.20735663263125, -101.17962048337615, 110.53636035073127, -0.03418101426629505)
(2.9625720977783203, -149.20735663263125, -101.17962048337615, 110.53636035073127, -0.03418101426629505)
(3.002676486968994, -149.20735663263125, -101.17962048337615, 110.53636035073127, -0.008864710050598745)
(3.042498826980591, -149.20735663263125, -101.17962048337615, 110.53636035073127, -0.008864710050598745)
(3.0826923847198486, -149.20735663263125, -101.17962048337615, 110.53636035073127, -0.008864710050598745)
(3.1227850914001465, -149.63578834325554, -101.11252687694167, 110.8332484808041, -0.012896573680908574)
(3.1627962589263916, -149.63578834325554, -101.11252687694167, 110.8332484808041, -0.012896573680908574)
(3.2026212215423584, -149.63578834325554, -101.11252687694167, 110.8332484808041, -0.012896573680908574)
(3.2426083087921143, -149.63578834325554, -101.11252687694167, 110.8332484808041, -0.03470400622910219)
(3.282968282699585, -149.63578834325554, -101.11252687694167, 110.8332484808041, -0.03470400622910219)
(3.3230223655700684, -150.19631656312905, -100.66114210671935, 111.21774104007196, -0.05143274576172985)
(3.3629860877990723, -150.19631656312905, -100.66114210671935, 111.21774104007196, -0.05143274576172985)
(3.4028005599975586, -150.19631656312905, -100.66114210671935, 111.21774104007196, -0.05143274576172985)
(3.442908525466919, -150.19631656312905, -100.66114210671935, 111.21774104007196, -0.06538671888316117)
(3.483156681060791, -150.19631656312905, -100.66114210671935, 111.21774104007196, -0.06538671888316117)
(3.5235202312469482, -150.75054046758675, -99.9111892381404, 112.1413648208209, -0.07062499667526012)
(3.5629916191101074, -150.75054046758675, -99.9111892381404, 112.1413648208209, -0.07062499667526012)
(3.6030216217041016, -150.75054046758675, -99.9111892381404, 112.1413648208209, -0.09701472621516416)
(3.643017530441284, -150.75054046758675, -99.9111892381404, 112.1413648208209, -0.09701472621516416)
(3.683351516723633, -150.97651750651337, -99.03151571896028, 112.71653217432124, -0.11066791561018618)
(3.7233974933624268, -150.97651750651337, -99.03151571896028, 112.71653217432124, -0.11066791561018618)
(3.763317823410034, -150.97651750651337, -99.03151571896028, 112.71653217432124, -0.11066791561018618)
(3.8031797409057617, -150.97651750651337, -99.03151571896028, 112.71653217432124, -0.16537516074288305)
(3.8431527614593506, -150.97651750651337, -99.03151571896028, 112.71653217432124, -0.16537516074288305)
(3.883345603942871, -151.17751611508055, -98.03929827088824, 113.49671008068668, -0.16204128263740003)
(3.923828601837158, -151.17751611508055, -98.03929827088824, 113.49671008068668, -0.16204128263740003)
(3.9635441303253174, -151.17751611508055, -98.03929827088824, 113.49671008068668, -0.16204128263740003)
(4.003363609313965, -151.17751611508055, -98.03929827088824, 113.49671008068668, -0.18469082649250268)
(4.043440341949463, -151.17751611508055, -98.03929827088824, 113.49671008068668, -0.18469082649250268)
(4.08381462097168, -151.49845787909584, -96.77299993735893, 113.97917441456715, -0.1906604254057882)
(4.123599052429199, -151.49845787909584, -96.77299993735893, 113.97917441456715, -0.1906604254057882)
(4.163709402084351, -151.49845787909584, -96.77299993735893, 113.97917441456715, -0.1906604254057882)
(4.203536748886108, -151.49845787909584, -96.77299993735893, 113.97917441456715, -0.1967885374846965)
(4.243630886077881, -151.49845787909584, -96.77299993735893, 113.97917441456715, -0.1967885374846965)
(4.283925294876099, -151.78404726368655, -95.89839570426969, 113.66775352225112, -0.2164659670971183)
(4.324336528778076, -151.78404726368655, -95.89839570426969, 113.66775352225112, -0.2164659670971183)
(4.364187002182007, -151.78404726368655, -95.89839570426969, 113.66775352225112, -0.2164659670971183)
(4.404085397720337, -151.78404726368655, -95.89839570426969, 113.66775352225112, -0.20283798268797426)
(4.444666862487793, -151.78404726368655, -95.89839570426969, 113.66775352225112, -0.20283798268797426)
(4.484442710876465, -151.78404726368655, -95.89839570426969, 113.66775352225112, -0.20283798268797426)
(4.5245866775512695, -152.06126955821426, -95.00602881251876, 113.16491880731598, -0.21071135947649822)
(4.564313650131226, -152.06126955821426, -95.00602881251876, 113.16491880731598, -0.21071135947649822)
(4.60424017906189, -152.06126955821426, -95.00602881251876, 113.16491880731598, -0.22002036087083354)
(4.644447326660156, -152.06126955821426, -95.00602881251876, 113.16491880731598, -0.22002036087083354)
(4.68460488319397, -152.06126955821426, -95.00602881251876, 113.16491880731598, -0.22002036087083354)
(4.72456693649292, -152.41199333940654, -94.43515674457987, 112.59473626844874, -0.2385080792761336)
(4.7644829750061035, -152.41199333940654, -94.43515674457987, 112.59473626844874, -0.2385080792761336)
(4.804371118545532, -152.41199333940654, -94.43515674457987, 112.59473626844874, -0.22063547784338766)
(4.844998598098755, -152.41199333940654, -94.43515674457987, 112.59473626844874, -0.22063547784338766)
(4.884774684906006, -152.41199333940654, -94.43515674457987, 112.59473626844874, -0.22063547784338766)
(4.925119638442993, -152.56087447472134, -93.79715205660732, 112.36820509276069, -0.2265110206907721)
(4.964959144592285, -152.56087447472134, -93.79715205660732, 112.36820509276069, -0.2265110206907721)
(5.0049004554748535, -152.56087447472134, -93.79715205660732, 112.36820509276069, -0.23861353817802922)
(5.045083999633789, -152.56087447472134, -93.79715205660732, 112.36820509276069, -0.23861353817802922)
(5.085298538208008, -152.56087447472134, -93.79715205660732, 112.36820509276069, -0.23861353817802922)
(5.125129222869873, -153.05023239686454, -93.11271846363928, 112.16605950954906, -0.27255195233189866)
(5.165117025375366, -153.05023239686454, -93.11271846363928, 112.16605950954906, -0.27255195233189866)
(5.20501708984375, -153.05023239686454, -93.11271846363928, 112.16605950954906, -0.2630840763425937)
(5.245546102523804, -153.05023239686454, -93.11271846363928, 112.16605950954906, -0.2630840763425937)
(5.285358667373657, -153.05023239686454, -93.11271846363928, 112.16605950954906, -0.2630840763425937)
(5.32528281211853, -153.56509155142768, -92.53673844517829, 112.1771540219898, -0.23519304004407715)
(5.3652544021606445, -153.56509155142768, -92.53673844517829, 112.1771540219898, -0.23519304004407715)
(5.405143737792969, -153.56509155142768, -92.53673844517829, 112.1771540219898, -0.23519304004407715)
(5.445565700531006, -153.56509155142768, -92.53673844517829, 112.1771540219898, -0.2249726165376984)
(5.4854514598846436, -153.56509155142768, -92.53673844517829, 112.1771540219898, -0.2249726165376984)
(5.525803089141846, -153.6024807112414, -92.03077874170688, 112.88098872374223, -0.22551169828251716)
(5.5654449462890625, -153.6024807112414, -92.03077874170688, 112.88098872374223, -0.22551169828251716)
(5.605236768722534, -153.6024807112414, -92.03077874170688, 112.88098872374223, -0.22551169828251716)
(5.645426511764526, -153.6024807112414, -92.03077874170688, 112.88098872374223, -0.24316038180898403)
(5.685614824295044, -153.6024807112414, -92.03077874170688, 112.88098872374223, -0.24316038180898403)
(5.7257020473480225, -153.41896800431232, -91.41641921321991, 113.75557628783332, -0.20850790981150524)
(5.7654383182525635, -153.41896800431232, -91.41641921321991, 113.75557628783332, -0.20850790981150524)
(5.805346250534058, -153.41896800431232, -91.41641921321991, 113.75557628783332, -0.20850790981150524)
(5.845451593399048, -153.41896800431232, -91.41641921321991, 113.75557628783332, -0.20770522601156216)
(5.885686159133911, -153.01471995445087, -90.51182411104962, 114.26818225672491, -0.2040836615445194)
(5.925747632980347, -153.01471995445087, -90.51182411104962, 114.26818225672491, -0.2040836615445194)
(5.965641975402832, -153.01471995445087, -90.51182411104962, 114.26818225672491, -0.2040836615445194)
(6.00553822517395, -153.01471995445087, -90.51182411104962, 114.26818225672491, -0.22962610500782077)
(6.0459771156311035, -153.01471995445087, -90.51182411104962, 114.26818225672491, -0.22962610500782077)
(6.085984468460083, -152.47963565423868, -89.6599989093951, 114.01093867943294, -0.22550556276012657)
(6.125897169113159, -152.47963565423868, -89.6599989093951, 114.01093867943294, -0.22550556276012657)
(6.165857791900635, -152.47963565423868, -89.6599989093951, 114.01093867943294, -0.22550556276012657)
(6.2057225704193115, -152.47963565423868, -89.6599989093951, 114.01093867943294, -0.21292126723506755)
(6.2460222244262695, -152.47963565423868, -89.6599989093951, 114.01093867943294, -0.21292126723506755)
(6.286044359207153, -151.839972375142, -89.2186141408855, 113.36220209888052, -0.21012515627083772)
(6.326244831085205, -151.839972375142, -89.2186141408855, 113.36220209888052, -0.21012515627083772)
(6.366112947463989, -151.839972375142, -89.2186141408855, 113.36220209888052, -0.21012515627083772)
(6.406018495559692, -151.839972375142, -89.2186141408855, 113.36220209888052, -0.21489196132960942)
(6.446403503417969, -151.839972375142, -89.2186141408855, 113.36220209888052, -0.21489196132960942)
(6.486530303955078, -151.29076644321438, -88.42896409180953, 113.06975241432066, -0.21547143732328422)
(6.526434898376465, -151.29076644321438, -88.42896409180953, 113.06975241432066, -0.21547143732328422)
(6.566378831863403, -151.29076644321438, -88.42896409180953, 113.06975241432066, -0.21547143732328422)
(6.60619330406189, -151.29076644321438, -88.42896409180953, 113.06975241432066, -0.18897958523791303)
(6.646481990814209, -151.29076644321438, -88.42896409180953, 113.06975241432066, -0.18897958523791303)
(6.686676025390625, -151.15127665690156, -87.6865014646401, 113.55522900804003, -0.18992434991312024)
(6.726437330245972, -151.15127665690156, -87.6865014646401, 113.55522900804003, -0.18992434991312024)
(6.766433000564575, -151.15127665690156, -87.6865014646401, 113.55522900804003, -0.18992434991312024)
(6.8063225746154785, -151.15127665690156, -87.6865014646401, 113.55522900804003, -0.14550886420745357)
(6.846946716308594, -151.15127665690156, -87.6865014646401, 113.55522900804003, -0.14550886420745357)
(6.886728763580322, -151.15127665690156, -87.6865014646401, 113.55522900804003, -0.14550886420745357)
(6.926748514175415, -151.4169462356092, -86.99424082817566, 114.13973667605214, -0.1274591474229716)
(6.966635465621948, -151.4169462356092, -86.99424082817566, 114.13973667605214, -0.1274591474229716)
(7.006484746932983, -151.4169462356092, -86.99424082817566, 114.13973667605214, -0.13004444222599076)
(7.0466392040252686, -151.4169462356092, -86.99424082817566, 114.13973667605214, -0.13004444222599076)
(7.0868613719940186, -151.4169462356092, -86.99424082817566, 114.13973667605214, -0.13004444222599076)
(7.126849889755249, -151.64937640659699, -86.10969482407938, 114.48783326552682, -0.09999045216769531)
(7.166734933853149, -151.64937640659699, -86.10969482407938, 114.48783326552682, -0.09999045216769531)
(7.2065887451171875, -151.64937640659699, -86.10969482407938, 114.48783326552682, -0.10058267424171063)
(7.246701240539551, -151.64937640659699, -86.10969482407938, 114.48783326552682, -0.10058267424171063)
(7.287027597427368, -151.64937640659699, -86.10969482407938, 114.48783326552682, -0.10058267424171063)
(7.327021598815918, -152.28309708633014, -85.04707824077497, 114.66617726135578, -0.08040702186779569)
(7.3669610023498535, -152.28309708633014, -85.04707824077497, 114.66617726135578, -0.08040702186779569)
(7.40681529045105, -152.28309708633014, -85.04707824077497, 114.66617726135578, -0.0762740273680933)
(7.447019338607788, -152.28309708633014, -85.04707824077497, 114.66617726135578, -0.0762740273680933)
(7.487185478210449, -152.28309708633014, -85.04707824077497, 114.66617726135578, -0.0762740273680933)
(7.527350425720215, -152.7585025079, -84.22987080915952, 114.68509871636067, -0.09811523783621112)
(7.56718111038208, -152.7585025079, -84.22987080915952, 114.68509871636067, -0.09811523783621112)
(7.607125997543335, -152.7585025079, -84.22987080915952, 114.68509871636067, -0.10808979501144833)
(7.647358417510986, -152.7585025079, -84.22987080915952, 114.68509871636067, -0.10808979501144833)
(7.6874189376831055, -152.7585025079, -84.22987080915952, 114.68509871636067, -0.10808979501144833)
(7.7272398471832275, -153.1609715837331, -83.65076425922251, 114.57670859454043, -0.09535855209773914)
(7.767170190811157, -153.1609715837331, -83.65076425922251, 114.57670859454043, -0.09535855209773914)
(7.807224750518799, -153.1609715837331, -83.65076425922251, 114.57670859454043, -0.07445713018488576)
(7.8473961353302, -153.1609715837331, -83.65076425922251, 114.57670859454043, -0.07445713018488576)
(7.88749623298645, -153.1609715837331, -83.65076425922251, 114.57670859454043, -0.07445713018488576)
(7.927329063415527, -153.390708433474, -83.29697745253395, 114.39177337279372, -0.0769953188324557)
(7.96717381477356, -153.390708433474, -83.29697745253395, 114.39177337279372, -0.0769953188324557)
(8.007256031036377, -153.390708433474, -83.29697745253395, 114.39177337279372, -0.0769953188324557)
(8.047425031661987, -153.390708433474, -83.29697745253395, 114.39177337279372, -0.0752756726393109)
(8.087619304656982, -153.390708433474, -83.29697745253395, 114.39177337279372, -0.0752756726393109)
(8.127520084381104, -153.35836698518185, -82.75873146355816, 113.97970639431222, -0.0669992363407026)
(8.167333841323853, -153.35836698518185, -82.75873146355816, 113.97970639431222, -0.0669992363407026)
(8.207350730895996, -153.35836698518185, -82.75873146355816, 113.97970639431222, -0.0669992363407026)
(8.24755048751831, -153.35836698518185, -82.75873146355816, 113.97970639431222, -0.07204665566323598)
(8.287773132324219, -153.4397103516332, -82.18488773770386, 113.67362386069712, -0.08379677485928738)
(8.328035593032837, -153.4397103516332, -82.18488773770386, 113.67362386069712, -0.08379677485928738)
(8.36748743057251, -153.4397103516332, -82.18488773770386, 113.67362386069712, -0.08379677485928738)
(8.407650470733643, -153.4397103516332, -82.18488773770386, 113.67362386069712, -0.1040972108715259)
(8.447832584381104, -153.4397103516332, -82.18488773770386, 113.67362386069712, -0.1040972108715259)
(8.488011598587036, -152.97133903507216, -81.66207065735085, 113.37915633854843, -0.10505749656698171)
(8.527771234512329, -152.97133903507216, -81.66207065735085, 113.37915633854843, -0.10505749656698171)
(8.567594766616821, -152.97133903507216, -81.66207065735085, 113.37915633854843, -0.10505749656698171)
(8.607807636260986, -152.97133903507216, -81.66207065735085, 113.37915633854843, -0.05890723214261229)
(8.647955656051636, -152.97133903507216, -81.66207065735085, 113.37915633854843, -0.05890723214261229)
(8.688217163085938, -152.6663690979069, -81.06569811733591, 113.46690834683241, -0.024093432202139553)
(8.72791838645935, -152.6663690979069, -81.06569811733591, 113.46690834683241, -0.024093432202139553)
(8.767738103866577, -152.6663690979069, -81.06569811733591, 113.46690834683241, -0.024093432202139553)
(8.807790040969849, -152.6663690979069, -81.06569811733591, 113.46690834683241, -0.010008053675832684)
(8.848008394241333, -152.6663690979069, -81.06569811733591, 113.46690834683241, -0.010008053675832684)
(8.888194799423218, -152.3044944464, -80.77644414163058, 113.74617557757969, -0.014692078369421324)
(8.92798113822937, -152.3044944464, -80.77644414163058, 113.74617557757969, -0.014692078369421324)
(8.967843055725098, -152.3044944464, -80.77644414163058, 113.74617557757969, -0.014692078369421324)
(9.007788896560669, -152.3044944464, -80.77644414163058, 113.74617557757969, -0.022074228999755974)
(9.048104286193848, -152.3044944464, -80.77644414163058, 113.74617557757969, -0.022074228999755974)
(9.08817434310913, -151.77672811589974, -80.35136864230407, 113.87676380109815, -0.015923603804786524)
(9.127980709075928, -151.77672811589974, -80.35136864230407, 113.87676380109815, -0.015923603804786524)
(9.167872428894043, -151.77672811589974, -80.35136864230407, 113.87676380109815, -0.015923603804786524)
(9.207998752593994, -151.77672811589974, -80.35136864230407, 113.87676380109815, -0.048464484124508544)
(9.248254776000977, -151.77672811589974, -80.35136864230407, 113.87676380109815, -0.048464484124508544)
(9.288397789001465, -151.77672811589974, -80.35136864230407, 113.87676380109815, -0.048464484124508544)
(9.328354835510254, -151.58058601507946, -79.97092357617157, 113.77492281932062, -0.11625058259164334)
(9.368146896362305, -151.58058601507946, -79.97092357617157, 113.77492281932062, -0.11625058259164334)
(9.408169507980347, -151.58058601507946, -79.97092357617157, 113.77492281932062, -0.13594020593558298)
(9.448588371276855, -151.58058601507946, -79.97092357617157, 113.77492281932062, -0.13594020593558298)
(9.488985776901245, -151.58058601507946, -79.97092357617157, 113.77492281932062, -0.13594020593558298)
(9.529038667678833, -151.28930031028997, -79.77242226843168, 113.23281199065497, -0.12925911273383406)
(9.569170236587524, -151.28930031028997, -79.77242226843168, 113.23281199065497, -0.12925911273383406)
(9.608945369720459, -151.28930031028997, -79.77242226843168, 113.23281199065497, -0.11829597942328363)
(9.649109363555908, -151.28930031028997, -79.77242226843168, 113.23281199065497, -0.11829597942328363)
(9.689164876937866, -151.28930031028997, -79.77242226843168, 113.23281199065497, -0.11829597942328363)
(9.729018449783325, -150.95177584559733, -79.48035664531756, 113.12803263693324, -0.11209656693833736)
(9.768953323364258, -150.95177584559733, -79.48035664531756, 113.12803263693324, -0.11209656693833736)
(9.808903694152832, -150.95177584559733, -79.48035664531756, 113.12803263693324, -0.104403943933562)
(9.849228382110596, -150.95177584559733, -79.48035664531756, 113.12803263693324, -0.104403943933562)
(9.889219045639038, -150.95177584559733, -79.48035664531756, 113.12803263693324, -0.104403943933562)
(9.929142236709595, -151.06153724563347, -79.02007641091875, 113.64870202736705, -0.09684524759123647)
(9.969057559967041, -151.06153724563347, -79.02007641091875, 113.64870202736705, -0.09684524759123647)
(10.009055137634277, -151.06153724563347, -79.02007641091875, 113.64870202736705, -0.056498701272140295)
(10.049370050430298, -151.06153724563347, -79.02007641091875, 113.64870202736705, -0.056498701272140295)
(10.089415311813354, -151.06153724563347, -79.02007641091875, 113.64870202736705, -0.056498701272140295)
(10.129451990127563, -151.77871764880723, -78.52429395064524, 114.14334855534824, -0.03542298708129721)
(10.169304370880127, -151.77871764880723, -78.52429395064524, 114.14334855534824, -0.03542298708129721)
(10.209385395050049, -151.77871764880723, -78.52429395064524, 114.14334855534824, -0.055082651251780135)
(10.249633073806763, -151.77871764880723, -78.52429395064524, 114.14334855534824, -0.055082651251780135)
(10.289743661880493, -151.77871764880723, -78.52429395064524, 114.14334855534824, -0.055082651251780135)
(10.329597234725952, -152.19325144426116, -77.86934706350463, 114.2388718476259, -0.042096168276732016)
(10.36954665184021, -152.19325144426116, -77.86934706350463, 114.2388718476259, -0.042096168276732016)
(10.409505844116211, -152.19325144426116, -77.86934706350463, 114.2388718476259, -0.042096168276732016)
(10.449733972549438, -152.19325144426116, -77.86934706350463, 114.2388718476259, -0.04369180762508762)
(10.489884853363037, -152.19325144426116, -77.86934706350463, 114.2388718476259, -0.04369180762508762)
(10.529841899871826, -153.42358374661924, -77.81653204450177, 113.8900999047323, -0.03218167309406894)
(10.569764614105225, -153.42358374661924, -77.81653204450177, 113.8900999047323, -0.028208401995158283)
(10.609639644622803, -153.42358374661924, -77.81653204450177, 113.8900999047323, -0.028208401995158283)
(10.649863958358765, -153.42358374661924, -77.81653204450177, 113.8900999047323, -0.028208401995158283)
(10.690139293670654, -154.2667173121749, -77.43924295783147, 112.96588796823872, -0.04841737901844212)
(10.729924440383911, -154.2667173121749, -77.43924295783147, 112.96588796823872, -0.04841737901844212)
(10.769751071929932, -154.2667173121749, -77.43924295783147, 112.96588796823872, -0.04841737901844212)
(10.809786796569824, -154.2667173121749, -77.43924295783147, 112.96588796823872, -0.03396585204789915)
(10.849988460540771, -154.2667173121749, -77.43924295783147, 112.96588796823872, -0.03396585204789915)
(10.89005422592163, -154.4064951275953, -77.05826467571177, 112.09762709236496, -0.006512009928755447)
(10.930018663406372, -154.4064951275953, -77.05826467571177, 112.09762709236496, -0.006512009928755447)
(10.969948053359985, -154.4064951275953, -77.05826467571177, 112.09762709236496, -0.006512009928755447)
(11.010005235671997, -154.4064951275953, -77.05826467571177, 112.09762709236496, -0.009393067150959666)
(11.050201892852783, -154.4064951275953, -77.05826467571177, 112.09762709236496, -0.009393067150959666)
(11.090324640274048, -154.33826691744122, -76.53508866944041, 111.98222557771919, -0.0011156912364640448)
(11.130239009857178, -154.33826691744122, -76.53508866944041, 111.98222557771919, -0.0011156912364640448)
(11.170020818710327, -154.33826691744122, -76.53508866944041, 111.98222557771919, -0.0011156912364640448)
(11.210078477859497, -154.33826691744122, -76.53508866944041, 111.98222557771919, 0.05697138802132784)
(11.250337362289429, -154.33826691744122, -76.53508866944041, 111.98222557771919, 0.05697138802132784)
(11.290630578994751, -153.7506463341804, -75.65926293470962, 112.45721788331925, 0.11105546852105164)
(11.330595016479492, -153.7506463341804, -75.65926293470962, 112.45721788331925, 0.11105546852105164)
(11.370399236679077, -153.7506463341804, -75.65926293470962, 112.45721788331925, 0.11105546852105164)
(11.410336256027222, -153.7506463341804, -75.65926293470962, 112.45721788331925, 0.1445973565922536)
(11.450655937194824, -153.7506463341804, -75.65926293470962, 112.45721788331925, 0.1445973565922536)
(11.490783214569092, -153.27122454098475, -74.76432529482973, 113.74629062455608, 0.12698952020279464)
(11.53074049949646, -153.27122454098475, -74.76432529482973, 113.74629062455608, 0.12698952020279464)
(11.57111644744873, -153.27122454098475, -74.76432529482973, 113.74629062455608, 0.12698952020279464)
(11.610584020614624, -153.27122454098475, -74.76432529482973, 113.74629062455608, 0.14577903183291951)
(11.650805950164795, -153.27122454098475, -74.76432529482973, 113.74629062455608, 0.14577903183291951)
(11.690898656845093, -153.27122454098475, -74.76432529482973, 113.74629062455608, 0.14577903183291951)
(11.730852365493774, -153.50489303737953, -74.072200642197, 115.07811968057956, 0.09684691102831167)
(11.770693063735962, -153.50489303737953, -74.072200642197, 115.07811968057956, 0.09684691102831167)
(11.810710906982422, -153.50489303737953, -74.072200642197, 115.07811968057956, 0.05093910236299237)
(11.851077318191528, -153.50489303737953, -74.072200642197, 115.07811968057956, 0.05093910236299237)
(11.891048669815063, -153.50489303737953, -74.072200642197, 115.07811968057956, 0.05093910236299237)
(11.930982828140259, -153.1904414362173, -73.43162605848258, 115.65995017317364, 0.021835692724664568)
(11.970993041992188, -153.1904414362173, -73.43162605848258, 115.65995017317364, 0.021835692724664568)
(12.011178255081177, -153.1904414362173, -73.43162605848258, 115.65995017317364, 0.002634349663388491)
(12.051221370697021, -153.1904414362173, -73.43162605848258, 115.65995017317364, 0.002634349663388491)
(12.091063499450684, -153.1904414362173, -73.43162605848258, 115.65995017317364, 0.002634349663388491)
(12.131119728088379, -153.1762552304358, -72.6164561801271, 115.1999429469491, 0.005681106022365157)
(12.171120166778564, -153.1762552304358, -72.6164561801271, 115.1999429469491, 0.005681106022365157)
(12.211127996444702, -153.1762552304358, -72.6164561801271, 115.1999429469491, -0.024133210469582167)
(12.251362562179565, -153.1762552304358, -72.6164561801271, 115.1999429469491, -0.024133210469582167)
(12.291378259658813, -153.1762552304358, -72.6164561801271, 115.1999429469491, -0.024133210469582167)
(12.331202745437622, -153.0597476714915, -71.94907831296375, 114.47663783567647, -0.0574442248549083)
(12.37126636505127, -153.0597476714915, -71.94907831296375, 114.47663783567647, -0.0574442248549083)
(12.411787748336792, -153.0597476714915, -71.94907831296375, 114.47663783567647, -0.04843961025776977)
(12.451509952545166, -153.0597476714915, -71.94907831296375, 114.47663783567647, -0.04843961025776977)
(12.491371154785156, -153.0597476714915, -71.94907831296375, 114.47663783567647, -0.04843961025776977)
(12.531390190124512, -152.8168451122192, -71.85610038291765, 113.28716794014312, -0.07015141324040997)
(12.571343898773193, -152.8168451122192, -71.85610038291765, 113.28716794014312, -0.07015141324040997)
(12.61263132095337, -152.8168451122192, -71.85610038291765, 113.28716794014312, -0.08386322224022535)
(12.651721477508545, -152.8168451122192, -71.85610038291765, 113.28716794014312, -0.08386322224022535)
(12.691958904266357, -152.8168451122192, -71.85610038291765, 113.28716794014312, -0.08386322224022535)
(12.731899738311768, -152.6044770954739, -71.83651337458622, 112.65060224734792, -0.0327604390623506)
(12.771864414215088, -152.6044770954739, -71.83651337458622, 112.65060224734792, -0.0327604390623506)
(12.812162637710571, -152.6044770954739, -71.83651337458622, 112.65060224734792, -0.0327604390623506)
(12.852165460586548, -152.6044770954739, -71.83651337458622, 112.65060224734792, -0.016764213876552247)
(12.892228841781616, -152.33718209550779, -71.6261114086144, 112.08891516862785, -0.017524063795001155)
(12.931962728500366, -152.33718209550779, -71.6261114086144, 112.08891516862785, -0.017524063795001155)
(12.971909999847412, -152.33718209550779, -71.6261114086144, 112.08891516862785, -0.02793037232328288)
(13.012376308441162, -152.33718209550779, -71.6261114086144, 112.08891516862785, -0.02793037232328288)
(13.05220651626587, -152.33718209550779, -71.6261114086144, 112.08891516862785, -0.02793037232328288)
(13.092190742492676, -152.30288832966397, -71.39663009161806, 112.03334952925424, -0.051610804186278614)
(13.13224744796753, -152.30288832966397, -71.39663009161806, 112.03334952925424, -0.051610804186278614)
(13.171963453292847, -152.30288832966397, -71.39663009161806, 112.03334952925424, -0.051610804186278614)
(13.212550401687622, -152.30288832966397, -71.39663009161806, 112.03334952925424, -0.06592871230461839)
(13.252351999282837, -152.30288832966397, -71.39663009161806, 112.03334952925424, -0.06592871230461839)
(13.292309761047363, -152.0640973366865, -70.8742052311071, 112.52519148492739, -0.07080656161220489)
(13.332197904586792, -152.0640973366865, -70.8742052311071, 112.52519148492739, -0.07080656161220489)
(13.37217116355896, -152.0640973366865, -70.8742052311071, 112.52519148492739, -0.07080656161220489)
(13.41254472732544, -152.0640973366865, -70.8742052311071, 112.52519148492739, -0.08928594245428911)
(13.452580451965332, -152.0640973366865, -70.8742052311071, 112.52519148492739, -0.08928594245428911)
(13.492436408996582, -152.0642077419359, -70.67556780319356, 112.97654072685373, -0.10233257806596541)
(13.53231406211853, -152.0642077419359, -70.67556780319356, 112.97654072685373, -0.10233257806596541)
(13.572549819946289, -152.0642077419359, -70.67556780319356, 112.97654072685373, -0.10233257806596541)
(13.612641334533691, -152.0642077419359, -70.67556780319356, 112.97654072685373, -0.05812440434644017)
(13.65258240699768, -152.0642077419359, -70.67556780319356, 112.97654072685373, -0.05812440434644017)
(13.692661046981812, -152.13476882953495, -70.58716245379608, 113.0540038411653, -0.020907357368965762)
(13.73230242729187, -152.13476882953495, -70.58716245379608, 113.0540038411653, -0.020907357368965762)
(13.77247166633606, -152.13476882953495, -70.58716245379608, 113.0540038411653, -0.020907357368965762)
(13.812714338302612, -152.13476882953495, -70.58716245379608, 113.0540038411653, -0.03922767202780619)
(13.852859497070312, -152.13476882953495, -70.58716245379608, 113.0540038411653, -0.03922767202780619)
(13.892854690551758, -152.15058170902074, -70.50557256293595, 112.62808153509171, -0.047193911733806715)
(13.932689428329468, -152.15058170902074, -70.50557256293595, 112.62808153509171, -0.047193911733806715)
(13.972630739212036, -152.15058170902074, -70.50557256293595, 112.62808153509171, -0.047193911733806715)
(14.01334023475647, -152.15058170902074, -70.50557256293595, 112.62808153509171, -0.04283340452318285)
(14.053901672363281, -152.15058170902074, -70.50557256293595, 112.62808153509171, -0.04283340452318285)
(14.093124151229858, -152.15058170902074, -70.50557256293595, 112.62808153509171, -0.04283340452318285)
(14.132975101470947, -152.02258937457322, -70.1734225428994, 112.12754685828952, -0.07014882923834165)
(14.172954559326172, -152.02258937457322, -70.1734225428994, 112.12754685828952, -0.07014882923834165)
(14.213037729263306, -152.02258937457322, -70.1734225428994, 112.12754685828952, -0.08223304624158345)
(14.253275156021118, -152.02258937457322, -70.1734225428994, 112.12754685828952, -0.08223304624158345)
(14.293112993240356, -152.02258937457322, -70.1734225428994, 112.12754685828952, -0.08223304624158345)
(14.332892656326294, -151.68800739162504, -69.47988305522301, 111.8633444763942, -0.06286446416470781)
(14.372946739196777, -151.68800739162504, -69.47988305522301, 111.8633444763942, -0.06286446416470781)
(14.413198947906494, -151.68800739162504, -69.47988305522301, 111.8633444763942, -0.085965890325582)
(14.453426837921143, -151.68800739162504, -69.47988305522301, 111.8633444763942, -0.085965890325582)
(14.493163824081421, -151.68800739162504, -69.47988305522301, 111.8633444763942, -0.085965890325582)
(14.533119201660156, -151.84655176796923, -68.63954665963931, 112.03732433386244, -0.04462985467695901)
(14.573183059692383, -151.84655176796923, -68.63954665963931, 112.03732433386244, -0.04462985467695901)
(14.613359928131104, -151.84655176796923, -68.63954665963931, 112.03732433386244, -0.03651013576044093)
(14.653428077697754, -151.84655176796923, -68.63954665963931, 112.03732433386244, -0.03651013576044093)
(14.69324779510498, -151.84655176796923, -68.63954665963931, 112.03732433386244, -0.03651013576044093)
(14.73312497138977, -152.11429495375845, -67.88892000093793, 112.53093360648477, -0.02826662445572481)
(14.77324390411377, -152.11429495375845, -67.88892000093793, 112.53093360648477, -0.02826662445572481)
(14.813527584075928, -152.11429495375845, -67.88892000093793, 112.53093360648477, -0.06630420026061401)
(14.85362696647644, -152.11429495375845, -67.88892000093793, 112.53093360648477, -0.06630420026061401)
(14.893467664718628, -152.11429495375845, -67.88892000093793, 112.53093360648477, -0.06630420026061401)
(14.93335485458374, -152.29852102211024, -67.33290050208778, 112.48806270059447, -0.0685152946279004)
(14.973388433456421, -152.29852102211024, -67.33290050208778, 112.48806270059447, -0.0685152946279004)
(15.014005184173584, -152.29852102211024, -67.33290050208778, 112.48806270059447, -0.0685152946279004)
(15.053711891174316, -152.29852102211024, -67.33290050208778, 112.48806270059447, -0.061375933446203845)
(15.09353518486023, -152.57335017401857, -67.04392902271044, 112.0790814366405, -0.08073241535752729)
(15.133514165878296, -152.57335017401857, -67.04392902271044, 112.0790814366405, -0.08073241535752729)
(15.173591136932373, -152.57335017401857, -67.04392902271044, 112.0790814366405, -0.11087883918422392)
(15.213783979415894, -152.57335017401857, -67.04392902271044, 112.0790814366405, -0.11087883918422392)
(15.253796815872192, -152.57335017401857, -67.04392902271044, 112.0790814366405, -0.11087883918422392)
(15.293708324432373, -152.6481707811874, -66.82936732566415, 112.00835650966133, -0.13684358445626899)
(15.333615064620972, -152.6481707811874, -66.82936732566415, 112.00835650966133, -0.13684358445626899)
(15.373870372772217, -152.6481707811874, -66.82936732566415, 112.00835650966133, -0.14482599977878863)
(15.414109945297241, -152.6481707811874, -66.82936732566415, 112.00835650966133, -0.14482599977878863)
(15.454105854034424, -152.6481707811874, -66.82936732566415, 112.00835650966133, -0.14482599977878863)
(15.493931531906128, -152.5827776916729, -66.39954568385762, 112.28695201787467, -0.15033279269200506)
(15.533809900283813, -152.5827776916729, -66.39954568385762, 112.28695201787467, -0.15033279269200506)
(15.574028491973877, -152.5827776916729, -66.39954568385762, 112.28695201787467, -0.15033279269200506)
(15.613927364349365, -152.5827776916729, -66.39954568385762, 112.28695201787467, -0.17582557088593376)
(15.654061317443848, -152.5827776916729, -66.39954568385762, 112.28695201787467, -0.17582557088593376)
(15.694030523300171, -152.29749973366694, -65.90055914434933, 112.18798680823375, -0.18130667701898062)
(15.73391318321228, -152.29749973366694, -65.90055914434933, 112.18798680823375, -0.18130667701898062)
(15.773970603942871, -152.29749973366694, -65.90055914434933, 112.18798680823375, -0.18130667701898062)
(15.814171075820923, -152.29749973366694, -65.90055914434933, 112.18798680823375, -0.20020476202588)
(15.854284524917603, -152.29749973366694, -65.90055914434933, 112.18798680823375, -0.20020476202588)
(15.894174575805664, -151.97345152289293, -65.40594791404456, 111.76243665544412, -0.23077338095842492)
(15.934159994125366, -151.97345152289293, -65.40594791404456, 111.76243665544412, -0.23077338095842492)
(15.974066734313965, -151.97345152289293, -65.40594791404456, 111.76243665544412, -0.23077338095842492)
(16.01434302330017, -151.97345152289293, -65.40594791404456, 111.76243665544412, -0.21101910773494126)
(16.05429983139038, -151.97345152289293, -65.40594791404456, 111.76243665544412, -0.21101910773494126)
(16.094276905059814, -152.42213083900472, -65.16487537130007, 111.6369504714763, -0.2048600488472303)
(16.134188175201416, -152.42213083900472, -65.16487537130007, 111.6369504714763, -0.2048600488472303)
(16.174161195755005, -152.42213083900472, -65.16487537130007, 111.6369504714763, -0.2048600488472303)
(16.214524269104004, -152.42213083900472, -65.16487537130007, 111.6369504714763, -0.23223349324547016)
(16.25461220741272, -152.42213083900472, -65.16487537130007, 111.6369504714763, -0.23223349324547016)
(16.29443049430847, -152.47746014390194, -64.57720496018004, 110.65978702459992, -0.27067504851986257)
(16.334463834762573, -152.47746014390194, -64.57720496018004, 110.65978702459992, -0.27067504851986257)
(16.3743634223938, -152.47746014390194, -64.57720496018004, 110.65978702459992, -0.27067504851986257)
(16.4146409034729, -152.47746014390194, -64.57720496018004, 110.65978702459992, -0.28316462808449927)
(16.454830169677734, -152.47746014390194, -64.57720496018004, 110.65978702459992, -0.28316462808449927)
(16.494661808013916, -152.47746014390194, -64.57720496018004, 110.65978702459992, -0.28316462808449927)
(16.534667015075684, -153.26494600520007, -64.41996880575115, 109.79235175913816, -0.2859251516428678)
(16.57456088066101, -153.26494600520007, -64.41996880575115, 109.79235175913816, -0.2859251516428678)
(16.614905834197998, -153.26494600520007, -64.41996880575115, 109.79235175913816, -0.3057079932675144)
(16.655086278915405, -153.26494600520007, -64.41996880575115, 109.79235175913816, -0.3057079932675144)
(16.69486427307129, -153.26494600520007, -64.41996880575115, 109.79235175913816, -0.3057079932675144)
(16.734679222106934, -154.29593706144777, -64.54111656238214, 109.84730606034873, -0.3240907511547171)
(16.77479910850525, -154.29593706144777, -64.54111656238214, 109.84730606034873, -0.3240907511547171)
(16.815006971359253, -154.29593706144777, -64.54111656238214, 109.84730606034873, -0.314227378606045)
(16.855140447616577, -154.29593706144777, -64.54111656238214, 109.84730606034873, -0.314227378606045)
(16.894952535629272, -154.29593706144777, -64.54111656238214, 109.84730606034873, -0.314227378606045)
(16.934882879257202, -155.05716618035157, -65.12102719334062, 110.47081873778359, -0.29749714912701464)
(16.974867820739746, -155.05716618035157, -65.12102719334062, 110.47081873778359, -0.29749714912701464)
(17.015203952789307, -155.05716618035157, -65.12102719334062, 110.47081873778359, -0.29071451624701083)
(17.05529761314392, -155.05716618035157, -65.12102719334062, 110.47081873778359, -0.29071451624701083)
(17.09504246711731, -155.05716618035157, -65.12102719334062, 110.47081873778359, -0.29071451624701083)
(17.135125398635864, -155.10767623336352, -65.33728728559467, 110.80054083198281, -0.29140912875568503)
(17.17494249343872, -155.10767623336352, -65.33728728559467, 110.80054083198281, -0.29140912875568503)
(17.215226650238037, -155.10767623336352, -65.33728728559467, 110.80054083198281, -0.29140912875568503)
(17.255339860916138, -155.10767623336352, -65.33728728559467, 110.80054083198281, -0.25965211091615004)
(17.29525923728943, -154.81313988703312, -65.367360935195, 111.54153467188715, -0.2543599143370443)
(17.335259914398193, -154.81313988703312, -65.367360935195, 111.54153467188715, -0.2543599143370443)
(17.375136852264404, -154.81313988703312, -65.367360935195, 111.54153467188715, -0.22936387253921708)
(17.415457248687744, -154.81313988703312, -65.367360935195, 111.54153467188715, -0.22936387253921708)
(17.45553207397461, -154.81313988703312, -65.367360935195, 111.54153467188715, -0.22936387253921708)
(17.495383262634277, -153.903421139944, -65.35313687313224, 112.23261145295605, -0.2332579279623559)
(17.53530478477478, -153.903421139944, -65.35313687313224, 112.23261145295605, -0.2332579279623559)
(17.575501918792725, -153.903421139944, -65.35313687313224, 112.23261145295605, -0.25807715731051317)
(17.61529541015625, -153.903421139944, -65.35313687313224, 112.23261145295605, -0.25807715731051317)
(17.65582013130188, -153.903421139944, -65.35313687313224, 112.23261145295605, -0.25807715731051317)
(17.69563055038452, -153.02850117339406, -65.27204693569999, 112.83363583581904, -0.2874965926801174)
(17.735612869262695, -153.02850117339406, -65.27204693569999, 112.83363583581904, -0.2874965926801174)
(17.775445222854614, -153.02850117339406, -65.27204693569999, 112.83363583581904, -0.2874965926801174)
(17.815664529800415, -153.02850117339406, -65.27204693569999, 112.83363583581904, -0.29846567344160846)
(17.855824947357178, -153.02850117339406, -65.27204693569999, 112.83363583581904, -0.29846567344160846)
(17.895652294158936, -152.46486017231825, -65.02644579732176, 113.01242968384668, -0.27117539905803056)
(17.93552851676941, -152.46486017231825, -65.02644579732176, 113.01242968384668, -0.27117539905803056)
(17.975526094436646, -152.46486017231825, -65.02644579732176, 113.01242968384668, -0.27117539905803056)
(18.01583957672119, -152.46486017231825, -65.02644579732176, 113.01242968384668, -0.29849028794119903)
(18.055986404418945, -152.46486017231825, -65.02644579732176, 113.01242968384668, -0.29849028794119903)
(18.096092224121094, -151.9700106677734, -64.89198176587537, 112.60432910241074, -0.3013715684909215)
(18.135968685150146, -151.9700106677734, -64.89198176587537, 112.60432910241074, -0.3013715684909215)
(18.177021741867065, -151.9700106677734, -64.89198176587537, 112.60432910241074, -0.3013715684909215)
(18.21627402305603, -151.9700106677734, -64.89198176587537, 112.60432910241074, -0.2896320147675162)
(18.25633716583252, -151.9700106677734, -64.89198176587537, 112.60432910241074, -0.2896320147675162)
(18.296305656433105, -152.1379937340392, -64.75960700080994, 112.02796331159541, -0.2719380744763171)
(18.336202144622803, -152.1379937340392, -64.75960700080994, 112.02796331159541, -0.2719380744763171)
(18.376180171966553, -152.1379937340392, -64.75960700080994, 112.02796331159541, -0.2719380744763171)
(18.416609287261963, -152.1379937340392, -64.75960700080994, 112.02796331159541, -0.26205351346479944)
(18.45653772354126, -152.1379937340392, -64.75960700080994, 112.02796331159541, -0.26205351346479944)
(18.496519088745117, -152.42474547124345, -64.67280745632513, 111.65393473601173, -0.25555982045292325)
(18.536452293395996, -152.42474547124345, -64.67280745632513, 111.65393473601173, -0.25555982045292325)
(18.576364755630493, -152.42474547124345, -64.67280745632513, 111.65393473601173, -0.25555982045292325)
(18.616674423217773, -152.42474547124345, -64.67280745632513, 111.65393473601173, -0.26891772627353916)
(18.6567804813385, -152.42474547124345, -64.67280745632513, 111.65393473601173, -0.26891772627353916)
(18.696913480758667, -152.76242025319084, -64.58933978838174, 111.5704963088012, -0.24542043749055154)
(18.736584663391113, -152.76242025319084, -64.58933978838174, 111.5704963088012, -0.24542043749055154)
(18.77681303024292, -152.76242025319084, -64.58933978838174, 111.5704963088012, -0.24542043749055154)
(18.816795587539673, -152.76242025319084, -64.58933978838174, 111.5704963088012, -0.20344226224644757)
(18.85701584815979, -152.76242025319084, -64.58933978838174, 111.5704963088012, -0.20344226224644757)
(18.896780729293823, -152.76242025319084, -64.58933978838174, 111.5704963088012, -0.20344226224644757)
(18.936683177947998, -152.91429806453613, -64.87566831622024, 111.88865301898551, -0.18872397165204546)
(18.976820468902588, -152.91429806453613, -64.87566831622024, 111.88865301898551, -0.18872397165204546)
(19.017080307006836, -152.91429806453613, -64.87566831622024, 111.88865301898551, -0.1617807339622317)
(19.05724263191223, -152.91429806453613, -64.87566831622024, 111.88865301898551, -0.1617807339622317)
(19.09701418876648, -152.91429806453613, -64.87566831622024, 111.88865301898551, -0.1617807339622317)
(19.13701820373535, -152.89519493911922, -64.9973240350714, 112.7466246733831, -0.1315848298542015)
(19.177287101745605, -152.89519493911922, -64.9973240350714, 112.7466246733831, -0.1315848298542015)
(19.21726942062378, -152.89519493911922, -64.9973240350714, 112.7466246733831, -0.13101314795197183)
(19.257438898086548, -152.89519493911922, -64.9973240350714, 112.7466246733831, -0.13101314795197183)
(19.29729390144348, -152.89519493911922, -64.9973240350714, 112.7466246733831, -0.13101314795197183)
(19.337092876434326, -152.7372491130591, -65.3790779885913, 113.59577836952052, -0.1235130001577005)
(19.37743830680847, -152.7372491130591, -65.3790779885913, 113.59577836952052, -0.1235130001577005)
(19.417476415634155, -152.7372491130591, -65.3790779885913, 113.59577836952052, -0.1371150714553373)
(19.457460403442383, -152.7372491130591, -65.3790779885913, 113.59577836952052, -0.1371150714553373)
(19.497356176376343, -152.7372491130591, -65.3790779885913, 113.59577836952052, -0.1371150714553373)
(19.537314414978027, -152.80905612100707, -65.60245818843751, 114.29342330519835, -0.13758495206892718)
(19.577664375305176, -152.80905612100707, -65.60245818843751, 114.29342330519835, -0.15004545434114291)
(19.617478847503662, -152.80905612100707, -65.60245818843751, 114.29342330519835, -0.15004545434114291)
(19.657540321350098, -152.80905612100707, -65.60245818843751, 114.29342330519835, -0.15004545434114291)
(19.69762110710144, -152.82807971861598, -65.76923086194594, 114.54585541985517, -0.15000927057580427)
(19.737438917160034, -152.82807971861598, -65.76923086194594, 114.54585541985517, -0.15000927057580427)
(19.777808904647827, -152.82807971861598, -65.76923086194594, 114.54585541985517, -0.11119442028425297)
(19.817764043807983, -152.82807971861598, -65.76923086194594, 114.54585541985517, -0.11119442028425297)
(19.857707977294922, -152.82807971861598, -65.76923086194594, 114.54585541985517, -0.11119442028425297)
(19.897688150405884, -152.85695399415755, -65.54713328124534, 114.37849163250239, -0.08692007816338077)
(19.93762469291687, -152.85695399415755, -65.54713328124534, 114.37849163250239, -0.08692007816338077)
(19.977699041366577, -152.85695399415755, -65.54713328124534, 114.37849163250239, -0.08692007816338077)
(20.01784920692444, -152.85695399415755, -65.54713328124534, 114.37849163250239, -0.05947127230528082)
(20.057842254638672, -152.85695399415755, -65.54713328124534, 114.37849163250239, -0.05947127230528082)
(20.097723722457886, -152.99132323768907, -65.44320628363678, 113.57956547947298, -0.04428298282200771)
(20.137668132781982, -152.99132323768907, -65.44320628363678, 113.57956547947298, -0.04428298282200771)
(20.178175687789917, -152.99132323768907, -65.44320628363678, 113.57956547947298, -0.04428298282200771)
(20.218017578125, -152.99132323768907, -65.44320628363678, 113.57956547947298, -0.054949257060769696)
(20.257962226867676, -152.99132323768907, -65.44320628363678, 113.57956547947298, -0.054949257060769696)
(20.2978835105896, -152.78532319112995, -65.31214253333223, 113.25731734947526, -0.07187389794455967)
(20.337735652923584, -152.78532319112995, -65.31214253333223, 113.25731734947526, -0.07187389794455967)
(20.378007650375366, -152.78532319112995, -65.31214253333223, 113.25731734947526, -0.07187389794455967)
(20.41820764541626, -152.78532319112995, -65.31214253333223, 113.25731734947526, -0.1048211878939398)
(20.458101511001587, -152.78532319112995, -65.31214253333223, 113.25731734947526, -0.1048211878939398)
(20.49805188179016, -152.59748993790413, -64.95399614122054, 113.34068076648595, -0.13222737458220024)
(20.538050651550293, -152.59748993790413, -64.95399614122054, 113.34068076648595, -0.13222737458220024)
(20.57830047607422, -152.59748993790413, -64.95399614122054, 113.34068076648595, -0.13222737458220024)
(20.61833143234253, -152.59748993790413, -64.95399614122054, 113.34068076648595, -0.14308491082399044)
(20.658315181732178, -152.59748993790413, -64.95399614122054, 113.34068076648595, -0.14308491082399044)
(20.698296308517456, -152.185960826006, -64.58008548072422, 113.33066199076552, -0.15689959708041812)
(20.73811101913452, -152.185960826006, -64.58008548072422, 113.33066199076552, -0.15689959708041812)
(20.77865171432495, -152.185960826006, -64.58008548072422, 113.33066199076552, -0.15689959708041812)
(20.818537712097168, -152.185960826006, -64.58008548072422, 113.33066199076552, -0.12703539694758703)
(20.858447313308716, -152.185960826006, -64.58008548072422, 113.33066199076552, -0.12703539694758703)
(20.89816927909851, -151.9996100300993, -64.19381368834175, 113.02965993436854, -0.11990100330821463)
(20.938234567642212, -151.9996100300993, -64.19381368834175, 113.02965993436854, -0.11990100330821463)
(20.97831916809082, -151.9996100300993, -64.19381368834175, 113.02965993436854, -0.11990100330821463)
(21.018568515777588, -151.9996100300993, -64.19381368834175, 113.02965993436854, -0.125495797564124)
(21.058724880218506, -151.9996100300993, -64.19381368834175, 113.02965993436854, -0.125495797564124)
(21.09887671470642, -151.63852456448188, -64.27126717097376, 112.52003729304079, -0.13441620428687884)
(21.138641834259033, -151.63852456448188, -64.27126717097376, 112.52003729304079, -0.13441620428687884)
(21.178849458694458, -151.63852456448188, -64.27126717097376, 112.52003729304079, -0.13441620428687884)
(21.218971967697144, -151.63852456448188, -64.27126717097376, 112.52003729304079, -0.08540165339577399)
(21.25913143157959, -151.63852456448188, -64.27126717097376, 112.52003729304079, -0.08540165339577399)
(21.29881763458252, -151.63852456448188, -64.27126717097376, 112.52003729304079, -0.08540165339577399)
(21.33878993988037, -151.8330793795989, -64.16862718748759, 112.31117370705765, -0.07049726334406614)
(21.379045009613037, -151.8330793795989, -64.16862718748759, 112.31117370705765, -0.07049726334406614)
(21.419088125228882, -151.8330793795989, -64.16862718748759, 112.31117370705765, -0.09039068706226061)
(21.459183931350708, -151.8330793795989, -64.16862718748759, 112.31117370705765, -0.09039068706226061)
(21.498963356018066, -151.8330793795989, -64.16862718748759, 112.31117370705765, -0.09039068706226061)
(21.53910803794861, -152.2145179035926, -64.07845320005227, 112.13752762120993, -0.08402965024940912)
(21.579556465148926, -152.2145179035926, -64.07845320005227, 112.13752762120993, -0.08402965024940912)
(21.61921525001526, -152.2145179035926, -64.07845320005227, 112.13752762120993, -0.08011540815092033)
(21.659297943115234, -152.2145179035926, -64.07845320005227, 112.13752762120993, -0.08011540815092033)
(21.699284553527832, -152.2145179035926, -64.07845320005227, 112.13752762120993, -0.08011540815092033)
(21.73928689956665, -152.54311444899827, -63.78128534504639, 111.75880951097778, -0.08592200565906793)
(21.779901027679443, -152.54311444899827, -63.78128534504639, 111.75880951097778, -0.047034899134438035)
(21.81954526901245, -152.54311444899827, -63.78128534504639, 111.75880951097778, -0.047034899134438035)
(21.859593391418457, -152.54311444899827, -63.78128534504639, 111.75880951097778, -0.047034899134438035)
(21.899390935897827, -153.2232762512242, -63.8472914898428, 111.04894524906146, -0.09520159272021189)
(21.939374923706055, -153.2232762512242, -63.8472914898428, 111.04894524906146, -0.09520159272021189)
(21.979974508285522, -153.2232762512242, -63.8472914898428, 111.04894524906146, -0.06875947738841148)
(22.01971697807312, -153.2232762512242, -63.8472914898428, 111.04894524906146, -0.06875947738841148)
(22.059545755386353, -153.2232762512242, -63.8472914898428, 111.04894524906146, -0.06875947738841148)
(22.099615335464478, -153.83924793663667, -63.58669521527642, 110.64281605781915, -0.07769590890135447)
(22.139469861984253, -153.83924793663667, -63.58669521527642, 110.64281605781915, -0.07769590890135447)
(22.17962336540222, -153.83924793663667, -63.58669521527642, 110.64281605781915, -0.09517872209219291)
(22.21979570388794, -153.83924793663667, -63.58669521527642, 110.64281605781915, -0.09517872209219291)
(22.259697914123535, -153.83924793663667, -63.58669521527642, 110.64281605781915, -0.09517872209219291)
(22.29955005645752, -154.03012900801752, -63.61069255050847, 110.08044441425339, -0.10739300486725156)
(22.33969020843506, -154.03012900801752, -63.61069255050847, 110.08044441425339, -0.10739300486725156)
(22.380107164382935, -154.03012900801752, -63.61069255050847, 110.08044441425339, -0.10042686939555168)
(22.419955492019653, -154.03012900801752, -63.61069255050847, 110.08044441425339, -0.10042686939555168)
(22.459808111190796, -154.03012900801752, -63.61069255050847, 110.08044441425339, -0.10042686939555168)
(22.499826669692993, -154.04549139213916, -63.499169528668205, 109.90690840327896, -0.11721207634524333)
(22.539769172668457, -154.04549139213916, -63.499169528668205, 109.90690840327896, -0.11721207634524333)
(22.579873085021973, -154.04549139213916, -63.499169528668205, 109.90690840327896, -0.11721207634524333)
(22.620213747024536, -154.04549139213916, -63.499169528668205, 109.90690840327896, -0.10315345964731293)
(22.660154342651367, -154.04549139213916, -63.499169528668205, 109.90690840327896, -0.10315345964731293)
(22.69997501373291, -153.79696828430914, -63.57193008135057, 110.255467080071, -0.10733781756774974)
(22.7398784160614, -153.79696828430914, -63.57193008135057, 110.255467080071, -0.10733781756774974)
(22.780179262161255, -153.79696828430914, -63.57193008135057, 110.255467080071, -0.10733781756774974)
(22.820340156555176, -153.79696828430914, -63.57193008135057, 110.255467080071, -0.0887662004137546)
(22.86012887954712, -153.79696828430914, -63.57193008135057, 110.255467080071, -0.0887662004137546)
(22.900146484375, -153.43853097445094, -63.548256946436055, 110.61328248594093, -0.03562471932835365)
(22.94014286994934, -153.43853097445094, -63.548256946436055, 110.61328248594093, -0.03562471932835365)
(22.9803249835968, -153.43853097445094, -63.548256946436055, 110.61328248594093, -0.03562471932835365)
(23.020500898361206, -153.43853097445094, -63.548256946436055, 110.61328248594093, -0.03399674013157039)
(23.060345888137817, -153.43853097445094, -63.548256946436055, 110.61328248594093, -0.03399674013157039)
(23.100367069244385, -152.85174444601265, -63.66728675972935, 110.91882279572427, -0.034913556831607906)
(23.140377521514893, -152.85174444601265, -63.66728675972935, 110.91882279572427, -0.034913556831607906)
(23.180463075637817, -152.85174444601265, -63.66728675972935, 110.91882279572427, -0.034913556831607906)
(23.220613718032837, -152.85174444601265, -63.66728675972935, 110.91882279572427, -0.015693161042584336)
(23.26053214073181, -152.85174444601265, -63.66728675972935, 110.91882279572427, -0.015693161042584336)
(23.300536632537842, -151.99868913320142, -63.32469458974232, 111.27754583225287, -0.046663569350510414)
(23.340545177459717, -151.99868913320142, -63.32469458974232, 111.27754583225287, -0.046663569350510414)
(23.38083791732788, -151.99868913320142, -63.32469458974232, 111.27754583225287, -0.046663569350510414)
(23.42081308364868, -151.99868913320142, -63.32469458974232, 111.27754583225287, -0.062307962447953)
(23.460874557495117, -151.99868913320142, -63.32469458974232, 111.27754583225287, -0.062307962447953)
(23.50061321258545, -151.99868913320142, -63.32469458974232, 111.27754583225287, -0.062307962447953)
(23.54076313972473, -151.89520203133335, -63.56469790078986, 111.70749255156235, -0.08008171854385182)
(23.580957889556885, -151.89520203133335, -63.56469790078986, 111.70749255156235, -0.08008171854385182)
(23.620901346206665, -151.89520203133335, -63.56469790078986, 111.70749255156235, -0.08995713682720208)
(23.660942554473877, -151.89520203133335, -63.56469790078986, 111.70749255156235, -0.08995713682720208)
(23.700844526290894, -151.89520203133335, -63.56469790078986, 111.70749255156235, -0.08995713682720208)
(23.74076271057129, -152.30124812582577, -63.580909961487535, 111.63342410146576, -0.08567231458291502)
(23.781115293502808, -152.30124812582577, -63.580909961487535, 111.63342410146576, -0.08567231458291502)
(23.821136474609375, -152.30124812582577, -63.580909961487535, 111.63342410146576, -0.12020511755572372)
(23.861063718795776, -152.30124812582577, -63.580909961487535, 111.63342410146576, -0.12020511755572372)
(23.901153087615967, -152.30124812582577, -63.580909961487535, 111.63342410146576, -0.12020511755572372)
(23.941045999526978, -152.97955104952078, -63.729734339771476, 110.5901665746476, -0.11666476118969982)
(23.98112916946411, -152.97955104952078, -63.729734339771476, 110.5901665746476, -0.11666476118969982)
(24.021638870239258, -152.97955104952078, -63.729734339771476, 110.5901665746476, -0.1468825605582147)
(24.06138586997986, -152.97955104952078, -63.729734339771476, 110.5901665746476, -0.1468825605582147)
(24.101299047470093, -153.8816620432944, -63.93304566807914, 109.82992096530431, -0.1425385591972237)
(24.14127826690674, -153.8816620432944, -63.93304566807914, 109.82992096530431, -0.1425385591972237)
(24.18152618408203, -153.8816620432944, -63.93304566807914, 109.82992096530431, -0.12220640639349512)
(24.221792459487915, -153.8816620432944, -63.93304566807914, 109.82992096530431, -0.12220640639349512)
(24.261594533920288, -153.8816620432944, -63.93304566807914, 109.82992096530431, -0.12220640639349512)
(24.30146288871765, -154.84854239853593, -63.9658459463516, 109.78398152741579, -0.15494379780676582)
(24.341514348983765, -154.84854239853593, -63.9658459463516, 109.78398152741579, -0.15494379780676582)
(24.381733894348145, -154.84854239853593, -63.9658459463516, 109.78398152741579, -0.190311722578965)
(24.421935319900513, -154.84854239853593, -63.9658459463516, 109.78398152741579, -0.190311722578965)
(24.461806535720825, -154.84854239853593, -63.9658459463516, 109.78398152741579, -0.190311722578965)
(24.50155544281006, -155.1942902764079, -64.1323106042583, 109.5233507528752, -0.14731984070570903)
(24.541748762130737, -155.1942902764079, -64.1323106042583, 109.5233507528752, -0.14731984070570903)
(24.582113027572632, -155.1942902764079, -64.1323106042583, 109.5233507528752, -0.18141468544522965)
(24.621965646743774, -155.1942902764079, -64.1323106042583, 109.5233507528752, -0.18141468544522965)
(24.661853551864624, -155.1942902764079, -64.1323106042583, 109.5233507528752, -0.18141468544522965)
(24.701781749725342, -154.93466372476746, -64.0982506898967, 109.50345958283181, -0.17916978639588166)
(24.741828441619873, -154.93466372476746, -64.0982506898967, 109.50345958283181, -0.17916978639588166)
(24.782040119171143, -154.93466372476746, -64.0982506898967, 109.50345958283181, -0.1714793973644646)
(24.822214603424072, -154.93466372476746, -64.0982506898967, 109.50345958283181, -0.1714793973644646)
(24.861996173858643, -154.93466372476746, -64.0982506898967, 109.50345958283181, -0.1714793973644646)
(24.901912212371826, -154.4983649209015, -64.04108424978217, 110.1245579009574, -0.18461584893994143)
(24.942028284072876, -154.4983649209015, -64.04108424978217, 110.1245579009574, -0.18461584893994143)
(24.982093334197998, -154.4983649209015, -64.04108424978217, 110.1245579009574, -0.18461584893994143)
(25.022130489349365, -154.4983649209015, -64.04108424978217, 110.1245579009574, -0.15585542035077893)
(25.06209921836853, -154.4983649209015, -64.04108424978217, 110.1245579009574, -0.15585542035077893)
(25.102083444595337, -153.62281148121684, -64.3215632898274, 110.99034399065538, -0.12421742299566318)
(25.142157077789307, -153.62281148121684, -64.3215632898274, 110.99034399065538, -0.12421742299566318)
(25.182271718978882, -153.62281148121684, -64.3215632898274, 110.99034399065538, -0.12421742299566318)
(25.22245979309082, -153.62281148121684, -64.3215632898274, 110.99034399065538, -0.13147260016301132)
(25.262444734573364, -153.62281148121684, -64.3215632898274, 110.99034399065538, -0.13147260016301132)
(25.302269220352173, -152.49576839733325, -64.27917670948264, 111.20292450579696, -0.10063114674036555)
(25.342287063598633, -152.49576839733325, -64.27917670948264, 111.20292450579696, -0.10063114674036555)
(25.38249921798706, -152.49576839733325, -64.27917670948264, 111.20292450579696, -0.10063114674036555)
(25.422536849975586, -152.49576839733325, -64.27917670948264, 111.20292450579696, -0.07475930221631799)
(25.462793111801147, -152.49576839733325, -64.27917670948264, 111.20292450579696, -0.07475930221631799)
(25.502477884292603, -151.76162772107864, -64.18137490339134, 111.36351704695151, -0.0888472014312498)
(25.542582988739014, -151.76162772107864, -64.18137490339134, 111.36351704695151, -0.0888472014312498)
(25.582826852798462, -151.76162772107864, -64.18137490339134, 111.36351704695151, -0.0888472014312498)
(25.622565746307373, -151.76162772107864, -64.18137490339134, 111.36351704695151, -0.09258145864259504)
(25.663060426712036, -151.76162772107864, -64.18137490339134, 111.36351704695151, -0.09258145864259504)
(25.702726125717163, -151.88808301176007, -64.18256411512115, 111.86767718528223, -0.11160543074176488)
(25.742790460586548, -151.88808301176007, -64.18256411512115, 111.86767718528223, -0.11160543074176488)
(25.783080101013184, -151.88808301176007, -64.18256411512115, 111.86767718528223, -0.11160543074176488)
(25.82355237007141, -151.88808301176007, -64.18256411512115, 111.86767718528223, -0.1180869018366586)
(25.863681316375732, -151.88808301176007, -64.18256411512115, 111.86767718528223, -0.1180869018366586)
(25.903324842453003, -151.88808301176007, -64.18256411512115, 111.86767718528223, -0.1180869018366586)
(25.943562507629395, -152.3050822907677, -64.55062073079408, 112.18006589109568, -0.10502176411938535)
(25.983629941940308, -152.3050822907677, -64.55062073079408, 112.18006589109568, -0.10502176411938535)
(26.02375316619873, -152.3050822907677, -64.55062073079408, 112.18006589109568, -0.1514255410465708)
(26.063575506210327, -152.3050822907677, -64.55062073079408, 112.18006589109568, -0.1514255410465708)
(26.103516101837158, -152.3050822907677, -64.55062073079408, 112.18006589109568, -0.1514255410465708)
(26.143588304519653, -153.16141553855857, -64.71698027911106, 112.05888423214344, -0.14597029628959746)
(26.183757781982422, -153.16141553855857, -64.71698027911106, 112.05888423214344, -0.14597029628959746)
(26.22399067878723, -153.16141553855857, -64.71698027911106, 112.05888423214344, -0.14705082892900023)
(26.26368021965027, -153.16141553855857, -64.71698027911106, 112.05888423214344, -0.14705082892900023)
(26.303578853607178, -153.16141553855857, -64.71698027911106, 112.05888423214344, -0.14705082892900023)
(26.34370446205139, -154.4794486895558, -64.73726481828636, 111.71286645574021, -0.1420537577390384)
(26.38387703895569, -154.4794486895558, -64.73726481828636, 111.71286645574021, -0.15852726143389972)
(26.42386531829834, -154.4794486895558, -64.73726481828636, 111.71286645574021, -0.15852726143389972)
(26.4639310836792, -154.4794486895558, -64.73726481828636, 111.71286645574021, -0.15852726143389972)
(26.504683017730713, -155.1432748023089, -64.85298470140903, 111.66299536841322, -0.16712601785475556)
(26.54397988319397, -155.1432748023089, -64.85298470140903, 111.66299536841322, -0.16712601785475556)
(26.584745407104492, -155.1432748023089, -64.85298470140903, 111.66299536841322, -0.0976349472474567)
(26.624162912368774, -155.1432748023089, -64.85298470140903, 111.66299536841322, -0.0976349472474567)
(26.66402816772461, -155.1432748023089, -64.85298470140903, 111.66299536841322, -0.0976349472474567)
(26.70413374900818, -155.3767179625418, -64.6736629555833, 111.88280121353421, -0.14626457334908238)
(26.74420738220215, -155.3767179625418, -64.6736629555833, 111.88280121353421, -0.14626457334908238)
(26.784083366394043, -155.3767179625418, -64.6736629555833, 111.88280121353421, -0.20450377470599435)
(26.825090885162354, -155.3767179625418, -64.6736629555833, 111.88280121353421, -0.20450377470599435)
(26.86440920829773, -155.3767179625418, -64.6736629555833, 111.88280121353421, -0.20450377470599435)
(26.904256105422974, -153.8479847533101, -64.24757863312767, 111.54538671630654, -0.13461797616029614)
(26.944851398468018, -153.8479847533101, -64.24757863312767, 111.54538671630654, -0.13461797616029614)
(26.98465895652771, -153.8479847533101, -64.24757863312767, 111.54538671630654, -0.1330753558606439)
(27.024792909622192, -153.8479847533101, -64.24757863312767, 111.54538671630654, -0.1330753558606439)
(27.064531087875366, -153.8479847533101, -64.24757863312767, 111.54538671630654, -0.1330753558606439)
(27.1044340133667, -152.39548449918868, -63.89264853481551, 111.88933258425695, -0.13912920861342926)
(27.14481282234192, -152.39548449918868, -63.89264853481551, 111.88933258425695, -0.13912920861342926)
(27.184712409973145, -152.39548449918868, -63.89264853481551, 111.88933258425695, -0.13912920861342926)
(27.224966764450073, -152.39548449918868, -63.89264853481551, 111.88933258425695, -0.13976369751864937)
(27.26485300064087, -152.39548449918868, -63.89264853481551, 111.88933258425695, -0.13976369751864937)
(27.304793119430542, -150.68571535999308, -63.30777378360605, 112.15755850541717, -0.11045365902919713)
(27.345009088516235, -150.68571535999308, -63.30777378360605, 112.15755850541717, -0.11045365902919713)
(27.38499164581299, -150.68571535999308, -63.30777378360605, 112.15755850541717, -0.11045365902919713)
(27.425008296966553, -150.68571535999308, -63.30777378360605, 112.15755850541717, -0.13266713669794328)
(27.464921712875366, -150.68571535999308, -63.30777378360605, 112.15755850541717, -0.13266713669794328)
(27.50475549697876, -148.94275687458392, -62.4721464384321, 112.03206666106396, -0.13707634898203835)
(27.545401096343994, -148.94275687458392, -62.4721464384321, 112.03206666106396, -0.13707634898203835)
(27.585378408432007, -148.94275687458392, -62.4721464384321, 112.03206666106396, -0.13707634898203835)
(27.62491536140442, -148.94275687458392, -62.4721464384321, 112.03206666106396, -0.16386069716767793)
(27.665112018585205, -148.94275687458392, -62.4721464384321, 112.03206666106396, -0.16386069716767793)
(27.705023527145386, -148.13063503664722, -61.73174225538909, 111.5162419434627, -0.21506238115135545)
(27.74540090560913, -148.13063503664722, -61.73174225538909, 111.5162419434627, -0.21506238115135545)
(27.78532099723816, -148.13063503664722, -61.73174225538909, 111.5162419434627, -0.21506238115135545)
(27.82532048225403, -148.13063503664722, -61.73174225538909, 111.5162419434627, -0.17071528622773968)
(27.865192890167236, -148.13063503664722, -61.73174225538909, 111.5162419434627, -0.17071528622773968)
(27.9050874710083, -148.62928211445342, -61.041728040812714, 111.04001687372273, -0.177012021262982)
(27.945932388305664, -148.62928211445342, -61.041728040812714, 111.04001687372273, -0.177012021262982)
(27.98546600341797, -148.62928211445342, -61.041728040812714, 111.04001687372273, -0.177012021262982)
(28.025601387023926, -148.62928211445342, -61.041728040812714, 111.04001687372273, -0.18640897567203396)
(28.065484762191772, -148.62928211445342, -61.041728040812714, 111.04001687372273, -0.18640897567203396)
(28.105446338653564, -149.95583139463835, -60.67448717036717, 110.35473116711935, -0.17667572467757253)
(28.145594835281372, -149.95583139463835, -60.67448717036717, 110.35473116711935, -0.17667572467757253)
(28.185736179351807, -149.95583139463835, -60.67448717036717, 110.35473116711935, -0.17667572467757253)
(28.225714921951294, -149.95583139463835, -60.67448717036717, 110.35473116711935, -0.19837811043191067)
(28.26571297645569, -149.95583139463835, -60.67448717036717, 110.35473116711935, -0.19837811043191067)
(28.305559158325195, -149.95583139463835, -60.67448717036717, 110.35473116711935, -0.19837811043191067)
(28.345644235610962, -151.8505722742692, -61.034963863101, 109.41588527563607, -0.18918502524848435)
(28.385815620422363, -151.8505722742692, -61.034963863101, 109.41588527563607, -0.18918502524848435)
(28.425856828689575, -151.8505722742692, -61.034963863101, 109.41588527563607, -0.17840503756903203)
(28.465847492218018, -151.8505722742692, -61.034963863101, 109.41588527563607, -0.17840503756903203)
(28.505627870559692, -151.8505722742692, -61.034963863101, 109.41588527563607, -0.17840503756903203)
(28.545992851257324, -154.09444795188782, -61.50537662454285, 108.92474355529423, -0.1702967645601099)
(28.586021423339844, -154.09444795188782, -61.50537662454285, 108.92474355529423, -0.1702967645601099)
(28.62646985054016, -154.09444795188782, -61.50537662454285, 108.92474355529423, -0.1386893785426686)
(28.666199922561646, -154.09444795188782, -61.50537662454285, 108.92474355529423, -0.1386893785426686)
(28.706308603286743, -154.09444795188782, -61.50537662454285, 108.92474355529423, -0.1386893785426686)
(28.7465238571167, -156.07792999862832, -61.467953320124245, 108.93924712647528, -0.15136511024580201)
(28.786629915237427, -156.07792999862832, -61.467953320124245, 108.93924712647528, -0.10002060580951877)
(28.826529264450073, -156.07792999862832, -61.467953320124245, 108.93924712647528, -0.10002060580951877)
(28.86643695831299, -156.07792999862832, -61.467953320124245, 108.93924712647528, -0.10002060580951877)
(28.906352281570435, -156.9018800483305, -61.61289454079791, 109.26371639346006, -0.12834313874176928)
(28.946704387664795, -156.9018800483305, -61.61289454079791, 109.26371639346006, -0.12834313874176928)
(28.9866943359375, -156.9018800483305, -61.61289454079791, 109.26371639346006, -0.13559527051079812)
(29.026665210723877, -156.9018800483305, -61.61289454079791, 109.26371639346006, -0.13559527051079812)
(29.066476583480835, -156.9018800483305, -61.61289454079791, 109.26371639346006, -0.13559527051079812)
(29.106528997421265, -157.03908080595255, -61.73322360403128, 109.78084501589237, -0.11317994848920421)
(29.146823406219482, -157.03908080595255, -61.73322360403128, 109.78084501589237, -0.11317994848920421)
(29.687779903411865, -155.59843467272955, -61.145282175898316, 110.20751556662806, -0.0774661577715392)
(30.20527195930481, -153.2709709894507, -59.81802031848608, 110.36224916902847, -0.03634074478964777)
(30.24506950378418, -153.2709709894507, -59.81802031848608, 110.36224916902847, -0.03634074478964777)
(30.28508162498474, -153.2709709894507, -59.81802031848608, 110.36224916902847, -0.03634074478964777)
(30.325158834457397, -153.6600867199307, -58.155156281092026, 110.14395388703275, -0.03330627743234871)
(30.36510944366455, -153.6600867199307, -58.155156281092026, 110.14395388703275, -0.03330627743234871)
(30.405497550964355, -153.6600867199307, -58.155156281092026, 110.14395388703275, 0.9017843944461656)
(30.44510293006897, -153.6600867199307, -58.155156281092026, 110.14395388703275, 0.9017843944461656)
(30.485347509384155, -153.6600867199307, -58.155156281092026, 110.14395388703275, 0.9017843944461656)
(30.525423049926758, -155.00355975541078, -55.485178605722794, 109.91324809830425, 4.4095038302790766)
(30.56546115875244, -155.00355975541078, -55.485178605722794, 109.91324809830425, 4.4095038302790766)
(30.605325937271118, -155.00355975541078, -55.485178605722794, 109.91324809830425, 4.4095038302790766)
(30.6450936794281, -155.00355975541078, -55.485178605722794, 109.91324809830425, 8.0432443489452)
(30.685473203659058, -155.00355975541078, -55.485178605722794, 109.91324809830425, 8.0432443489452)
(30.725677967071533, -156.3412821755331, -53.07690184095087, 109.99664186021951, 11.695130529497494)
(30.765544414520264, -156.3412821755331, -53.07690184095087, 109.99664186021951, 11.695130529497494)
(30.805492162704468, -156.3412821755331, -53.07690184095087, 109.99664186021951, 11.695130529497494)
(30.84545063972473, -156.3412821755331, -53.07690184095087, 109.99664186021951, 14.39403582752363)
(30.88565731048584, -156.3412821755331, -53.07690184095087, 109.99664186021951, 14.39403582752363)
(30.925850868225098, -157.27398864581588, -49.50168822304243, 110.23544246579209, 15.61085413846926)
(30.96573829650879, -157.27398864581588, -49.50168822304243, 110.23544246579209, 15.61085413846926)
(31.005480766296387, -157.27398864581588, -49.50168822304243, 110.23544246579209, 15.61085413846926)
(31.045454502105713, -157.27398864581588, -49.50168822304243, 110.23544246579209, 14.220845165051173)
(31.08596158027649, -156.66292998260687, -44.25037727922097, 110.44667160121766, 14.967417876764658)
(31.12596082687378, -156.66292998260687, -44.25037727922097, 110.44667160121766, 14.967417876764658)
(31.165799617767334, -156.66292998260687, -44.25037727922097, 110.44667160121766, 14.967417876764658)
(31.20582628250122, -156.66292998260687, -44.25037727922097, 110.44667160121766, 16.75734878680013)
(31.245819568634033, -156.66292998260687, -44.25037727922097, 110.44667160121766, 16.75734878680013)
(31.286332845687866, -154.83543952342575, -38.64962455603637, 110.58926916316149, 18.642172723039504)
(31.326130867004395, -154.83543952342575, -38.64962455603637, 110.58926916316149, 18.642172723039504)
(31.36581540107727, -154.83543952342575, -38.64962455603637, 110.58926916316149, 18.642172723039504)
(31.405834436416626, -154.83543952342575, -38.64962455603637, 110.58926916316149, 18.86671494846469)
(31.446123361587524, -154.83543952342575, -38.64962455603637, 110.58926916316149, 18.86671494846469)
(31.48628568649292, -152.73967916198194, -32.080262727059235, 111.14073291095215, 17.505094234505545)
(31.526061058044434, -152.73967916198194, -32.080262727059235, 111.14073291095215, 17.505094234505545)
(31.5659339427948, -152.73967916198194, -32.080262727059235, 111.14073291095215, 17.505094234505545)
(31.60588312149048, -152.73967916198194, -32.080262727059235, 111.14073291095215, 17.05099851126181)
(31.646158456802368, -152.73967916198194, -32.080262727059235, 111.14073291095215, 17.05099851126181)
(31.68631863594055, -150.02320648319616, -25.090280513837943, 111.84362650603362, 17.027067204933697)
(31.726316213607788, -150.02320648319616, -25.090280513837943, 111.84362650603362, 17.027067204933697)
(31.76626753807068, -150.02320648319616, -25.090280513837943, 111.84362650603362, 17.027067204933697)
(31.80628991127014, -150.02320648319616, -25.090280513837943, 111.84362650603362, 17.291996374898456)
(31.84682035446167, -150.02320648319616, -25.090280513837943, 111.84362650603362, 17.291996374898456)
(31.88649082183838, -150.02320648319616, -25.090280513837943, 111.84362650603362, 17.291996374898456)
(31.926555395126343, -147.8658738964964, -18.09207105742524, 112.54813249258243, 17.499562358294835)
(31.966548204421997, -147.8658738964964, -18.09207105742524, 112.54813249258243, 17.499562358294835)
(32.00642919540405, -147.8658738964964, -18.09207105742524, 112.54813249258243, 17.34244764632466)
(32.04682540893555, -147.8658738964964, -18.09207105742524, 112.54813249258243, 17.34244764632466)
(32.086617946624756, -147.8658738964964, -18.09207105742524, 112.54813249258243, 17.34244764632466)
(32.126625776290894, -146.6970970608644, -10.938161403379503, 113.80627203541036, 16.754542989544717)
(32.16654872894287, -146.6970970608644, -10.938161403379503, 113.80627203541036, 16.754542989544717)
(32.20677614212036, -146.6970970608644, -10.938161403379503, 113.80627203541036, 16.158607967283295)
(32.24713706970215, -146.6970970608644, -10.938161403379503, 113.80627203541036, 16.158607967283295)
(32.28723645210266, -146.6970970608644, -10.938161403379503, 113.80627203541036, 16.158607967283295)
(32.32732558250427, -146.22152634030127, -3.8377237105416313, 114.69521434363946, 15.832965022849994)
(32.367077350616455, -146.22152634030127, -3.8377237105416313, 114.69521434363946, 15.832965022849994)
(32.4069607257843, -146.22152634030127, -3.8377237105416313, 114.69521434363946, 15.431760073923499)
(32.44713091850281, -146.22152634030127, -3.8377237105416313, 114.69521434363946, 15.431760073923499)
(32.487284898757935, -146.22152634030127, -3.8377237105416313, 114.69521434363946, 15.431760073923499)
(32.5273072719574, -145.99195163235314, 3.0758607366382478, 114.76824693191422, 15.121832955121766)
(32.56715941429138, -145.99195163235314, 3.0758607366382478, 114.76824693191422, 15.121832955121766)
(32.60704684257507, -145.99195163235314, 3.0758607366382478, 114.76824693191422, 14.618233674593192)
(32.64749789237976, -145.99195163235314, 3.0758607366382478, 114.76824693191422, 14.618233674593192)
(32.68745303153992, -145.99195163235314, 3.0758607366382478, 114.76824693191422, 14.618233674593192)
(32.727280616760254, -147.14269765309686, 9.972986449362107, 114.72969999866451, 14.20775128598319)
(32.76732635498047, -147.14269765309686, 9.972986449362107, 114.72969999866451, 14.20775128598319)
(32.80737042427063, -147.14269765309686, 9.972986449362107, 114.72969999866451, 14.836801103529282)
(32.84746050834656, -147.14269765309686, 9.972986449362107, 114.72969999866451, 14.836801103529282)
(32.88800048828125, -147.14269765309686, 9.972986449362107, 114.72969999866451, 14.836801103529282)
(32.92737412452698, -149.72710526455788, 15.988086563807242, 114.53217268764678, 14.451156578119988)
(32.96733522415161, -149.72710526455788, 15.988086563807242, 114.53217268764678, 14.451156578119988)
(33.00729584693909, -149.72710526455788, 15.988086563807242, 114.53217268764678, 14.451156578119988)
(33.047205209732056, -149.72710526455788, 15.988086563807242, 114.53217268764678, 13.964730608515445)
(33.08774399757385, -151.85843342225522, 21.572491007455188, 113.96177980583268, 13.112350627794394)
(33.12773156166077, -151.85843342225522, 21.572491007455188, 113.96177980583268, 13.112350627794394)
(33.167421102523804, -151.85843342225522, 21.572491007455188, 113.96177980583268, 13.112350627794394)
(33.20740461349487, -151.85843342225522, 21.572491007455188, 113.96177980583268, 12.618096973818275)
(33.2477924823761, -151.85843342225522, 21.572491007455188, 113.96177980583268, 12.618096973818275)
(33.287763833999634, -154.50596771263514, 26.636804721063108, 113.36936767213386, 12.92770916022855)
(33.32780957221985, -154.50596771263514, 26.636804721063108, 113.36936767213386, 12.92770916022855)
(33.367703437805176, -154.50596771263514, 26.636804721063108, 113.36936767213386, 12.92770916022855)
(33.40767741203308, -154.50596771263514, 26.636804721063108, 113.36936767213386, 13.353756851580334)
(33.448148250579834, -154.50596771263514, 26.636804721063108, 113.36936767213386, 13.353756851580334)
(33.48825025558472, -155.7257810094253, 30.54127302403317, 113.35604998613115, 13.272215561389636)
(33.52788758277893, -155.7257810094253, 30.54127302403317, 113.35604998613115, 13.272215561389636)
(33.567898988723755, -155.7257810094253, 30.54127302403317, 113.35604998613115, 13.272215561389636)
(33.607906103134155, -155.7257810094253, 30.54127302403317, 113.35604998613115, 12.879555657251968)
(33.64774298667908, -155.7257810094253, 30.54127302403317, 113.35604998613115, 12.879555657251968)
(33.68861246109009, -156.0835610997328, 34.510845349718046, 113.56734960973543, 12.703616280361313)
(33.72819185256958, -156.0835610997328, 34.510845349718046, 113.56734960973543, 12.703616280361313)
(33.76799941062927, -156.0835610997328, 34.510845349718046, 113.56734960973543, 12.703616280361313)
(33.807941198349, -156.0835610997328, 34.510845349718046, 113.56734960973543, 13.000710148102268)
(33.84818077087402, -156.0835610997328, 34.510845349718046, 113.56734960973543, 13.000710148102268)
(33.88843846321106, -155.07838572789007, 38.64393332932686, 113.37848523426781, 13.326616425971178)
(33.928083658218384, -155.07838572789007, 38.64393332932686, 113.37848523426781, 13.326616425971178)
(33.968114614486694, -155.07838572789007, 38.64393332932686, 113.37848523426781, 13.326616425971178)
(34.00803756713867, -155.07838572789007, 38.64393332932686, 113.37848523426781, 13.575738689760037)
(34.04854965209961, -155.07838572789007, 38.64393332932686, 113.37848523426781, 13.575738689760037)
(34.08873629570007, -155.07838572789007, 38.64393332932686, 113.37848523426781, 13.575738689760037)
(34.12864661216736, -153.85244268688564, 43.15638609719327, 113.65307796898604, 13.860134960391228)
(34.16867232322693, -153.85244268688564, 43.15638609719327, 113.65307796898604, 13.860134960391228)
(34.20898485183716, -153.85244268688564, 43.15638609719327, 113.65307796898604, 13.869541119885378)
(34.24895882606506, -153.85244268688564, 43.15638609719327, 113.65307796898604, 13.869541119885378)
(34.289435386657715, -153.85244268688564, 43.15638609719327, 113.65307796898604, 13.869541119885378)
(34.32937026023865, -152.14307300516168, 47.271860678140456, 113.7052490878644, 13.667601868660402)
(34.36917471885681, -152.14307300516168, 47.271860678140456, 113.7052490878644, 13.667601868660402)
(34.409905672073364, -152.14307300516168, 47.271860678140456, 113.7052490878644, 13.653031930517816)
(34.449867963790894, -152.14307300516168, 47.271860678140456, 113.7052490878644, 13.653031930517816)
(34.48941230773926, -152.14307300516168, 47.271860678140456, 113.7052490878644, 13.653031930517816)
(34.529372692108154, -151.3631732379172, 52.730696212758644, 113.76198732500805, 13.873251434838703)
(34.5693895816803, -151.3631732379172, 52.730696212758644, 113.76198732500805, 13.873251434838703)
(34.60948729515076, -151.3631732379172, 52.730696212758644, 113.76198732500805, 14.150264626548402)
(34.64958834648132, -151.3631732379172, 52.730696212758644, 113.76198732500805, 14.150264626548402)
(34.68953847885132, -151.3631732379172, 52.730696212758644, 113.76198732500805, 14.150264626548402)
(34.72943449020386, -150.65638626487754, 58.191329664776916, 113.42374279506025, 14.341222568482895)
(34.76939606666565, -150.65638626487754, 58.191329664776916, 113.42374279506025, 14.341222568482895)
(34.810224294662476, -150.65638626487754, 58.191329664776916, 113.42374279506025, 14.468835024479088)
(34.84978747367859, -150.65638626487754, 58.191329664776916, 113.42374279506025, 14.468835024479088)
(34.89016771316528, -150.65638626487754, 58.191329664776916, 113.42374279506025, 14.468835024479088)
(34.93006610870361, -151.57124438201174, 63.28910341518688, 112.56754778085134, 14.479721644433415)
(34.96992635726929, -151.57124438201174, 63.28910341518688, 112.56754778085134, 14.479721644433415)
(35.01043105125427, -151.57124438201174, 63.28910341518688, 112.56754778085134, 14.479721644433415)
(35.05045032501221, -151.57124438201174, 63.28910341518688, 112.56754778085134, 14.354886564653839)
(35.09022760391235, -154.4136009237294, 68.46978125358407, 112.5842633710555, 14.429532169583727)
(35.13015866279602, -154.4136009237294, 68.46978125358407, 112.5842633710555, 14.429532169583727)
(35.17023420333862, -154.4136009237294, 68.46978125358407, 112.5842633710555, 14.359275041465574)
(35.21063852310181, -154.4136009237294, 68.46978125358407, 112.5842633710555, 14.359275041465574)
(35.25038504600525, -154.4136009237294, 68.46978125358407, 112.5842633710555, 14.359275041465574)
(35.290680170059204, -156.31349559935146, 73.3171396724363, 112.5009340692362, 14.247585430028519)
(35.3303656578064, -156.31349559935146, 73.3171396724363, 112.5009340692362, 14.247585430028519)
(35.37035083770752, -156.31349559935146, 73.3171396724363, 112.5009340692362, 14.247585430028519)
(35.41089177131653, -156.31349559935146, 73.3171396724363, 112.5009340692362, 14.274712868791271)
(35.45066833496094, -156.31349559935146, 73.3171396724363, 112.5009340692362, 14.274712868791271)
(35.490691900253296, -159.04001062994624, 77.91327695349105, 112.12304866727398, 14.424477458570468)
(35.530609130859375, -159.04001062994624, 77.91327695349105, 112.12304866727398, 14.424477458570468)
(35.570476055145264, -159.04001062994624, 77.91327695349105, 112.12304866727398, 14.424477458570468)
(35.61107087135315, -159.04001062994624, 77.91327695349105, 112.12304866727398, 14.40760664051922)
(35.65069794654846, -159.04001062994624, 77.91327695349105, 112.12304866727398, 14.40760664051922)
(35.69144582748413, -160.01050053574733, 81.72816623584647, 112.40820403453377, 14.513018346032105)
(35.73107886314392, -160.01050053574733, 81.72816623584647, 112.40820403453377, 14.513018346032105)
(35.77100348472595, -160.01050053574733, 81.72816623584647, 112.40820403453377, 14.513018346032105)
(35.81143307685852, -160.01050053574733, 81.72816623584647, 112.40820403453377, 14.509751529850838)
(35.851264238357544, -160.01050053574733, 81.72816623584647, 112.40820403453377, 14.509751529850838)
(35.89141225814819, -159.59107492269885, 84.46193053564627, 112.86438681094275, 14.71676204397819)
(35.931177616119385, -159.59107492269885, 84.46193053564627, 112.86438681094275, 14.71676204397819)
(35.97124195098877, -159.59107492269885, 84.46193053564627, 112.86438681094275, 14.71676204397819)
(36.011475801467896, -159.59107492269885, 84.46193053564627, 112.86438681094275, 14.327963463751232)
(36.051406145095825, -159.59107492269885, 84.46193053564627, 112.86438681094275, 14.327963463751232)
(36.091501235961914, -157.59134109016372, 86.89065059604081, 113.03659767160137, 14.745631359637695)
(36.131447315216064, -157.59134109016372, 86.89065059604081, 113.03659767160137, 14.745631359637695)
(36.171223878860474, -157.59134109016372, 86.89065059604081, 113.03659767160137, 14.745631359637695)
(36.21169090270996, -157.59134109016372, 86.89065059604081, 113.03659767160137, 15.528717219036599)
(36.25190091133118, -157.59134109016372, 86.89065059604081, 113.03659767160137, 15.528717219036599)
(36.291473627090454, -157.59134109016372, 86.89065059604081, 113.03659767160137, 15.528717219036599)
(36.33148193359375, -155.04408445690913, 89.68796600181285, 113.56747274181522, 16.322287762248223)
(36.371460914611816, -155.04408445690913, 89.68796600181285, 113.56747274181522, 16.322287762248223)
(36.41166424751282, -155.04408445690913, 89.68796600181285, 113.56747274181522, 16.14334227771175)
(36.451950550079346, -155.04408445690913, 89.68796600181285, 113.56747274181522, 16.14334227771175)
(36.492077589035034, -155.04408445690913, 89.68796600181285, 113.56747274181522, 16.14334227771175)
(36.53186559677124, -152.02127649209353, 92.04900838121242, 114.45715497454734, 17.17820443274043)
(36.57248377799988, -152.02127649209353, 92.04900838121242, 114.45715497454734, 17.17820443274043)
(36.61212372779846, -152.02127649209353, 92.04900838121242, 114.45715497454734, 18.177349619852674)
(36.65215301513672, -152.02127649209353, 92.04900838121242, 114.45715497454734, 18.177349619852674)
(36.69239830970764, -152.02127649209353, 92.04900838121242, 114.45715497454734, 18.177349619852674)
(36.732192277908325, -153.5581728736904, 90.38782000194522, 114.64315187937476, 17.887771306636623)
(36.77214598655701, -153.5581728736904, 90.38782000194522, 114.64315187937476, 17.887771306636623)
(36.812209606170654, -153.5581728736904, 90.38782000194522, 114.64315187937476, 15.56716416409786)
(36.852442264556885, -153.5581728736904, 90.38782000194522, 114.64315187937476, 15.56716416409786)
(36.892356157302856, -153.5581728736904, 90.38782000194522, 114.64315187937476, 15.56716416409786)
(36.93239617347717, -151.61120784055245, 92.79221206492142, 112.6480540145147, 18.011286238674156)
(36.97243309020996, -151.61120784055245, 92.79221206492142, 112.6480540145147, 18.011286238674156)
(37.012203216552734, -151.61120784055245, 92.79221206492142, 112.6480540145147, 15.959002018534589)
(37.052590131759644, -151.61120784055245, 92.79221206492142, 112.6480540145147, 15.959002018534589)
(37.09309983253479, -151.61120784055245, 92.79221206492142, 112.6480540145147, 15.959002018534589)
(37.132879972457886, -153.5416705915618, 91.88443934561218, 112.18217481472766, 14.238952487556254)
