====================== HEADER ======================
Odometry data will folow format (time, x, y, z, yaw)
Landing site: (-1, x, y, z, yaw)
X = left and right
Y = foraward backward
Z = height
====================== SUCCESS ======================
('min', -265.8977177864362, 84.63886446907577, -90.036368018047)
('max', -218.72416463839005, 94.36197975818189, -88.96399911875093)
('dlp', -242.99257602234513, 88.92299572672786, -104.96399911875093, 11.50160424028537)
25.50884485244751
(0, -257.02316569825035, -122.36813244668602, -84.46982187594571, 0.0)
(0.03975486755371094, -257.02316569825035, -122.36813244668602, -84.46982187594571, 0.0)
(0.07973837852478027, -257.02316569825035, -122.36813244668602, -84.46982187594571, -0.3249011598452505)
(0.11939334869384766, -257.02316569825035, -122.36813244668602, -84.46982187594571, -0.3249011598452505)
(0.15918469429016113, -256.56018358285087, -121.92785023256192, -84.69911978140169, -0.022552551630326434)
(0.1992051601409912, -256.56018358285087, -121.92785023256192, -84.69911978140169, -0.022552551630326434)
(0.23954510688781738, -256.56018358285087, -121.92785023256192, -84.69911978140169, 0.31628490601560166)
(0.2796664237976074, -256.56018358285087, -121.92785023256192, -84.69911978140169, 0.31628490601560166)
(0.31964802742004395, -256.56018358285087, -121.92785023256192, -84.69911978140169, 0.31628490601560166)
(0.3593788146972656, -256.1212805965753, -122.05288762735867, -85.24202410253467, 0.6970281467901476)
(0.39933085441589355, -256.1212805965753, -122.05288762735867, -85.24202410253467, 0.6970281467901476)
(0.43993473052978516, -256.1212805965753, -122.05288762735867, -85.24202410253467, 1.0685122959245383)
(0.47974205017089844, -256.1212805965753, -122.05288762735867, -85.24202410253467, 1.0685122959245383)
(0.5199563503265381, -256.1212805965753, -122.05288762735867, -85.24202410253467, 1.0685122959245383)
(0.5599253177642822, -255.8614746336943, -122.81806235570554, -86.91717210948883, 1.356516260173894)
(0.5997540950775146, -255.8614746336943, -122.81806235570554, -86.91717210948883, 1.356516260173894)
(0.6397445201873779, -255.8614746336943, -122.81806235570554, -86.91717210948883, 1.605067992699487)
(0.6800744533538818, -255.8614746336943, -122.81806235570554, -86.91717210948883, 1.605067992699487)
(0.7200937271118164, -255.8614746336943, -122.81806235570554, -86.91717210948883, 1.605067992699487)
(0.7599301338195801, -255.6936570523678, -123.17591604447975, -89.48070050102524, 1.8314834342827133)
(0.7998495101928711, -255.6936570523678, -123.17591604447975, -89.48070050102524, 1.8314834342827133)
(0.8399503231048584, -255.6936570523678, -123.17591604447975, -89.48070050102524, 2.0653674844365426)
(0.8800833225250244, -255.6936570523678, -123.17591604447975, -89.48070050102524, 2.0653674844365426)
(0.9201245307922363, -255.6936570523678, -123.17591604447975, -89.48070050102524, 2.0653674844365426)
(0.9600367546081543, -255.49395295916702, -123.26995967528869, -91.90851753982447, 2.353623002851272)
(1.000098705291748, -255.49395295916702, -123.26995967528869, -91.90851753982447, 2.353623002851272)
(1.040043830871582, -255.49395295916702, -123.26995967528869, -91.90851753982447, 2.353623002851272)
(1.0802011489868164, -255.49395295916702, -123.26995967528869, -91.90851753982447, 2.632570905857639)
(1.1203856468200684, -255.49395295916702, -123.26995967528869, -91.90851753982447, 2.632570905857639)
(1.1601264476776123, -255.09993567420852, -123.42100734275246, -94.13499482025551, 2.8726744893070695)
(1.2002146244049072, -255.09993567420852, -123.42100734275246, -94.13499482025551, 2.8726744893070695)
(1.2404627799987793, -255.09993567420852, -123.42100734275246, -94.13499482025551, 2.8726744893070695)
(1.2805330753326416, -255.09993567420852, -123.42100734275246, -94.13499482025551, 2.812428157878953)
(1.3203978538513184, -255.09993567420852, -123.42100734275246, -94.13499482025551, 2.812428157878953)
(1.3604817390441895, -254.85294887318568, -123.38453204943482, -96.16201769560332, 2.792377279389596)
(1.4002695083618164, -254.85294887318568, -123.38453204943482, -96.16201769560332, 2.792377279389596)
(1.4408435821533203, -254.85294887318568, -123.38453204943482, -96.16201769560332, 2.792377279389596)
(1.4807813167572021, -254.85294887318568, -123.38453204943482, -96.16201769560332, 2.8100787199450945)
(1.5211145877838135, -254.85294887318568, -123.38453204943482, -96.16201769560332, 2.8100787199450945)
(1.5603530406951904, -254.14862188041897, -123.43932937326656, -97.9686521018441, 2.8388415150202633)
(1.6004176139831543, -254.14862188041897, -123.43932937326656, -97.9686521018441, 2.8388415150202633)
(1.6409721374511719, -254.14862188041897, -123.43932937326656, -97.9686521018441, 2.8388415150202633)
(1.6807374954223633, -254.14862188041897, -123.43932937326656, -97.9686521018441, 2.8628671043835787)
(1.720738410949707, -254.14862188041897, -123.43932937326656, -97.9686521018441, 2.8628671043835787)
(1.7606823444366455, -253.58754704588148, -123.51873552823572, -99.6149186306077, 2.8771245228326894)
(1.8005452156066895, -253.58754704588148, -123.51873552823572, -99.6149186306077, 2.8771245228326894)
(1.8407297134399414, -253.58754704588148, -123.51873552823572, -99.6149186306077, 2.8771245228326894)
(1.8810811042785645, -253.58754704588148, -123.51873552823572, -99.6149186306077, 2.862935449537016)
(1.9209372997283936, -253.58754704588148, -123.51873552823572, -99.6149186306077, 2.862935449537016)
(1.9606778621673584, -253.58754704588148, -123.51873552823572, -99.6149186306077, 2.862935449537016)
(2.000734329223633, -253.28282043281303, -123.15589164632414, -101.04918189571592, 2.8761356380700978)
(2.0407116413116455, -253.28282043281303, -123.15589164632414, -101.04918189571592, 2.8761356380700978)
(2.0811798572540283, -253.28282043281303, -123.15589164632414, -101.04918189571592, 2.8396562144390423)
(2.1209418773651123, -253.28282043281303, -123.15589164632414, -101.04918189571592, 2.8396562144390423)
(2.160963296890259, -253.28282043281303, -123.15589164632414, -101.04918189571592, 2.8396562144390423)
(2.200819730758667, -252.9915292882956, -122.88657422744836, -102.09422886259415, 2.8057912711639723)
(2.241084098815918, -252.9915292882956, -122.88657422744836, -102.09422886259415, 2.8057912711639723)
(2.281514883041382, -252.9915292882956, -122.88657422744836, -102.09422886259415, 2.7426317545794454)
(2.3211510181427, -252.9915292882956, -122.88657422744836, -102.09422886259415, 2.7426317545794454)
(2.360938310623169, -252.9915292882956, -122.88657422744836, -102.09422886259415, 2.7426317545794454)
(2.401310920715332, -252.71382493249047, -123.09026212434779, -102.68572134322426, 2.6895279521731865)
(2.4412546157836914, -252.71382493249047, -123.09026212434779, -102.68572134322426, 2.679304902164086)
(2.4815444946289062, -252.71382493249047, -123.09026212434779, -102.68572134322426, 2.679304902164086)
(2.5214827060699463, -252.71382493249047, -123.09026212434779, -102.68572134322426, 2.679304902164086)
(2.5607471466064453, -252.45711628433725, -123.31939029454144, -102.20934950302214, 2.6706525453628736)
(2.600809097290039, -252.45711628433725, -123.31939029454144, -102.20934950302214, 2.6706525453628736)
(2.641475200653076, -252.45711628433725, -123.31939029454144, -102.20934950302214, 2.6405742266524417)
(2.681568145751953, -252.45711628433725, -123.31939029454144, -102.20934950302214, 2.6405742266524417)
(2.721397876739502, -252.45711628433725, -123.31939029454144, -102.20934950302214, 2.6405742266524417)
(2.7612662315368652, -251.9325996824419, -123.41002170860045, -101.76554263077826, 2.6208869180504273)
(2.801290988922119, -251.9325996824419, -123.41002170860045, -101.76554263077826, 2.6208869180504273)
(2.841583728790283, -251.9325996824419, -123.41002170860045, -101.76554263077826, 2.6159790662118176)
(2.8817427158355713, -251.9325996824419, -123.41002170860045, -101.76554263077826, 2.6159790662118176)
(2.921555280685425, -251.9325996824419, -123.41002170860045, -101.76554263077826, 2.6159790662118176)
(2.9614264965057373, -251.40460044216445, -123.1177553577702, -101.75699030945886, 2.6331372049468094)
(3.0023679733276367, -251.40460044216445, -123.1177553577702, -101.75699030945886, 2.6331372049468094)
(3.0420029163360596, -251.40460044216445, -123.1177553577702, -101.75699030945886, 2.627177434625265)
(3.0817666053771973, -251.40460044216445, -123.1177553577702, -101.75699030945886, 2.627177434625265)
(3.121687412261963, -251.40460044216445, -123.1177553577702, -101.75699030945886, 2.627177434625265)
(3.161576747894287, -251.0577362511909, -122.79640224926658, -102.16234062392377, 2.6135683564477574)
(3.201510429382324, -251.0577362511909, -122.79640224926658, -102.16234062392377, 2.6135683564477574)
(3.2417795658111572, -251.0577362511909, -122.79640224926658, -102.16234062392377, 2.6135683564477574)
(3.282015085220337, -251.0577362511909, -122.79640224926658, -102.16234062392377, 2.5948500190553823)
(3.3217639923095703, -251.0577362511909, -122.79640224926658, -102.16234062392377, 2.5948500190553823)
(3.3616983890533447, -250.8048096114507, -122.09208658313605, -102.54383605458271, 2.5960391988642293)
(3.4016788005828857, -250.8048096114507, -122.09208658313605, -102.54383605458271, 2.5960391988642293)
(3.4419775009155273, -250.8048096114507, -122.09208658313605, -102.54383605458271, 2.5960391988642293)
(3.482433795928955, -250.8048096114507, -122.09208658313605, -102.54383605458271, 2.586010544663276)
(3.522528648376465, -250.8048096114507, -122.09208658313605, -102.54383605458271, 2.586010544663276)
(3.562744617462158, -250.65262980891373, -121.68978237244824, -102.55474973033401, 2.5728463875747014)
(3.602958917617798, -250.65262980891373, -121.68978237244824, -102.55474973033401, 2.5728463875747014)
(3.642850399017334, -250.65262980891373, -121.68978237244824, -102.55474973033401, 2.5728463875747014)
(3.68304181098938, -250.65262980891373, -121.68978237244824, -102.55474973033401, 2.604176201386368)
(3.7229855060577393, -250.65262980891373, -121.68978237244824, -102.55474973033401, 2.604176201386368)
(3.7627041339874268, -250.3640554815926, -121.19358640748231, -102.25517655920797, 2.572892197614193)
(3.8026914596557617, -250.3640554815926, -121.19358640748231, -102.25517655920797, 2.572892197614193)
(3.842951536178589, -250.3640554815926, -121.19358640748231, -102.25517655920797, 2.572892197614193)
(3.883192539215088, -250.3640554815926, -121.19358640748231, -102.25517655920797, 2.5967766683265943)
(3.9231152534484863, -250.3640554815926, -121.19358640748231, -102.25517655920797, 2.5967766683265943)
(3.9627914428710938, -249.9274881598724, -120.7872837460424, -101.71637818681431, 2.594590500632563)
(4.003109455108643, -249.9274881598724, -120.7872837460424, -101.71637818681431, 2.594590500632563)
(4.043273448944092, -249.9274881598724, -120.7872837460424, -101.71637818681431, 2.594590500632563)
(4.083288908004761, -249.9274881598724, -120.7872837460424, -101.71637818681431, 2.613607859190907)
(4.123179912567139, -249.9274881598724, -120.7872837460424, -101.71637818681431, 2.613607859190907)
(4.163260459899902, -249.48579370559017, -120.64557726087833, -101.3623178392174, 2.6238683060845176)
(4.203106164932251, -249.48579370559017, -120.64557726087833, -101.3623178392174, 2.6238683060845176)
(4.243443727493286, -249.48579370559017, -120.64557726087833, -101.3623178392174, 2.6238683060845176)
(4.28346586227417, -249.48579370559017, -120.64557726087833, -101.3623178392174, 2.614404549220744)
(4.323278427124023, -249.48579370559017, -120.64557726087833, -101.3623178392174, 2.614404549220744)
(4.363147258758545, -249.48579370559017, -120.64557726087833, -101.3623178392174, 2.614404549220744)
(4.403243064880371, -248.8376623111663, -120.73221972549699, -101.2438437741132, 2.5963533515156545)
(4.443604230880737, -248.8376623111663, -120.73221972549699, -101.2438437741132, 2.5963533515156545)
(4.483645439147949, -248.8376623111663, -120.73221972549699, -101.2438437741132, 2.605344798638722)
(4.523570775985718, -248.8376623111663, -120.73221972549699, -101.2438437741132, 2.605344798638722)
(4.563343286514282, -248.8376623111663, -120.73221972549699, -101.2438437741132, 2.605344798638722)
(4.603560447692871, -248.40459541931824, -120.92388055100929, -101.06596624669382, 2.622185767018774)
(4.6437273025512695, -248.40459541931824, -120.92388055100929, -101.06596624669382, 2.608665795145468)
(4.684007406234741, -248.40459541931824, -120.92388055100929, -101.06596624669382, 2.608665795145468)
(4.723716735839844, -248.40459541931824, -120.92388055100929, -101.06596624669382, 2.608665795145468)
(4.76348352432251, -248.04647842136754, -121.10262551386786, -101.11125363180174, 2.5980776100771976)
(4.80381178855896, -248.04647842136754, -121.10262551386786, -101.11125363180174, 2.5980776100771976)
(4.844515323638916, -248.04647842136754, -121.10262551386786, -101.11125363180174, 2.6037016412344656)
(4.883846282958984, -248.04647842136754, -121.10262551386786, -101.11125363180174, 2.6037016412344656)
(4.923767566680908, -248.04647842136754, -121.10262551386786, -101.11125363180174, 2.6037016412344656)
(4.9636008739471436, -247.81627935878421, -120.90745251667718, -101.50027672121286, 2.5728319930921906)
(5.00385594367981, -247.81627935878421, -120.90745251667718, -101.50027672121286, 2.5728319930921906)
(5.043992519378662, -247.81627935878421, -120.90745251667718, -101.50027672121286, 2.5824982473394495)
(5.083976745605469, -247.81627935878421, -120.90745251667718, -101.50027672121286, 2.5824982473394495)
(5.12369179725647, -247.81627935878421, -120.90745251667718, -101.50027672121286, 2.5824982473394495)
(5.163747549057007, -247.6343928139146, -120.48742043761965, -101.35315484193515, 2.595798665875529)
(5.203859806060791, -247.6343928139146, -120.48742043761965, -101.35315484193515, 2.595798665875529)
(5.244221448898315, -247.6343928139146, -120.48742043761965, -101.35315484193515, 2.6284134238367454)
(5.284285306930542, -247.6343928139146, -120.48742043761965, -101.35315484193515, 2.6284134238367454)
(5.324028730392456, -247.6343928139146, -120.48742043761965, -101.35315484193515, 2.6284134238367454)
(5.364061117172241, -247.62990128074205, -120.25537258439596, -99.99856737230905, 2.6662124414852535)
(5.404004096984863, -247.62990128074205, -120.25537258439596, -99.99856737230905, 2.6662124414852535)
(5.4444475173950195, -247.62990128074205, -120.25537258439596, -99.99856737230905, 2.675310401993933)
(5.484502792358398, -247.62990128074205, -120.25537258439596, -99.99856737230905, 2.675310401993933)
(5.52444863319397, -247.62990128074205, -120.25537258439596, -99.99856737230905, 2.675310401993933)
(5.5644166469573975, -247.47456368460965, -119.42493205158544, -98.25987038440465, 2.7103460257269862)
(5.60414719581604, -247.47456368460965, -119.42493205158544, -98.25987038440465, 2.7103460257269862)
(5.644381523132324, -247.47456368460965, -119.42493205158544, -98.25987038440465, 2.7103460257269862)
(5.6845433712005615, -247.47456368460965, -119.42493205158544, -98.25987038440465, 2.715155902695745)
(5.724416971206665, -247.47456368460965, -119.42493205158544, -98.25987038440465, 2.715155902695745)
(5.7641918659210205, -247.51730358354558, -118.70059153953173, -97.72941296363571, 2.743447028379739)
(5.804381370544434, -247.51730358354558, -118.70059153953173, -97.72941296363571, 2.743447028379739)
(5.844570875167847, -247.51730358354558, -118.70059153953173, -97.72941296363571, 2.743447028379739)
(5.8847455978393555, -247.51730358354558, -118.70059153953173, -97.72941296363571, 2.7483276646660695)
(5.924306869506836, -247.51730358354558, -118.70059153953173, -97.72941296363571, 2.7483276646660695)
(5.964665651321411, -248.01352830094683, -118.72883422905879, -98.30457354208728, 2.765960761922008)
(6.005488634109497, -248.01352830094683, -118.72883422905879, -98.30457354208728, 2.765960761922008)
(6.044950008392334, -248.01352830094683, -118.72883422905879, -98.30457354208728, 2.765960761922008)
(6.085059404373169, -248.01352830094683, -118.72883422905879, -98.30457354208728, 2.7737789777360096)
(6.1250901222229, -248.01352830094683, -118.72883422905879, -98.30457354208728, 2.7737789777360096)
(6.164836883544922, -248.44385387025903, -118.48962327009943, -99.71613353766563, 2.7580948071269695)
(6.2049641609191895, -248.44385387025903, -118.48962327009943, -99.71613353766563, 2.7580948071269695)
(6.245290040969849, -248.44385387025903, -118.48962327009943, -99.71613353766563, 2.7580948071269695)
(6.285378932952881, -248.44385387025903, -118.48962327009943, -99.71613353766563, 2.7570572232856723)
(6.325274467468262, -248.44385387025903, -118.48962327009943, -99.71613353766563, 2.7570572232856723)
(6.365063905715942, -248.6868626225026, -118.55100248162029, -101.5227860460361, 2.7524034007219225)
(6.405596494674683, -248.6868626225026, -118.55100248162029, -101.5227860460361, 2.7524034007219225)
(6.445489168167114, -248.6868626225026, -118.55100248162029, -101.5227860460361, 2.7524034007219225)
(6.485614061355591, -248.6868626225026, -118.55100248162029, -101.5227860460361, 2.7490930105234437)
(6.525390863418579, -248.6868626225026, -118.55100248162029, -101.5227860460361, 2.7490930105234437)
(6.565298318862915, -248.6868626225026, -118.55100248162029, -101.5227860460361, 2.7490930105234437)
(6.605435609817505, -248.86706857415763, -118.19685269786885, -103.53183998074799, 2.750606440648845)
(6.645619869232178, -248.86706857415763, -118.19685269786885, -103.53183998074799, 2.750606440648845)
(6.6858296394348145, -248.86706857415763, -118.19685269786885, -103.53183998074799, 2.723529534010078)
(6.725681304931641, -248.86706857415763, -118.19685269786885, -103.53183998074799, 2.723529534010078)
(6.765622138977051, -248.86706857415763, -118.19685269786885, -103.53183998074799, 2.723529534010078)
(6.8058271408081055, -248.85734148591413, -118.51661046712857, -105.66154483882302, 2.699243999031184)
(6.8460094928741455, -248.85734148591413, -118.51661046712857, -105.66154483882302, 2.7061905757939524)
(6.885948896408081, -248.85734148591413, -118.51661046712857, -105.66154483882302, 2.7061905757939524)
(6.926066637039185, -248.98967600771894, -118.97745141735474, -107.6012083702843, 2.6999962640636728)
(6.96575665473938, -248.98967600771894, -118.97745141735474, -107.6012083702843, 2.6999962640636728)
(7.00629997253418, -248.98967600771894, -118.97745141735474, -107.6012083702843, 2.6999962640636728)
(7.04594874382019, -248.98967600771894, -118.97745141735474, -107.6012083702843, 2.6885619529244558)
(7.085820198059082, -248.98967600771894, -118.97745141735474, -107.6012083702843, 2.6885619529244558)
(7.125702619552612, -248.98967600771894, -118.97745141735474, -107.6012083702843, 2.6885619529244558)
(7.165789842605591, -248.8589673677767, -119.23984632997204, -109.14515484229129, 2.6685313809724835)
(7.2060017585754395, -248.8589673677767, -119.23984632997204, -109.14515484229129, 2.6685313809724835)
(7.2461934089660645, -248.8589673677767, -119.23984632997204, -109.14515484229129, 2.670350349967613)
(7.286208868026733, -248.8589673677767, -119.23984632997204, -109.14515484229129, 2.670350349967613)
(7.326045274734497, -248.8589673677767, -119.23984632997204, -109.14515484229129, 2.670350349967613)
(7.366081953048706, -248.49925171039268, -119.26304500697138, -110.01022026814665, 2.6524033595215553)
(7.406152009963989, -248.49925171039268, -119.26304500697138, -110.01022026814665, 2.6524033595215553)
(7.446381330490112, -248.49925171039268, -119.26304500697138, -110.01022026814665, 2.6659961934232896)
(7.486552000045776, -248.49925171039268, -119.26304500697138, -110.01022026814665, 2.6659961934232896)
(7.52638053894043, -248.49925171039268, -119.26304500697138, -110.01022026814665, 2.6659961934232896)
(7.566732406616211, -248.2992762786414, -119.35215768060795, -109.95911999955109, 2.657769444788771)
(7.6062846183776855, -248.2992762786414, -119.35215768060795, -109.95911999955109, 2.657769444788771)
(7.646538257598877, -248.2992762786414, -119.35215768060795, -109.95911999955109, 2.67146802324004)
(7.686465263366699, -248.2992762786414, -119.35215768060795, -109.95911999955109, 2.67146802324004)
(7.726335287094116, -248.2992762786414, -119.35215768060795, -109.95911999955109, 2.67146802324004)
(7.766323089599609, -248.30835783445147, -119.41105887147539, -109.34176807093966, 2.683425126844913)
(7.806287050247192, -248.30835783445147, -119.41105887147539, -109.34176807093966, 2.683425126844913)
(7.846537113189697, -248.30835783445147, -119.41105887147539, -109.34176807093966, 2.6996306257934197)
(7.886683940887451, -248.30835783445147, -119.41105887147539, -109.34176807093966, 2.6996306257934197)
(7.92661190032959, -248.30835783445147, -119.41105887147539, -109.34176807093966, 2.6996306257934197)
(7.9664390087127686, -248.36724567513554, -119.10993979659412, -108.2618924469855, 2.7348330039812474)
(8.006701707839966, -248.36724567513554, -119.10993979659412, -108.2618924469855, 2.7348330039812474)
(8.046807527542114, -248.36724567513554, -119.10993979659412, -108.2618924469855, 2.7348330039812474)
(8.08681845664978, -248.36724567513554, -119.10993979659412, -108.2618924469855, 2.7118439906005527)
(8.12669038772583, -248.36724567513554, -119.10993979659412, -108.2618924469855, 2.7118439906005527)
(8.16673469543457, -248.33596354842513, -118.31579335169843, -107.95710194202783, 2.716571267123774)
(8.207030296325684, -248.33596354842513, -118.31579335169843, -107.95710194202783, 2.716571267123774)
(8.247027158737183, -248.33596354842513, -118.31579335169843, -107.95710194202783, 2.716571267123774)
(8.287099361419678, -248.33596354842513, -118.31579335169843, -107.95710194202783, 2.694490649396947)
(8.326716899871826, -248.33596354842513, -118.31579335169843, -107.95710194202783, 2.694490649396947)
(8.366822957992554, -248.49388801061028, -117.59596496795042, -108.32727828916565, 2.704051079730853)
(8.406966924667358, -248.49388801061028, -117.59596496795042, -108.32727828916565, 2.704051079730853)
(8.447159767150879, -248.49388801061028, -117.59596496795042, -108.32727828916565, 2.704051079730853)
(8.487184286117554, -248.49388801061028, -117.59596496795042, -108.32727828916565, 2.7006791931143184)
(8.52685260772705, -248.49388801061028, -117.59596496795042, -108.32727828916565, 2.7006791931143184)
(8.566901445388794, -248.48515078381067, -116.91458108508601, -109.19320255188073, 2.742290912226103)
(8.607240676879883, -248.48515078381067, -116.91458108508601, -109.19320255188073, 2.742290912226103)
(8.647252321243286, -248.48515078381067, -116.91458108508601, -109.19320255188073, 2.742290912226103)
(8.68729543685913, -248.48515078381067, -116.91458108508601, -109.19320255188073, 2.800613068167337)
(8.727267980575562, -248.48515078381067, -116.91458108508601, -109.19320255188073, 2.800613068167337)
(8.767336130142212, -248.48581949757744, -116.66629087744259, -109.94583925838039, 2.821945852697336)
(8.807524919509888, -248.48581949757744, -116.66629087744259, -109.94583925838039, 2.821945852697336)
(8.847583770751953, -248.48581949757744, -116.66629087744259, -109.94583925838039, 2.821945852697336)
(8.887602806091309, -248.48581949757744, -116.66629087744259, -109.94583925838039, 2.859637710884991)
(8.927402257919312, -248.48581949757744, -116.66629087744259, -109.94583925838039, 2.859637710884991)
(8.967146873474121, -248.48581949757744, -116.66629087744259, -109.94583925838039, 2.859637710884991)
(9.007629632949829, -248.2300516766899, -116.10227275480042, -110.18499163469835, 2.9316983994126)
(9.047804832458496, -248.2300516766899, -116.10227275480042, -110.18499163469835, 2.9316983994126)
(9.087823390960693, -248.2300516766899, -116.10227275480042, -110.18499163469835, 2.989127478340869)
(9.127686738967896, -247.9723411108372, -115.99992604577861, -109.94460506241403, 2.9895124237213295)
(9.167633295059204, -247.9723411108372, -115.99992604577861, -109.94460506241403, 2.9895124237213295)
(9.207882642745972, -247.9723411108372, -115.99992604577861, -109.94460506241403, 2.9895124237213295)
(9.248122453689575, -247.9723411108372, -115.99992604577861, -109.94460506241403, 2.9818848746971387)
(9.288295030593872, -247.9723411108372, -115.99992604577861, -109.94460506241403, 2.9818848746971387)
(9.327746868133545, -247.9723411108372, -115.99992604577861, -109.94460506241403, 2.9818848746971387)
(9.367833137512207, -247.72393589105096, -115.87402659303297, -109.38963199127609, 2.9748302039630588)
(9.407789468765259, -247.72393589105096, -115.87402659303297, -109.38963199127609, 2.9748302039630588)
(9.448086023330688, -247.72393589105096, -115.87402659303297, -109.38963199127609, 3.022032635716977)
(9.488227844238281, -247.72393589105096, -115.87402659303297, -109.38963199127609, 3.022032635716977)
(9.528056144714355, -247.72393589105096, -115.87402659303297, -109.38963199127609, 3.022032635716977)
(9.568377017974854, -247.7758597909512, -115.49486984859085, -108.57472614893541, 3.0237916569224588)
(9.608121633529663, -247.7758597909512, -115.49486984859085, -108.57472614893541, 3.0237916569224588)
(9.648329019546509, -247.7758597909512, -115.49486984859085, -108.57472614893541, 2.999292108417473)
(9.688211679458618, -247.7758597909512, -115.49486984859085, -108.57472614893541, 2.999292108417473)
(9.727992534637451, -247.7758597909512, -115.49486984859085, -108.57472614893541, 2.999292108417473)
(9.767866849899292, -247.64080563735223, -115.2461421072164, -108.10668647485821, 3.007137226389661)
(9.808167219161987, -247.64080563735223, -115.2461421072164, -108.10668647485821, 3.007137226389661)
(9.84847116470337, -247.64080563735223, -115.2461421072164, -108.10668647485821, 3.008004776273385)
(9.888322830200195, -247.64080563735223, -115.2461421072164, -108.10668647485821, 3.008004776273385)
(9.928216218948364, -247.64080563735223, -115.2461421072164, -108.10668647485821, 3.008004776273385)
(9.968219518661499, -247.56823809094854, -115.30376687975802, -108.0990185520933, 3.0321108287631677)
(10.008536338806152, -247.56823809094854, -115.30376687975802, -108.0990185520933, 3.0321108287631677)
(10.048686981201172, -247.56823809094854, -115.30376687975802, -108.0990185520933, 2.9873110160381433)
(10.088598251342773, -247.56823809094854, -115.30376687975802, -108.0990185520933, 2.9873110160381433)
(10.128347396850586, -247.56823809094854, -115.30376687975802, -108.0990185520933, 2.9873110160381433)
(10.168455839157104, -247.4220331355401, -114.97733621426282, -108.11959453280573, 2.962191080891719)
(10.208765506744385, -247.4220331355401, -114.97733621426282, -108.11959453280573, 2.962191080891719)
(10.248998880386353, -247.4220331355401, -114.97733621426282, -108.11959453280573, 2.922210306791431)
(10.288739681243896, -247.4220331355401, -114.97733621426282, -108.11959453280573, 2.922210306791431)
(10.328503131866455, -247.4220331355401, -114.97733621426282, -108.11959453280573, 2.922210306791431)
(10.368643999099731, -247.1739228864506, -114.58310101176943, -107.98370048091607, 2.915808710304434)
(10.409133195877075, -247.1739228864506, -114.58310101176943, -107.98370048091607, 2.915808710304434)
(10.448915719985962, -247.1739228864506, -114.58310101176943, -107.98370048091607, 2.915808710304434)
(10.48887324333191, -247.1739228864506, -114.58310101176943, -107.98370048091607, 2.8931999624385227)
(10.528705358505249, -247.1739228864506, -114.58310101176943, -107.98370048091607, 2.8931999624385227)
(10.568586111068726, -247.2378549562867, -114.27328006864244, -107.54524490233725, 2.8461746963329375)
(10.608869314193726, -247.2378549562867, -114.27328006864244, -107.54524490233725, 2.8461746963329375)
(10.648937463760376, -247.2378549562867, -114.27328006864244, -107.54524490233725, 2.8461746963329375)
(10.68894910812378, -247.2378549562867, -114.27328006864244, -107.54524490233725, 2.8090413338279117)
(10.72873067855835, -247.2378549562867, -114.27328006864244, -107.54524490233725, 2.8090413338279117)
(10.768805980682373, -246.99040149272017, -114.13129834396304, -106.69014940393421, 2.790960100620019)
(10.809028625488281, -246.99040149272017, -114.13129834396304, -106.69014940393421, 2.790960100620019)
(10.849130392074585, -246.99040149272017, -114.13129834396304, -106.69014940393421, 2.790960100620019)
(10.889111757278442, -246.99040149272017, -114.13129834396304, -106.69014940393421, 2.7885078642272596)
(10.928945779800415, -246.99040149272017, -114.13129834396304, -106.69014940393421, 2.7885078642272596)
(10.968992471694946, -246.60148381350075, -113.80803923306345, -105.63324423737863, 2.7888290456961045)
(11.009249925613403, -246.60148381350075, -113.80803923306345, -105.63324423737863, 2.7888290456961045)
(11.049314498901367, -246.60148381350075, -113.80803923306345, -105.63324423737863, 2.7888290456961045)
(11.08936595916748, -246.60148381350075, -113.80803923306345, -105.63324423737863, 2.764084437221932)
(11.129042625427246, -246.60148381350075, -113.80803923306345, -105.63324423737863, 2.764084437221932)
(11.16910982131958, -246.60148381350075, -113.80803923306345, -105.63324423737863, 2.764084437221932)
(11.209369421005249, -246.5768390604298, -113.50851402302757, -104.59798028236065, 2.672003413132428)
(11.249421119689941, -246.5768390604298, -113.50851402302757, -104.59798028236065, 2.626008822851185)
(11.289376258850098, -246.5768390604298, -113.50851402302757, -104.59798028236065, 2.626008822851185)
(11.329176664352417, -246.4901978995191, -113.58024566253354, -103.71398651599802, 2.63317265295869)
(11.369160175323486, -246.4901978995191, -113.58024566253354, -103.71398651599802, 2.63317265295869)
(11.409586906433105, -246.4901978995191, -113.58024566253354, -103.71398651599802, 2.63317265295869)
(11.449532985687256, -246.4901978995191, -113.58024566253354, -103.71398651599802, 2.601783839863442)
(11.489579916000366, -246.4901978995191, -113.58024566253354, -103.71398651599802, 2.601783839863442)
(11.529319763183594, -246.4901978995191, -113.58024566253354, -103.71398651599802, 2.601783839863442)
(11.569643259048462, -246.43571304671346, -113.93322728724736, -103.29492802748763, 2.6374490121463996)
(11.609575748443604, -246.43571304671346, -113.93322728724736, -103.29492802748763, 2.6374490121463996)
(11.649645805358887, -246.43571304671346, -113.93322728724736, -103.29492802748763, 2.655461092978374)
(11.689561367034912, -246.43571304671346, -113.93322728724736, -103.29492802748763, 2.655461092978374)
(11.729408740997314, -246.43571304671346, -113.93322728724736, -103.29492802748763, 2.655461092978374)
(11.76952838897705, -246.60185470579046, -114.41394228090334, -103.00154517902529, 2.6795766549419273)
(11.80976152420044, -246.60185470579046, -114.41394228090334, -103.00154517902529, 2.6795766549419273)
(11.850082874298096, -246.60185470579046, -114.41394228090334, -103.00154517902529, 2.6798105110114463)
(11.890044212341309, -246.60185470579046, -114.41394228090334, -103.00154517902529, 2.6798105110114463)
(11.929775714874268, -246.60185470579046, -114.41394228090334, -103.00154517902529, 2.6798105110114463)
(11.970114946365356, -246.54618730035205, -114.4960235851714, -103.07721279648655, 2.6952736203994903)
(12.010122060775757, -246.54618730035205, -114.4960235851714, -103.07721279648655, 2.6952736203994903)
(12.050255298614502, -246.54618730035205, -114.4960235851714, -103.07721279648655, 2.693371275086852)
(12.090153694152832, -246.54618730035205, -114.4960235851714, -103.07721279648655, 2.693371275086852)
(12.129979848861694, -246.54618730035205, -114.4960235851714, -103.07721279648655, 2.693371275086852)
(12.170084953308105, -246.52567007498274, -114.6011706679576, -103.59899461529447, 2.666818089115594)
(12.210233449935913, -246.52567007498274, -114.6011706679576, -103.59899461529447, 2.666818089115594)
(12.250408172607422, -246.52567007498274, -114.6011706679576, -103.59899461529447, 2.671752799940837)
(12.29026746749878, -246.52567007498274, -114.6011706679576, -103.59899461529447, 2.671752799940837)
(12.330088376998901, -246.52567007498274, -114.6011706679576, -103.59899461529447, 2.671752799940837)
(12.370266675949097, -246.49058836601026, -115.21442302535995, -103.96930223859006, 2.637219435528804)
(12.410498142242432, -246.49058836601026, -115.21442302535995, -103.96930223859006, 2.637219435528804)
(12.450719356536865, -246.49058836601026, -115.21442302535995, -103.96930223859006, 2.609402136538055)
(12.490472078323364, -246.49058836601026, -115.21442302535995, -103.96930223859006, 2.609402136538055)
(12.530190467834473, -246.49058836601026, -115.21442302535995, -103.96930223859006, 2.609402136538055)
(12.57084321975708, -246.18329994640337, -115.52217040640865, -103.9701410618004, 2.6020610188054167)
(12.610689640045166, -246.18329994640337, -115.52217040640865, -103.9701410618004, 2.6020610188054167)
(12.650420427322388, -246.18329994640337, -115.52217040640865, -103.9701410618004, 2.6020610188054167)
(12.69058632850647, -246.18329994640337, -115.52217040640865, -103.9701410618004, 2.5664108811910378)
(12.73035192489624, -246.18329994640337, -115.52217040640865, -103.9701410618004, 2.5664108811910378)
(12.77055549621582, -245.7658979134769, -115.51356777358885, -104.09392167271163, 2.580153832858482)
(12.810786962509155, -245.7658979134769, -115.51356777358885, -104.09392167271163, 2.580153832858482)
(12.850633144378662, -245.7658979134769, -115.51356777358885, -104.09392167271163, 2.580153832858482)
(12.890759944915771, -245.7658979134769, -115.51356777358885, -104.09392167271163, 2.604024301167394)
(12.93053913116455, -245.7658979134769, -115.51356777358885, -104.09392167271163, 2.604024301167394)
(12.971035242080688, -245.70164059309417, -115.6104644610136, -104.48564205840806, 2.592701833224213)
(13.010793447494507, -245.70164059309417, -115.6104644610136, -104.48564205840806, 2.592701833224213)
(13.050857067108154, -245.70164059309417, -115.6104644610136, -104.48564205840806, 2.592701833224213)
(13.090894222259521, -245.70164059309417, -115.6104644610136, -104.48564205840806, 2.6056041547429896)
(13.130738973617554, -245.70164059309417, -115.6104644610136, -104.48564205840806, 2.6056041547429896)
(13.171496391296387, -245.86932738760603, -115.76461845626164, -105.05807778112816, 2.6003872199476223)
(13.211161613464355, -245.86932738760603, -115.76461845626164, -105.05807778112816, 2.6003872199476223)
(13.25119400024414, -245.86932738760603, -115.76461845626164, -105.05807778112816, 2.6003872199476223)
(13.291197299957275, -245.86932738760603, -115.76461845626164, -105.05807778112816, 2.5899587765644476)
(13.331148147583008, -245.86932738760603, -115.76461845626164, -105.05807778112816, 2.5899587765644476)
(13.37111234664917, -245.86932738760603, -115.76461845626164, -105.05807778112816, 2.5899587765644476)
(13.41121244430542, -246.10561711845168, -115.84911513623359, -105.09850057541522, 2.6064700109876338)
(13.451148509979248, -246.10561711845168, -115.84911513623359, -105.09850057541522, 2.6645841411954745)
(13.491185188293457, -246.10561711845168, -115.84911513623359, -105.09850057541522, 2.6645841411954745)
(13.531006097793579, -246.45059000652876, -115.94335827746166, -104.73804176217668, 2.7091576228737306)
(13.57108736038208, -246.45059000652876, -115.94335827746166, -104.73804176217668, 2.7091576228737306)
(13.610840797424316, -246.45059000652876, -115.94335827746166, -104.73804176217668, 2.7091576228737306)
(13.65140962600708, -246.45059000652876, -115.94335827746166, -104.73804176217668, 2.6595327540865252)
(13.691442728042603, -246.45059000652876, -115.94335827746166, -104.73804176217668, 2.6595327540865252)
(13.731187105178833, -246.45059000652876, -115.94335827746166, -104.73804176217668, 2.6595327540865252)
(13.771074533462524, -246.21059503005864, -115.88573531335443, -104.61154660985746, 2.627566584050978)
(13.811465501785278, -246.21059503005864, -115.88573531335443, -104.61154660985746, 2.627566584050978)
(13.851439237594604, -246.21059503005864, -115.88573531335443, -104.61154660985746, 2.6170945299005215)
(13.891521692276001, -246.21059503005864, -115.88573531335443, -104.61154660985746, 2.6170945299005215)
(13.931337356567383, -246.21059503005864, -115.88573531335443, -104.61154660985746, 2.6170945299005215)
(13.97143030166626, -245.7794466835099, -115.75969083202122, -104.52654395599187, 2.629093286217863)
(14.011725425720215, -245.7794466835099, -115.75969083202122, -104.52654395599187, 2.629093286217863)
(14.051886558532715, -245.7794466835099, -115.75969083202122, -104.52654395599187, 2.612727768706831)
(14.09354281425476, -245.7794466835099, -115.75969083202122, -104.52654395599187, 2.612727768706831)
(14.131794691085815, -245.7794466835099, -115.75969083202122, -104.52654395599187, 2.612727768706831)
(14.172775268554688, -245.2764718016723, -116.11840408408631, -103.99578419308554, 2.570693927979274)
(14.21234130859375, -245.2764718016723, -116.11840408408631, -103.99578419308554, 2.570693927979274)
(14.252304792404175, -245.2764718016723, -116.11840408408631, -103.99578419308554, 2.617816818895486)
(14.29181981086731, -245.2764718016723, -116.11840408408631, -103.99578419308554, 2.617816818895486)
(14.331819534301758, -245.2764718016723, -116.11840408408631, -103.99578419308554, 2.617816818895486)
(14.372562885284424, -245.32285468938255, -116.39584345009841, -103.293276210141, 2.624022504770858)
(14.412204504013062, -245.32285468938255, -116.39584345009841, -103.293276210141, 2.624022504770858)
(14.452245473861694, -245.32285468938255, -116.39584345009841, -103.293276210141, 2.610183866579547)
(14.492142677307129, -245.32285468938255, -116.39584345009841, -103.293276210141, 2.610183866579547)
(14.532002449035645, -245.32285468938255, -116.39584345009841, -103.293276210141, 2.610183866579547)
(14.572791337966919, -245.20951789749063, -116.70513903155965, -103.31041005063227, 2.6034973848660385)
(14.61238956451416, -245.20951789749063, -116.70513903155965, -103.31041005063227, 2.6034973848660385)
(14.652310848236084, -245.20951789749063, -116.70513903155965, -103.31041005063227, 2.5949582469869963)
(14.69233250617981, -245.20951789749063, -116.70513903155965, -103.31041005063227, 2.5949582469869963)
(14.732183456420898, -245.20951789749063, -116.70513903155965, -103.31041005063227, 2.5949582469869963)
(14.77273678779602, -245.83404897908326, -117.18331938367356, -103.73579779982647, 2.598442825521106)
(14.812808275222778, -245.83404897908326, -117.18331938367356, -103.73579779982647, 2.598442825521106)
(14.85310697555542, -245.83404897908326, -117.18331938367356, -103.73579779982647, 2.598442825521106)
(14.893064498901367, -245.83404897908326, -117.18331938367356, -103.73579779982647, 2.6472095538544753)
(14.932912111282349, -245.83404897908326, -117.18331938367356, -103.73579779982647, 2.6472095538544753)
(14.97270655632019, -246.52074812268387, -117.36384011122499, -104.3227318691832, 2.6722280442458928)
(15.013268947601318, -246.52074812268387, -117.36384011122499, -104.3227318691832, 2.6722280442458928)
(15.05306339263916, -246.52074812268387, -117.36384011122499, -104.3227318691832, 2.6722280442458928)
(15.093342781066895, -246.52074812268387, -117.36384011122499, -104.3227318691832, 2.6669120242163853)
(15.132835865020752, -246.52074812268387, -117.36384011122499, -104.3227318691832, 2.6669120242163853)
(15.173191785812378, -246.98245068518483, -117.3460252915167, -104.74770838287004, 2.6496234009029145)
(15.213256597518921, -246.98245068518483, -117.3460252915167, -104.74770838287004, 2.6496234009029145)
(15.253257751464844, -246.98245068518483, -117.3460252915167, -104.74770838287004, 2.6496234009029145)
(15.293141603469849, -246.98245068518483, -117.3460252915167, -104.74770838287004, 2.632431882216469)
(15.333049058914185, -246.98245068518483, -117.3460252915167, -104.74770838287004, 2.632431882216469)
(15.373358726501465, -247.58900307667574, -117.76188377359438, -104.76395648766342, 2.652786031824901)
(15.41335654258728, -247.58900307667574, -117.76188377359438, -104.76395648766342, 2.652786031824901)
(15.453627347946167, -247.58900307667574, -117.76188377359438, -104.76395648766342, 2.652786031824901)
(15.49366044998169, -247.58900307667574, -117.76188377359438, -104.76395648766342, 2.662443309458176)
(15.533440113067627, -247.65100200440762, -118.14086213262932, -104.43694743759298, 2.672622467028214)
(15.573630332946777, -247.65100200440762, -118.14086213262932, -104.43694743759298, 2.672622467028214)
(15.613708257675171, -247.65100200440762, -118.14086213262932, -104.43694743759298, 2.672622467028214)
(15.653641939163208, -247.65100200440762, -118.14086213262932, -104.43694743759298, 2.7099953408708135)
(15.693561792373657, -247.65100200440762, -118.14086213262932, -104.43694743759298, 2.7099953408708135)
(15.733593940734863, -247.92126307378464, -118.33875320611996, -103.7278505357948, 2.7166437802976393)
(15.773849248886108, -247.92126307378464, -118.33875320611996, -103.7278505357948, 2.7166437802976393)
(15.81387186050415, -247.92126307378464, -118.33875320611996, -103.7278505357948, 2.7166437802976393)
(15.853795766830444, -247.92126307378464, -118.33875320611996, -103.7278505357948, 2.694349589364096)
(15.893709421157837, -247.92126307378464, -118.33875320611996, -103.7278505357948, 2.694349589364096)
(15.93368411064148, -247.41942649236995, -118.37717118266042, -103.31222870308933, 2.681344832857789)
(15.97382116317749, -247.41942649236995, -118.37717118266042, -103.31222870308933, 2.681344832857789)
(16.014116764068604, -247.41942649236995, -118.37717118266042, -103.31222870308933, 2.681344832857789)
(16.053921461105347, -247.41942649236995, -118.37717118266042, -103.31222870308933, 2.6625407571464006)
(16.093971490859985, -247.41942649236995, -118.37717118266042, -103.31222870308933, 2.6625407571464006)
(16.13387131690979, -247.41942649236995, -118.37717118266042, -103.31222870308933, 2.6625407571464006)
(16.174211740493774, -246.61512579763942, -118.37380525274203, -103.31185311760215, 2.6501393960744313)
(16.214305639266968, -246.61512579763942, -118.37380525274203, -103.31185311760215, 2.6501393960744313)
(16.254131078720093, -246.61512579763942, -118.37380525274203, -103.31185311760215, 2.695114858345878)
(16.29397702217102, -246.61512579763942, -118.37380525274203, -103.31185311760215, 2.695114858345878)
(16.334060430526733, -246.61512579763942, -118.37380525274203, -103.31185311760215, 2.695114858345878)
(16.374314308166504, -246.202302732703, -118.0364354161602, -103.3261845577981, 2.646110682015115)
(16.414427280426025, -246.202302732703, -118.0364354161602, -103.3261845577981, 2.646110682015115)
(16.454302549362183, -246.202302732703, -118.0364354161602, -103.3261845577981, 2.665841340203521)
(16.494449377059937, -246.202302732703, -118.0364354161602, -103.3261845577981, 2.665841340203521)
(16.534149885177612, -246.202302732703, -118.0364354161602, -103.3261845577981, 2.665841340203521)
(16.574400186538696, -245.8029865240049, -117.74949682060695, -103.41073892035412, 2.6685428826497084)
(16.614404439926147, -245.8029865240049, -117.74949682060695, -103.41073892035412, 2.6685428826497084)
(16.654306650161743, -245.8029865240049, -117.74949682060695, -103.41073892035412, 2.687164832364047)
(16.694234609603882, -245.8029865240049, -117.74949682060695, -103.41073892035412, 2.687164832364047)
(16.7343270778656, -245.8029865240049, -117.74949682060695, -103.41073892035412, 2.687164832364047)
(16.774481773376465, -245.8404894660892, -117.409245580123, -103.9874935017698, 2.6768983159372546)
(16.814749479293823, -245.8404894660892, -117.409245580123, -103.9874935017698, 2.6768983159372546)
(16.854543447494507, -245.8404894660892, -117.409245580123, -103.9874935017698, 2.707737818910509)
(16.89449405670166, -245.8404894660892, -117.409245580123, -103.9874935017698, 2.707737818910509)
(16.93442392349243, -245.8404894660892, -117.409245580123, -103.9874935017698, 2.707737818910509)
(16.974956274032593, -246.75384928901218, -116.61068163719092, -104.81951713201217, 2.720461395305543)
(17.014930486679077, -246.75384928901218, -116.61068163719092, -104.81951713201217, 2.720461395305543)
(17.05479407310486, -246.75384928901218, -116.61068163719092, -104.81951713201217, 2.720461395305543)
(17.094635486602783, -246.75384928901218, -116.61068163719092, -104.81951713201217, 2.7307195909056734)
(17.134721994400024, -246.75384928901218, -116.61068163719092, -104.81951713201217, 2.7307195909056734)
(17.17499542236328, -247.70192844625737, -116.40352511347258, -105.53954982475122, 2.7215971255245623)
(17.21500849723816, -247.70192844625737, -116.40352511347258, -105.53954982475122, 2.7215971255245623)
(17.25491976737976, -247.70192844625737, -116.40352511347258, -105.53954982475122, 2.7215971255245623)
(17.29489517211914, -247.70192844625737, -116.40352511347258, -105.53954982475122, 2.7266819744847)
(17.334845066070557, -247.70192844625737, -116.40352511347258, -105.53954982475122, 2.7266819744847)
(17.37510657310486, -248.88221780277854, -116.34989351600495, -105.45573310224583, 2.6798573999610955)
(17.415146827697754, -248.88221780277854, -116.34989351600495, -105.45573310224583, 2.6798573999610955)
(17.455045461654663, -248.88221780277854, -116.34989351600495, -105.45573310224583, 2.6798573999610955)
(17.495047092437744, -248.88221780277854, -116.34989351600495, -105.45573310224583, 2.6324768441116593)
(17.535006999969482, -248.88221780277854, -116.34989351600495, -105.45573310224583, 2.6324768441116593)
(17.575554609298706, -249.7806314388474, -116.12147400210125, -104.8230041787327, 2.6560022661457694)
(17.615095853805542, -249.7806314388474, -116.12147400210125, -104.8230041787327, 2.6560022661457694)
(17.65514302253723, -249.7806314388474, -116.12147400210125, -104.8230041787327, 2.662815030360015)
(17.69511580467224, -249.7806314388474, -116.12147400210125, -104.8230041787327, 2.662815030360015)
(17.73517894744873, -250.21592189249262, -115.86906473232128, -104.39081072942032, 2.6714164505033633)
(17.77541422843933, -250.21592189249262, -115.86906473232128, -104.39081072942032, 2.6714164505033633)
(17.815500736236572, -250.21592189249262, -115.86906473232128, -104.39081072942032, 2.6714164505033633)
(17.855335474014282, -250.21592189249262, -115.86906473232128, -104.39081072942032, 2.6576030173117466)
(17.89527440071106, -250.21592189249262, -115.86906473232128, -104.39081072942032, 2.6576030173117466)
(17.935370683670044, -249.54145041635013, -115.63703641136688, -104.23322373519275, 2.6677665019116557)
(17.975634336471558, -249.54145041635013, -115.63703641136688, -104.23322373519275, 2.6677665019116557)
(18.015642881393433, -249.54145041635013, -115.63703641136688, -104.23322373519275, 2.6677665019116557)
(18.055479049682617, -249.54145041635013, -115.63703641136688, -104.23322373519275, 2.6741756633984366)
(18.095593214035034, -249.54145041635013, -115.63703641136688, -104.23322373519275, 2.6741756633984366)
(18.135693788528442, -248.23426861153297, -115.3090407332287, -104.0608290713855, 2.6646225642809007)
(18.175857543945312, -248.23426861153297, -115.3090407332287, -104.0608290713855, 2.6646225642809007)
(18.215901374816895, -248.23426861153297, -115.3090407332287, -104.0608290713855, 2.6646225642809007)
(18.25579833984375, -248.23426861153297, -115.3090407332287, -104.0608290713855, 2.6972737569861973)
(18.2957022190094, -248.23426861153297, -115.3090407332287, -104.0608290713855, 2.6972737569861973)
(18.335790157318115, -248.23426861153297, -115.3090407332287, -104.0608290713855, 2.6972737569861973)
(18.375980138778687, -246.63337957206883, -114.76802161413092, -103.58542278145751, 2.6543705696038433)
(18.416309356689453, -246.63337957206883, -114.76802161413092, -103.58542278145751, 2.6543705696038433)
(18.4562029838562, -246.63337957206883, -114.76802161413092, -103.58542278145751, 2.708876200794048)
(18.49622082710266, -246.63337957206883, -114.76802161413092, -103.58542278145751, 2.708876200794048)
(18.536221027374268, -246.63337957206883, -114.76802161413092, -103.58542278145751, 2.708876200794048)
(18.57642889022827, -245.14649484223796, -114.10120527421348, -103.48537552926301, 2.7298131481609946)
(18.61648988723755, -245.14649484223796, -114.10120527421348, -103.48537552926301, 2.7298131481609946)
(18.65632653236389, -245.14649484223796, -114.10120527421348, -103.48537552926301, 2.6989741764907897)
(18.696242332458496, -245.14649484223796, -114.10120527421348, -103.48537552926301, 2.6989741764907897)
(18.7364342212677, -245.14649484223796, -114.10120527421348, -103.48537552926301, 2.6989741764907897)
(18.77656364440918, -244.22610170644955, -113.36289344539041, -103.87025849782358, 2.6989913329385846)
(18.816635370254517, -244.22610170644955, -113.36289344539041, -103.87025849782358, 2.6989913329385846)
(18.856493949890137, -244.22610170644955, -113.36289344539041, -103.87025849782358, 2.7367681373088004)
(18.896425008773804, -244.22610170644955, -113.36289344539041, -103.87025849782358, 2.7367681373088004)
(18.93654227256775, -244.22610170644955, -113.36289344539041, -103.87025849782358, 2.7367681373088004)
(18.976752758026123, -244.1305763077584, -112.56570167921613, -104.22752531012783, 2.7504293448123853)
(19.016958236694336, -244.1305763077584, -112.56570167921613, -104.22752531012783, 2.7504293448123853)
(19.05669093132019, -244.1305763077584, -112.56570167921613, -104.22752531012783, 2.7173076588087515)
(19.09661889076233, -244.1305763077584, -112.56570167921613, -104.22752531012783, 2.7173076588087515)
(19.136710166931152, -244.1305763077584, -112.56570167921613, -104.22752531012783, 2.7173076588087515)
(19.1769278049469, -244.4821090108886, -111.90581836337792, -104.18011652157902, 2.738367864803399)
(19.217257738113403, -244.4821090108886, -111.90581836337792, -104.18011652157902, 2.738367864803399)
(19.25692892074585, -244.4821090108886, -111.90581836337792, -104.18011652157902, 2.738367864803399)
(19.296801328659058, -244.4821090108886, -111.90581836337792, -104.18011652157902, 2.760452023686259)
(19.3368661403656, -244.4821090108886, -111.90581836337792, -104.18011652157902, 2.760452023686259)
(19.37708306312561, -245.03889443545387, -111.61533703591007, -103.42960786827175, 2.7719372044954493)
(19.417194843292236, -245.03889443545387, -111.61533703591007, -103.42960786827175, 2.7719372044954493)
(19.457025051116943, -245.03889443545387, -111.61533703591007, -103.42960786827175, 2.7719372044954493)
(19.49700403213501, -245.03889443545387, -111.61533703591007, -103.42960786827175, 2.772576028685947)
(19.537120819091797, -245.03889443545387, -111.61533703591007, -103.42960786827175, 2.772576028685947)
(19.57749319076538, -245.59394548912206, -111.278519286611, -102.9553738111254, 2.7655071571816077)
(19.617097854614258, -245.59394548912206, -111.278519286611, -102.9553738111254, 2.7655071571816077)
(19.657062530517578, -245.59394548912206, -111.278519286611, -102.9553738111254, 2.7655071571816077)
(19.697072982788086, -245.59394548912206, -111.278519286611, -102.9553738111254, 2.778624610288615)
(19.737369298934937, -246.47504985856506, -110.90302642173182, -102.77529963477122, 2.7845300871720937)
(19.77752661705017, -246.47504985856506, -110.90302642173182, -102.77529963477122, 2.7845300871720937)
(19.81730818748474, -246.47504985856506, -110.90302642173182, -102.77529963477122, 2.7845300871720937)
(19.85728096961975, -246.47504985856506, -110.90302642173182, -102.77529963477122, 2.753780160227617)
(19.897237062454224, -246.47504985856506, -110.90302642173182, -102.77529963477122, 2.753780160227617)
(19.937479496002197, -246.42148421869953, -110.487635290149, -103.01734175329042, 2.743539552966352)
(19.97757315635681, -246.42148421869953, -110.487635290149, -103.01734175329042, 2.743539552966352)
(20.01766586303711, -246.42148421869953, -110.487635290149, -103.01734175329042, 2.743539552966352)
(20.05751633644104, -246.42148421869953, -110.487635290149, -103.01734175329042, 2.710369135831227)
(20.09753394126892, -246.42148421869953, -110.487635290149, -103.01734175329042, 2.710369135831227)
(20.137818098068237, -246.71204325458532, -110.05128360845927, -103.66437801383321, 2.710772667215375)
(20.177819967269897, -246.71204325458532, -110.05128360845927, -103.66437801383321, 2.710772667215375)
(20.21775722503662, -246.71204325458532, -110.05128360845927, -103.66437801383321, 2.710772667215375)
(20.2577223777771, -246.71204325458532, -110.05128360845927, -103.66437801383321, 2.6940279204336814)
(20.297730684280396, -246.71204325458532, -110.05128360845927, -103.66437801383321, 2.6940279204336814)
(20.338092803955078, -246.71204325458532, -110.05128360845927, -103.66437801383321, 2.6940279204336814)
(20.377972841262817, -246.5333979088295, -109.77058980977354, -104.3903262448625, 2.7297966143746297)
(20.417998552322388, -246.5333979088295, -109.77058980977354, -104.3903262448625, 2.7297966143746297)
(20.457936763763428, -246.5333979088295, -109.77058980977354, -104.3903262448625, 2.7090322853944233)
(20.49802255630493, -246.5333979088295, -109.77058980977354, -104.3903262448625, 2.7090322853944233)
(20.537995100021362, -246.5333979088295, -109.77058980977354, -104.3903262448625, 2.7090322853944233)
(20.57824730873108, -245.9926502482185, -109.35153800899361, -105.25282562159634, 2.7128444880217337)
(20.618258476257324, -245.9926502482185, -109.35153800899361, -105.25282562159634, 2.7128444880217337)
(20.658165454864502, -245.9926502482185, -109.35153800899361, -105.25282562159634, 2.7197131277633826)
(20.69835901260376, -245.9926502482185, -109.35153800899361, -105.25282562159634, 2.7197131277633826)
(20.738906621932983, -245.9926502482185, -109.35153800899361, -105.25282562159634, 2.7197131277633826)
(20.77850842475891, -245.5782699839155, -109.15589579390375, -105.65419150687693, 2.7297992212552042)
(20.81841540336609, -245.5782699839155, -109.15589579390375, -105.65419150687693, 2.7297992212552042)
(20.85870099067688, -245.5782699839155, -109.15589579390375, -105.65419150687693, 2.745217837363592)
(20.8983314037323, -245.5782699839155, -109.15589579390375, -105.65419150687693, 2.745217837363592)
(20.938495635986328, -245.5782699839155, -109.15589579390375, -105.65419150687693, 2.745217837363592)
(20.978774309158325, -245.31707433867942, -109.18221970341497, -105.61004153844206, 2.788586621947106)
(21.01862859725952, -245.31707433867942, -109.18221970341497, -105.61004153844206, 2.788586621947106)
(21.05857753753662, -245.31707433867942, -109.18221970341497, -105.61004153844206, 2.8324794228387162)
(21.098482847213745, -245.31707433867942, -109.18221970341497, -105.61004153844206, 2.8324794228387162)
(21.13891625404358, -245.31707433867942, -109.18221970341497, -105.61004153844206, 2.8324794228387162)
(21.178648948669434, -245.0465827796617, -109.42291919412989, -104.96094769251931, 2.8317505813809802)
(21.21878480911255, -245.0465827796617, -109.42291919412989, -104.96094769251931, 2.8317505813809802)
(21.25880742073059, -245.0465827796617, -109.42291919412989, -104.96094769251931, 2.8793926608682057)
(21.29867672920227, -245.0465827796617, -109.42291919412989, -104.96094769251931, 2.8793926608682057)
(21.33871603012085, -245.0465827796617, -109.42291919412989, -104.96094769251931, 2.8793926608682057)
(21.378897666931152, -245.36060847109542, -109.42052007235061, -104.17006590382326, 2.881619752653007)
(21.419374465942383, -245.36060847109542, -109.42052007235061, -104.17006590382326, 2.881619752653007)
(21.459038019180298, -245.36060847109542, -109.42052007235061, -104.17006590382326, 2.881619752653007)
(21.499048709869385, -245.36060847109542, -109.42052007235061, -104.17006590382326, 2.902642327828733)
(21.53925323486328, -245.36060847109542, -109.42052007235061, -104.17006590382326, 2.902642327828733)
(21.57989525794983, -245.35971750720748, -109.01857707827202, -104.40070227599884, 2.9348612468639725)
(21.619078874588013, -245.35971750720748, -109.01857707827202, -104.40070227599884, 2.9348612468639725)
(21.65900468826294, -245.35971750720748, -109.01857707827202, -104.40070227599884, 2.9348612468639725)
(21.699045419692993, -245.35971750720748, -109.01857707827202, -104.40070227599884, 2.9343682596761376)
(21.73928689956665, -245.35971750720748, -109.01857707827202, -104.40070227599884, 2.9343682596761376)
(21.779482126235962, -245.3968243642895, -108.8549368314983, -105.1531596266443, 2.95739689702002)
(21.819334506988525, -245.3968243642895, -108.8549368314983, -105.1531596266443, 2.95739689702002)
(21.8592689037323, -245.3968243642895, -108.8549368314983, -105.1531596266443, 2.95739689702002)
(21.899223804473877, -245.3968243642895, -108.8549368314983, -105.1531596266443, 2.9939379856992936)
(21.939507961273193, -245.43284241064507, -108.60325155626518, -105.60685371908941, 3.01480722516078)
(21.979673147201538, -245.43284241064507, -108.60325155626518, -105.60685371908941, 3.01480722516078)
(22.01957130432129, -245.43284241064507, -108.60325155626518, -105.60685371908941, 3.01480722516078)
(22.05938220024109, -245.43284241064507, -108.60325155626518, -105.60685371908941, 2.999136490338353)
(22.099430561065674, -245.43284241064507, -108.60325155626518, -105.60685371908941, 2.999136490338353)
(22.139683485031128, -245.6112771471142, -108.12616191063357, -105.39124850083982, 2.9735136914060494)
(22.179866313934326, -245.6112771471142, -108.12616191063357, -105.39124850083982, 2.9735136914060494)
(22.219659090042114, -245.6112771471142, -108.12616191063357, -105.39124850083982, 2.9735136914060494)
(22.259575366973877, -245.6112771471142, -108.12616191063357, -105.39124850083982, 2.98017773578524)
(22.29958748817444, -245.6112771471142, -108.12616191063357, -105.39124850083982, 2.98017773578524)
(22.33986234664917, -245.6374865658508, -107.73646585503934, -104.37001501967947, 2.9722896054410235)
(22.379950046539307, -245.6374865658508, -107.73646585503934, -104.37001501967947, 2.9722896054410235)
(22.419893503189087, -245.6374865658508, -107.73646585503934, -104.37001501967947, 2.9722896054410235)
(22.45980215072632, -245.6374865658508, -107.73646585503934, -104.37001501967947, 2.9435587036443316)
(22.49970006942749, -245.6374865658508, -107.73646585503934, -104.37001501967947, 2.9435587036443316)
(22.540005445480347, -245.39639347122915, -107.42947535177731, -103.72082427083932, 2.9053612203419252)
(22.580090045928955, -245.39639347122915, -107.42947535177731, -103.72082427083932, 2.9053612203419252)
(22.61994767189026, -245.39639347122915, -107.42947535177731, -103.72082427083932, 2.9053612203419252)
(22.65987777709961, -245.39639347122915, -107.42947535177731, -103.72082427083932, 2.8549168631397794)
(22.699766874313354, -245.39639347122915, -107.42947535177731, -103.72082427083932, 2.8549168631397794)
(22.740040063858032, -245.39639347122915, -107.42947535177731, -103.72082427083932, 2.8549168631397794)
(22.78016495704651, -245.02282080788393, -107.2006366120269, -103.40793890394652, 2.830424647801495)
(22.82018780708313, -245.02282080788393, -107.2006366120269, -103.40793890394652, 2.830424647801495)
(22.86016321182251, -245.02282080788393, -107.2006366120269, -103.40793890394652, 2.8126379107256696)
(22.899973154067993, -245.02282080788393, -107.2006366120269, -103.40793890394652, 2.8126379107256696)
(22.940181732177734, -245.02282080788393, -107.2006366120269, -103.40793890394652, 2.8126379107256696)
(22.98032832145691, -244.9293668205598, -106.65202612900359, -103.20756751585722, 2.8020181395995944)
(23.020220041275024, -244.9293668205598, -106.65202612900359, -103.20756751585722, 2.8020181395995944)
(23.06032133102417, -244.9293668205598, -106.65202612900359, -103.20756751585722, 2.780973377920363)
(23.100465536117554, -244.9293668205598, -106.65202612900359, -103.20756751585722, 2.780973377920363)
(23.1403648853302, -244.9293668205598, -106.65202612900359, -103.20756751585722, 2.780973377920363)
(23.180437088012695, -244.83252448893916, -106.42752189127408, -103.31585233220456, 2.797556762059342)
(23.22043490409851, -244.83252448893916, -106.42752189127408, -103.31585233220456, 2.797556762059342)
(23.26027512550354, -244.83252448893916, -106.42752189127408, -103.31585233220456, 2.8266412179669214)
(23.30026602745056, -244.83252448893916, -106.42752189127408, -103.31585233220456, 2.8266412179669214)
(23.340638399124146, -244.83252448893916, -106.42752189127408, -103.31585233220456, 2.8266412179669214)
(23.38060212135315, -245.09874973372666, -106.18184385569252, -103.59553871026814, 2.843871091254913)
(23.420676708221436, -245.09874973372666, -106.18184385569252, -103.59553871026814, 2.843871091254913)
(23.460646629333496, -245.09874973372666, -106.18184385569252, -103.59553871026814, 2.8591731813216033)
(23.500463247299194, -245.09874973372666, -106.18184385569252, -103.59553871026814, 2.8591731813216033)
(23.54069423675537, -245.09874973372666, -106.18184385569252, -103.59553871026814, 2.8591731813216033)
(23.581188678741455, -245.62309212180602, -105.7925970436622, -103.72274818888182, 2.8659202924081857)
(23.62046980857849, -245.62309212180602, -105.7925970436622, -103.72274818888182, 2.8659202924081857)
(23.660452365875244, -245.62309212180602, -105.7925970436622, -103.72274818888182, 2.8659202924081857)
(23.700722694396973, -245.62309212180602, -105.7925970436622, -103.72274818888182, 2.8520518520860083)
(23.740809440612793, -245.62309212180602, -105.7925970436622, -103.72274818888182, 2.8520518520860083)
(23.78113341331482, -246.16911790616518, -105.33508162460203, -103.60847469903042, 2.8385785039628573)
(23.821164846420288, -246.16911790616518, -105.33508162460203, -103.60847469903042, 2.8385785039628573)
(23.86101222038269, -246.16911790616518, -105.33508162460203, -103.60847469903042, 2.8385785039628573)
(23.901029348373413, -246.16911790616518, -105.33508162460203, -103.60847469903042, 2.817924115932536)
(23.94121551513672, -245.86878158090894, -104.6872899984168, -103.73460446034527, 2.7778774085433575)
(23.98126530647278, -245.86878158090894, -104.6872899984168, -103.73460446034527, 2.7778774085433575)
(24.021324396133423, -245.86878158090894, -104.6872899984168, -103.73460446034527, 2.7778774085433575)
(24.06108069419861, -245.86878158090894, -104.6872899984168, -103.73460446034527, 2.8110969394647505)
(24.101202726364136, -245.86878158090894, -104.6872899984168, -103.73460446034527, 2.8110969394647505)
(24.141345977783203, -245.77301124267083, -104.05971346903843, -104.01550680692903, 2.77758117439296)
(24.181586980819702, -245.77301124267083, -104.05971346903843, -104.01550680692903, 2.77758117439296)
(24.221328735351562, -245.77301124267083, -104.05971346903843, -104.01550680692903, 2.77758117439296)
(24.261170625686646, -245.77301124267083, -104.05971346903843, -104.01550680692903, 2.766729836544668)
(24.30119276046753, -245.77301124267083, -104.05971346903843, -104.01550680692903, 2.766729836544668)
(24.34146285057068, -245.30642428883874, -103.74053742923968, -104.24334405273568, 2.7483319967209567)
(24.381450653076172, -245.30642428883874, -103.74053742923968, -104.24334405273568, 2.7483319967209567)
(24.42154049873352, -245.30642428883874, -103.74053742923968, -104.24334405273568, 2.7483319967209567)
(24.46131658554077, -245.30642428883874, -103.74053742923968, -104.24334405273568, 2.7586795187442164)
(24.5014808177948, -245.30642428883874, -103.74053742923968, -104.24334405273568, 2.7586795187442164)
(24.54169249534607, -244.47243444630607, -104.10109338266453, -103.96492517200568, 2.755809194976038)
(24.58170986175537, -244.47243444630607, -104.10109338266453, -103.96492517200568, 2.755809194976038)
(24.62163209915161, -244.47243444630607, -104.10109338266453, -103.96492517200568, 2.755809194976038)
(24.66146683692932, -244.47243444630607, -104.10109338266453, -103.96492517200568, 2.7868733466969005)
(24.701582670211792, -244.47243444630607, -104.10109338266453, -103.96492517200568, 2.7868733466969005)
(24.74183416366577, -244.47243444630607, -104.10109338266453, -103.96492517200568, 2.7868733466969005)
(24.78224468231201, -244.3995359567258, -103.96832273157077, -103.42424741046008, 2.759229665223346)
(24.822234869003296, -244.3995359567258, -103.96832273157077, -103.42424741046008, 2.759229665223346)
(24.862152338027954, -244.3995359567258, -103.96832273157077, -103.42424741046008, 2.8074395450028504)
(24.902766227722168, -244.3995359567258, -103.96832273157077, -103.42424741046008, 2.8074395450028504)
(24.942358016967773, -244.3995359567258, -103.96832273157077, -103.42424741046008, 2.8074395450028504)
(24.982434034347534, -244.3049370212251, -103.95707343409941, -103.2803913880365, 2.834420769076827)
(25.02232003211975, -244.3049370212251, -103.95707343409941, -103.2803913880365, 2.834420769076827)
(25.062166213989258, -244.3049370212251, -103.95707343409941, -103.2803913880365, 2.839532893807805)
(25.102403163909912, -244.3049370212251, -103.95707343409941, -103.2803913880365, 2.839532893807805)
(25.14258646965027, -244.3049370212251, -103.95707343409941, -103.2803913880365, 2.839532893807805)
(25.182510137557983, -244.61240615130373, -103.65117252032944, -103.65589249387214, 2.842639752706953)
(25.222418069839478, -244.61240615130373, -103.65117252032944, -103.65589249387214, 2.842639752706953)
(25.2622709274292, -244.61240615130373, -103.65117252032944, -103.65589249387214, 2.8428879060522654)
(25.302359104156494, -244.61240615130373, -103.65117252032944, -103.65589249387214, 2.8428879060522654)
(25.3425874710083, -244.61240615130373, -103.65117252032944, -103.65589249387214, 2.8428879060522654)
(25.382707834243774, -245.04301650088908, -104.01482355478072, -104.1965421587629, 2.8456537982123873)
(25.422626972198486, -245.04301650088908, -104.01482355478072, -104.1965421587629, 2.8456537982123873)
(25.462481021881104, -245.04301650088908, -104.01482355478072, -104.1965421587629, 2.841904449856896)
(25.502665996551514, -245.04301650088908, -104.01482355478072, -104.1965421587629, 2.841904449856896)
(25.542699098587036, -245.04301650088908, -104.01482355478072, -104.1965421587629, 2.841904449856896)
(25.583592176437378, -245.60029732064737, -104.24222912643009, -104.60136507485488, 2.8017051408086644)
(25.62288522720337, -245.60029732064737, -104.24222912643009, -104.60136507485488, 2.8017051408086644)
(25.662854194641113, -245.60029732064737, -104.24222912643009, -104.60136507485488, 2.8017051408086644)
(25.703020811080933, -245.60029732064737, -104.24222912643009, -104.60136507485488, 2.8297721913988756)
(25.74328088760376, -245.60029732064737, -104.24222912643009, -104.60136507485488, 2.8297721913988756)
(25.783353090286255, -245.7163078229068, -103.99494063192333, -104.39795603637879, 2.8003596015085)
(25.823360204696655, -245.7163078229068, -103.99494063192333, -104.39795603637879, 2.8003596015085)
(25.86327886581421, -245.7163078229068, -103.99494063192333, -104.39795603637879, 2.8003596015085)
(25.90336012840271, -245.7163078229068, -103.99494063192333, -104.39795603637879, 2.813213999208573)
(25.943561553955078, -245.7163078229068, -103.99494063192333, -104.39795603637879, 2.813213999208573)
(25.983668327331543, -245.48747761504197, -103.63456892163025, -103.90329681683122, 2.7684025813141204)
(26.023500442504883, -245.48747761504197, -103.63456892163025, -103.90329681683122, 2.711817314105721)
(26.063438415527344, -245.48747761504197, -103.63456892163025, -103.90329681683122, 2.711817314105721)
(26.103665351867676, -245.48747761504197, -103.63456892163025, -103.90329681683122, 2.711817314105721)
(26.14372968673706, -245.1559760538657, -103.35035656680127, -103.59139672751411, 2.7087024998567486)
(26.184023141860962, -245.1559760538657, -103.35035656680127, -103.59139672751411, 2.7087024998567486)
(26.223702669143677, -245.1559760538657, -103.35035656680127, -103.59139672751411, 2.7087024998567486)
(26.263648509979248, -245.1559760538657, -103.35035656680127, -103.59139672751411, 2.7377173947095024)
(26.30433416366577, -245.1559760538657, -103.35035656680127, -103.59139672751411, 2.7377173947095024)
(26.343931198120117, -244.97361273007778, -103.13216876630622, -103.50396257531288, 2.747433649567048)
(26.384003162384033, -244.97361273007778, -103.13216876630622, -103.50396257531288, 2.747433649567048)
(26.42386770248413, -244.97361273007778, -103.13216876630622, -103.50396257531288, 2.747433649567048)
(26.46370768547058, -244.97361273007778, -103.13216876630622, -103.50396257531288, 2.7295718999703933)
(26.503931999206543, -244.97361273007778, -103.13216876630622, -103.50396257531288, 2.7295718999703933)
(26.544023990631104, -245.2603450320836, -103.1550005390236, -103.85593404594306, 2.6862985031066966)
(26.585234880447388, -245.2603450320836, -103.1550005390236, -103.85593404594306, 2.6862985031066966)
(26.624310970306396, -245.2603450320836, -103.1550005390236, -103.85593404594306, 2.6862985031066966)
(26.66418766975403, -245.2603450320836, -103.1550005390236, -103.85593404594306, 2.656946146630675)
(26.70490574836731, -245.2603450320836, -103.1550005390236, -103.85593404594306, 2.656946146630675)
(26.744664192199707, -245.67045017277493, -103.01891091948909, -104.24765325002109, 2.6417291795361084)
(26.784404277801514, -245.67045017277493, -103.01891091948909, -104.24765325002109, 2.6417291795361084)
(26.824296474456787, -245.67045017277493, -103.01891091948909, -104.24765325002109, 2.6417291795361084)
(26.864341259002686, -245.67045017277493, -103.01891091948909, -104.24765325002109, 2.629948778805444)
(26.904571771621704, -245.67045017277493, -103.01891091948909, -104.24765325002109, 2.629948778805444)
(26.944936275482178, -245.5638229121728, -102.26958523648148, -104.37940707984947, 2.681442943640315)
(26.984641313552856, -245.5638229121728, -102.26958523648148, -104.37940707984947, 2.681442943640315)
(27.024629592895508, -245.5638229121728, -102.26958523648148, -104.37940707984947, 2.681442943640315)
(27.064502716064453, -245.5638229121728, -102.26958523648148, -104.37940707984947, 2.6695720488535066)
(27.10483717918396, -245.5638229121728, -102.26958523648148, -104.37940707984947, 2.6695720488535066)
(27.144838094711304, -245.5638229121728, -102.26958523648148, -104.37940707984947, 2.6695720488535066)
(27.184874057769775, -244.98418626590586, -101.2178385678545, -104.48606543589553, 2.660560661396987)
(27.224804401397705, -244.98418626590586, -101.2178385678545, -104.48606543589553, 2.660560661396987)
(27.264631271362305, -244.98418626590586, -101.2178385678545, -104.48606543589553, 2.6845081632484877)
(27.305259227752686, -244.98418626590586, -101.2178385678545, -104.48606543589553, 2.6845081632484877)
(27.34502077102661, -244.98418626590586, -101.2178385678545, -104.48606543589553, 2.6845081632484877)
(27.38498067855835, -244.9502785329432, -100.52642450909865, -104.39742152328654, 2.637941327393154)
(27.424927473068237, -244.9502785329432, -100.52642450909865, -104.39742152328654, 2.637941327393154)
(27.46489453315735, -244.9502785329432, -100.52642450909865, -104.39742152328654, 2.6731418131706146)
(27.505210638046265, -244.9502785329432, -100.52642450909865, -104.39742152328654, 2.6731418131706146)
(27.545247316360474, -244.9502785329432, -100.52642450909865, -104.39742152328654, 2.6731418131706146)
(27.58564782142639, -245.5498743981167, -99.97918593489337, -104.12493860504293, 2.6716800455608567)
(27.624958992004395, -245.5498743981167, -99.97918593489337, -104.12493860504293, 2.6716800455608567)
(27.664899826049805, -245.5498743981167, -99.97918593489337, -104.12493860504293, 2.6457225207656982)
(27.705294609069824, -245.5498743981167, -99.97918593489337, -104.12493860504293, 2.6457225207656982)
(27.745365381240845, -245.5498743981167, -99.97918593489337, -104.12493860504293, 2.6457225207656982)
(27.78519058227539, -245.76202907135942, -99.64569513370684, -104.54200477431233, 2.668757623698422)
(27.825231075286865, -245.76202907135942, -99.64569513370684, -104.54200477431233, 2.668757623698422)
(27.865073204040527, -245.76202907135942, -99.64569513370684, -104.54200477431233, 2.7942551571602383)
(27.905708074569702, -245.76202907135942, -99.64569513370684, -104.54200477431233, 2.7942551571602383)
(27.945414781570435, -245.76202907135942, -99.64569513370684, -104.54200477431233, 2.7942551571602383)
(27.98544716835022, -246.0472512459396, -99.21566019473475, -105.069293709042, 2.782235555783105)
(28.025328636169434, -246.0472512459396, -99.21566019473475, -105.069293709042, 2.782235555783105)
(28.06516456604004, -246.0472512459396, -99.21566019473475, -105.069293709042, 2.782235555783105)
(28.10531187057495, -246.0472512459396, -99.21566019473475, -105.069293709042, 2.789517215290095)
(28.1455819606781, -246.0472512459396, -99.21566019473475, -105.069293709042, 2.789517215290095)
(28.18551731109619, -246.56520458143993, -98.74438593737776, -105.62208656099918, 2.824706412958733)
(28.225444555282593, -246.56520458143993, -98.74438593737776, -105.62208656099918, 2.7975847423956317)
(28.26535153388977, -246.56520458143993, -98.74438593737776, -105.62208656099918, 2.7975847423956317)
(28.305650234222412, -246.56520458143993, -98.74438593737776, -105.62208656099918, 2.7975847423956317)
(28.345715761184692, -246.69815337507453, -98.34199981628971, -105.76957429053607, 2.7884684256032717)
(28.385629177093506, -246.69815337507453, -98.34199981628971, -105.76957429053607, 2.7884684256032717)
(28.425671100616455, -246.69815337507453, -98.34199981628971, -105.76957429053607, 2.7884684256032717)
(28.46545672416687, -246.69815337507453, -98.34199981628971, -105.76957429053607, 2.7955148553316054)
(28.50567388534546, -246.69815337507453, -98.34199981628971, -105.76957429053607, 2.7955148553316054)
(28.545841217041016, -246.26186472210952, -98.18971708282817, -105.02334839058535, 2.7841453948747983)
(28.585931301116943, -246.26186472210952, -98.18971708282817, -105.02334839058535, 2.7841453948747983)
(28.625732421875, -246.26186472210952, -98.18971708282817, -105.02334839058535, 2.7841453948747983)
(28.66528582572937, -246.26186472210952, -98.18971708282817, -105.02334839058535, 2.8184805113108844)
(28.705782651901245, -246.26186472210952, -98.18971708282817, -105.02334839058535, 2.8184805113108844)
(28.746160745620728, -246.06327475178952, -97.79632838855873, -104.28186890217793, 2.8204099165180985)
(28.785911560058594, -246.06327475178952, -97.79632838855873, -104.28186890217793, 2.8204099165180985)
(28.825751781463623, -246.06327475178952, -97.79632838855873, -104.28186890217793, 2.8204099165180985)
(28.86595916748047, -246.06327475178952, -97.79632838855873, -104.28186890217793, 2.839909875920773)
(28.906126737594604, -246.06327475178952, -97.79632838855873, -104.28186890217793, 2.839909875920773)
(28.946142196655273, -245.7820706007644, -97.12362203111523, -104.27000181306913, 2.8351965866217537)
(28.986053943634033, -245.7820706007644, -97.12362203111523, -104.27000181306913, 2.8351965866217537)
(29.025903940200806, -245.7820706007644, -97.12362203111523, -104.27000181306913, 2.8351965866217537)
(29.065948724746704, -245.7820706007644, -97.12362203111523, -104.27000181306913, 2.835128422385935)
(29.10641646385193, -245.7820706007644, -97.12362203111523, -104.27000181306913, 2.835128422385935)
(29.146408557891846, -245.5648832082791, -96.67294541120036, -104.84794217757445, 2.824093579042767)
(29.186166524887085, -245.5648832082791, -96.67294541120036, -104.84794217757445, 2.824093579042767)
(29.226206302642822, -245.5648832082791, -96.67294541120036, -104.84794217757445, 2.824093579042767)
(29.266148328781128, -245.5648832082791, -96.67294541120036, -104.84794217757445, 2.854971594021606)
(29.306562900543213, -245.5648832082791, -96.67294541120036, -104.84794217757445, 2.854971594021606)
(29.34647488594055, -245.5648832082791, -96.67294541120036, -104.84794217757445, 2.854971594021606)
(29.3863525390625, -245.60907903514214, -96.454738647065, -105.71879814479627, 2.868397698013961)
(29.426300048828125, -245.60907903514214, -96.454738647065, -105.71879814479627, 2.868397698013961)
(29.466309070587158, -245.60907903514214, -96.454738647065, -105.71879814479627, 2.8409833874910735)
(29.506809949874878, -245.60907903514214, -96.454738647065, -105.71879814479627, 2.8409833874910735)
(29.546656370162964, -245.60907903514214, -96.454738647065, -105.71879814479627, 2.8409833874910735)
(29.587078332901, -245.65443371034502, -95.83311379513192, -106.02691243639562, 2.7971006306098314)
(29.626394987106323, -245.65443371034502, -95.83311379513192, -106.02691243639562, 2.7971006306098314)
(29.66658902168274, -245.65443371034502, -95.83311379513192, -106.02691243639562, 2.7809238380320487)
(29.706951379776, -245.65443371034502, -95.83311379513192, -106.02691243639562, 2.7809238380320487)
(29.746949672698975, -245.65443371034502, -95.83311379513192, -106.02691243639562, 2.7809238380320487)
(29.786739349365234, -245.44871494463135, -95.15047268183996, -105.95378851147355, 2.7592337358689623)
(29.82675290107727, -245.44871494463135, -95.15047268183996, -105.95378851147355, 2.7592337358689623)
(29.86671495437622, -245.44871494463135, -95.15047268183996, -105.95378851147355, 2.7235638157388173)
(29.907318115234375, -245.44871494463135, -95.15047268183996, -105.95378851147355, 2.7235638157388173)
(29.94702172279358, -245.44871494463135, -95.15047268183996, -105.95378851147355, 2.7235638157388173)
(29.987303018569946, -245.1633620171624, -94.10344736409724, -105.49114836430337, 2.6995448976995196)
(30.02821683883667, -245.1633620171624, -94.10344736409724, -105.49114836430337, 2.6995448976995196)
(30.067158937454224, -245.1633620171624, -94.10344736409724, -105.49114836430337, 2.724730601903831)
(30.107418060302734, -245.1633620171624, -94.10344736409724, -105.49114836430337, 2.724730601903831)
(30.147456407546997, -245.1633620171624, -94.10344736409724, -105.49114836430337, 2.724730601903831)
(30.18738842010498, -244.96064213715147, -93.98509196291823, -104.71300914346672, 2.7215315585076603)
(30.227526903152466, -244.96064213715147, -93.98509196291823, -104.71300914346672, 2.7215315585076603)
(30.267571926116943, -244.96064213715147, -93.98509196291823, -104.71300914346672, 2.718502585860218)
(30.307701349258423, -244.96064213715147, -93.98509196291823, -104.71300914346672, 2.718502585860218)
(30.347750902175903, -244.96064213715147, -93.98509196291823, -104.71300914346672, 2.718502585860218)
(30.3875732421875, -244.44185563990595, -93.23280576108507, -104.57654140735558, 2.6926797816485433)
(30.427448272705078, -244.44185563990595, -93.23280576108507, -104.57654140735558, 2.6926797816485433)
(30.467504262924194, -244.44185563990595, -93.23280576108507, -104.57654140735558, 2.6926797816485433)
(30.507722854614258, -244.44185563990595, -93.23280576108507, -104.57654140735558, 2.669390546874002)
(30.547789573669434, -244.3361902310965, -92.48197187487241, -104.454946908704, 2.6319186373386447)
(30.587745428085327, -244.3361902310965, -92.48197187487241, -104.454946908704, 2.6319186373386447)
(30.627580881118774, -244.3361902310965, -92.48197187487241, -104.454946908704, 2.5890417733200497)
(30.667654275894165, -244.3361902310965, -92.48197187487241, -104.454946908704, 2.5890417733200497)
(30.707902669906616, -244.3361902310965, -92.48197187487241, -104.454946908704, 2.5890417733200497)
(30.74803900718689, -243.95094464477785, -91.85597585827544, -104.71123058224474, 2.6033329571185053)
(30.788034200668335, -243.95094464477785, -91.85597585827544, -104.71123058224474, 2.6033329571185053)
(30.827780723571777, -243.95094464477785, -91.85597585827544, -104.71123058224474, 2.6033329571185053)
(31.368719816207886, -242.94233857559692, -90.27381773507882, -104.36741469125009, 2.668123929295259)
(31.8867244720459, -242.29137321233634, -88.87514169780482, -103.90311339479481, 2.699245444610165)
(31.926286935806274, -242.29137321233634, -88.87514169780482, -103.90311339479481, 2.699245444610165)
(31.96618390083313, -242.49924634861864, -87.32126320586984, -103.91642093645196, 2.7286931155957603)
(32.00670409202576, -242.49924634861864, -87.32126320586984, -103.91642093645196, 2.7286931155957603)
(32.04677939414978, -242.49924634861864, -87.32126320586984, -103.91642093645196, 2.7286931155957603)
(32.091238021850586, -242.49924634861864, -87.32126320586984, -103.91642093645196, 4.25051046460869)
(32.12733435630798, -242.49924634861864, -87.32126320586984, -103.91642093645196, 4.25051046460869)
(32.167898178100586, -242.83849329724498, -85.32584515140238, -103.87759312173918, 7.72935231249731)
(32.20739531517029, -242.83849329724498, -85.32584515140238, -103.87759312173918, 7.72935231249731)
(32.24918174743652, -242.83849329724498, -85.32584515140238, -103.87759312173918, 7.72935231249731)
(32.28886079788208, -242.83849329724498, -85.32584515140238, -103.87759312173918, 11.377532315593568)
(32.32771563529968, -242.83849329724498, -85.32584515140238, -103.87759312173918, 11.377532315593568)
(32.36753821372986, -242.83849329724498, -85.32584515140238, -103.87759312173918, 11.377532315593568)
(32.4075026512146, -243.27375492736778, -83.41660928498703, -103.79418053185887, 7.7455518398788765)
(32.44793248176575, -243.27375492736778, -83.41660928498703, -103.79418053185887, 7.7455518398788765)
(32.48761057853699, -243.27375492736778, -83.41660928498703, -103.79418053185887, 9.841340565942414)
(32.52738809585571, -243.68898487934686, -80.00845463587873, -103.73626535575865, 12.38751435309367)
(32.56758379936218, -243.68898487934686, -80.00845463587873, -103.73626535575865, 12.38751435309367)
(32.60791730880737, -243.68898487934686, -80.00845463587873, -103.73626535575865, 12.38751435309367)
(32.64752125740051, -243.68898487934686, -80.00845463587873, -103.73626535575865, 15.414830508743066)
(32.68846368789673, -243.68898487934686, -80.00845463587873, -103.73626535575865, 15.414830508743066)
(32.72762131690979, -242.40592380322047, -75.76174048768252, -103.77938051692706, 17.219590252888505)
(32.76761293411255, -242.40592380322047, -75.76174048768252, -103.77938051692706, 17.219590252888505)
(32.808926582336426, -242.40592380322047, -75.76174048768252, -103.77938051692706, 17.219590252888505)
(32.848177433013916, -242.40592380322047, -75.76174048768252, -103.77938051692706, 17.20401566178913)
(32.88805317878723, -242.40592380322047, -75.76174048768252, -103.77938051692706, 17.20401566178913)
(32.92832136154175, -242.40592380322047, -75.76174048768252, -103.77938051692706, 17.20401566178913)
(32.968404054641724, -240.74582160984983, -69.8626778616171, -103.47455946584458, 16.71406280511589)
(33.008063077926636, -240.74582160984983, -69.8626778616171, -103.47455946584458, 16.71406280511589)
(33.04853129386902, -240.74582160984983, -69.8626778616171, -103.47455946584458, 15.60833783335049)
(33.088024377822876, -240.74582160984983, -69.8626778616171, -103.47455946584458, 15.60833783335049)
(33.12790250778198, -240.74582160984983, -69.8626778616171, -103.47455946584458, 15.60833783335049)
(33.16812562942505, -238.04555766832857, -63.83329508648481, -102.9862042571071, 14.545551690066393)
(33.20802664756775, -238.04555766832857, -63.83329508648481, -102.9862042571071, 14.545551690066393)
(33.24843978881836, -238.04555766832857, -63.83329508648481, -102.9862042571071, 13.846452721672744)
(33.288264751434326, -238.04555766832857, -63.83329508648481, -102.9862042571071, 13.846452721672744)
(33.327937602996826, -238.04555766832857, -63.83329508648481, -102.9862042571071, 13.846452721672744)
(33.367865562438965, -236.29307898555916, -56.72789380413316, -102.68977141394045, 13.578137589605792)
(33.40836024284363, -236.29307898555916, -56.72789380413316, -102.68977141394045, 13.578137589605792)
(33.448307037353516, -236.29307898555916, -56.72789380413316, -102.68977141394045, 13.288713987371892)
(33.488362550735474, -236.29307898555916, -56.72789380413316, -102.68977141394045, 13.288713987371892)
(33.52832317352295, -236.29307898555916, -56.72789380413316, -102.68977141394045, 13.288713987371892)
(33.56800699234009, -234.75372593077427, -50.13993182862188, -103.0448239989661, 13.066743870860677)
(33.60875606536865, -234.75372593077427, -50.13993182862188, -103.0448239989661, 13.066743870860677)
(33.6488151550293, -234.75372593077427, -50.13993182862188, -103.0448239989661, 12.865554480810879)
(33.688109159469604, -234.75372593077427, -50.13993182862188, -103.0448239989661, 12.865554480810879)
(33.72827100753784, -234.75372593077427, -50.13993182862188, -103.0448239989661, 12.865554480810879)
(33.76833724975586, -233.93558915746104, -43.5779534331121, -103.25282187732851, 12.592543226649347)
(33.808433532714844, -233.93558915746104, -43.5779534331121, -103.25282187732851, 12.592543226649347)
(33.848742961883545, -233.93558915746104, -43.5779534331121, -103.25282187732851, 12.592543226649347)
(33.8886194229126, -233.93558915746104, -43.5779534331121, -103.25282187732851, 12.38757562486975)
(33.928322553634644, -233.93558915746104, -43.5779534331121, -103.25282187732851, 12.38757562486975)
(33.968358278274536, -234.21457758557708, -36.60875734461117, -102.94838866830915, 12.464786319698067)
(34.00897979736328, -234.21457758557708, -36.60875734461117, -102.94838866830915, 12.464786319698067)
(34.0487277507782, -234.21457758557708, -36.60875734461117, -102.94838866830915, 12.464786319698067)
(34.08874011039734, -234.21457758557708, -36.60875734461117, -102.94838866830915, 12.347503425488163)
(34.12869310379028, -234.21457758557708, -36.60875734461117, -102.94838866830915, 12.347503425488163)
(34.16851329803467, -235.71918611337, -29.93760251371858, -102.6727698372405, 12.255024186249429)
(34.20902967453003, -235.71918611337, -29.93760251371858, -102.6727698372405, 12.255024186249429)
(34.24908494949341, -235.71918611337, -29.93760251371858, -102.6727698372405, 12.255024186249429)
(34.28875494003296, -235.71918611337, -29.93760251371858, -102.6727698372405, 12.20782195642073)
(34.32886981964111, -235.71918611337, -29.93760251371858, -102.6727698372405, 12.20782195642073)
(34.36879229545593, -236.77918365729343, -24.125618045873193, -102.77307378040557, 12.174318671679409)
(34.40890836715698, -236.77918365729343, -24.125618045873193, -102.77307378040557, 12.174318671679409)
(34.44891834259033, -236.77918365729343, -24.125618045873193, -102.77307378040557, 12.174318671679409)
(34.4890239238739, -236.77918365729343, -24.125618045873193, -102.77307378040557, 12.220197383271437)
(34.5287983417511, -236.77918365729343, -24.125618045873193, -102.77307378040557, 12.220197383271437)
(34.568774461746216, -238.15109341001147, -18.20817203909402, -103.23044920326234, 12.148055348564748)
(34.60929226875305, -238.15109341001147, -18.20817203909402, -103.23044920326234, 12.148055348564748)
(34.64916133880615, -238.15109341001147, -18.20817203909402, -103.23044920326234, 12.148055348564748)
(34.68918561935425, -238.15109341001147, -18.20817203909402, -103.23044920326234, 11.901077074830145)
(34.72919940948486, -238.15109341001147, -18.20817203909402, -103.23044920326234, 11.901077074830145)
(34.76888036727905, -238.15109341001147, -18.20817203909402, -103.23044920326234, 11.901077074830145)
(34.80938267707825, -239.0996063673979, -12.195582041118527, -103.14266757672173, 11.207125725386945)
(34.849488258361816, -239.0996063673979, -12.195582041118527, -103.14266757672173, 10.455316018557614)
(34.88929843902588, -239.0996063673979, -12.195582041118527, -103.14266757672173, 10.455316018557614)
(34.92969608306885, -239.71831404889087, -6.628653992669594, -102.94465061905508, 9.85638582483374)
(34.969460010528564, -239.71831404889087, -6.628653992669594, -102.94465061905508, 9.85638582483374)
(35.00933289527893, -239.71831404889087, -6.628653992669594, -102.94465061905508, 9.85638582483374)
(35.049453258514404, -239.71831404889087, -6.628653992669594, -102.94465061905508, 10.138971004318645)
(35.08968114852905, -239.71831404889087, -6.628653992669594, -102.94465061905508, 10.138971004318645)
(35.12925934791565, -239.71831404889087, -6.628653992669594, -102.94465061905508, 10.138971004318645)
(35.16951036453247, -238.4265694951972, -1.7636614885939714, -102.99984429399984, 9.949843887406319)
(35.2097806930542, -238.4265694951972, -1.7636614885939714, -102.99984429399984, 9.949843887406319)
(35.249886989593506, -238.4265694951972, -1.7636614885939714, -102.99984429399984, 9.523644477601675)
(35.2898154258728, -238.4265694951972, -1.7636614885939714, -102.99984429399984, 9.523644477601675)
(35.329872846603394, -238.4265694951972, -1.7636614885939714, -102.99984429399984, 9.523644477601675)
(35.36974596977234, -237.770979498271, 3.148325590582882, -103.82315379511289, 9.592491744712932)
(35.41008996963501, -237.770979498271, 3.148325590582882, -103.82315379511289, 9.592491744712932)
(35.45026659965515, -237.770979498271, 3.148325590582882, -103.82315379511289, 10.035859270390795)
(35.489978551864624, -237.770979498271, 3.148325590582882, -103.82315379511289, 10.035859270390795)
(35.53001022338867, -237.770979498271, 3.148325590582882, -103.82315379511289, 10.035859270390795)
(35.570192098617554, -237.90289857096008, 8.177302809623473, -104.33784797212424, 10.41304528196251)
(35.610190629959106, -237.90289857096008, 8.177302809623473, -104.33784797212424, 10.41304528196251)
(35.65052938461304, -237.90289857096008, 8.177302809623473, -104.33784797212424, 10.42577975029548)
(35.69006943702698, -237.90289857096008, 8.177302809623473, -104.33784797212424, 10.42577975029548)
(35.729997396469116, -237.90289857096008, 8.177302809623473, -104.33784797212424, 10.42577975029548)
(35.77071404457092, -237.59213941681335, 12.896807370529723, -105.40895187493976, 10.14905233074307)
(35.810569047927856, -237.59213941681335, 12.896807370529723, -105.40895187493976, 10.14905233074307)
(35.850764751434326, -237.59213941681335, 12.896807370529723, -105.40895187493976, 9.673000022993884)
(35.890615940093994, -237.59213941681335, 12.896807370529723, -105.40895187493976, 9.673000022993884)
(35.93065595626831, -237.59213941681335, 12.896807370529723, -105.40895187493976, 9.673000022993884)
(35.97051239013672, -237.6746621895689, 17.978287872694047, -106.48625607890968, 8.782738982262874)
(36.0111289024353, -237.6746621895689, 17.978287872694047, -106.48625607890968, 8.782738982262874)
(36.050859451293945, -237.6746621895689, 17.978287872694047, -106.48625607890968, 8.782738982262874)
(36.0906937122345, -237.6746621895689, 17.978287872694047, -106.48625607890968, 7.2767703595920885)
(36.13075065612793, -237.6746621895689, 17.978287872694047, -106.48625607890968, 7.2767703595920885)
(36.170933961868286, -239.44911830685544, 23.438862474710746, -107.19354244829375, 5.567998003369508)
(36.21118450164795, -239.44911830685544, 23.438862474710746, -107.19354244829375, 5.567998003369508)
(36.250858783721924, -239.44911830685544, 23.438862474710746, -107.19354244829375, 5.567998003369508)
(36.29103660583496, -239.44911830685544, 23.438862474710746, -107.19354244829375, 7.434612675995728)
(36.33092427253723, -239.44911830685544, 23.438862474710746, -107.19354244829375, 7.434612675995728)
(36.3713321685791, -240.49067947747528, 28.232874852438414, -107.56187317329982, 5.826186010652455)
(36.411314487457275, -240.49067947747528, 28.232874852438414, -107.56187317329982, 5.826186010652455)
(36.45133972167969, -240.49067947747528, 28.232874852438414, -107.56187317329982, 5.826186010652455)
(36.49130916595459, -240.49067947747528, 28.232874852438414, -107.56187317329982, 4.634429909643887)
(36.53118872642517, -240.49067947747528, 28.232874852438414, -107.56187317329982, 4.634429909643887)
(36.57114219665527, -241.68883357811424, 33.11489082425747, -107.58746862053907, 3.959449500650596)
(36.61145067214966, -241.68883357811424, 33.11489082425747, -107.58746862053907, 3.959449500650596)
(36.65118432044983, -241.68883357811424, 33.11489082425747, -107.58746862053907, 3.959449500650596)
(36.69100618362427, -241.68883357811424, 33.11489082425747, -107.58746862053907, 4.651922304314747)
(36.73121500015259, -241.68883357811424, 33.11489082425747, -107.58746862053907, 4.651922304314747)
(36.771862745285034, -243.34201798375787, 37.4520830605377, -107.01085859619528, 7.164776741745514)
(36.811437368392944, -243.34201798375787, 37.4520830605377, -107.01085859619528, 7.164776741745514)
(36.8515419960022, -243.34201798375787, 37.4520830605377, -107.01085859619528, 7.164776741745514)
(36.89156150817871, -243.34201798375787, 37.4520830605377, -107.01085859619528, 2.8425119633552995)
(36.93131351470947, -245.24730016597408, 40.72507182674353, -106.35507393157526, 7.609347317506586)
(36.971362352371216, -245.24730016597408, 40.72507182674353, -106.35507393157526, 7.609347317506586)
(37.01194643974304, -245.24730016597408, 40.72507182674353, -106.35507393157526, 7.609347317506586)
(37.05169129371643, -245.24730016597408, 40.72507182674353, -106.35507393157526, 12.427066595595607)
(37.09166598320007, -245.24730016597408, 40.72507182674353, -106.35507393157526, 12.427066595595607)
(37.13164710998535, -246.7473184585687, 43.789909854424685, -105.95586762346292, 17.212712170912937)
(37.17176342010498, -246.7473184585687, 43.789909854424685, -105.95586762346292, 17.212712170912937)
(37.21188926696777, -246.7473184585687, 43.789909854424685, -105.95586762346292, 17.212712170912937)
(37.2521276473999, -246.7473184585687, 43.789909854424685, -105.95586762346292, 18.237398127541276)
(37.2917263507843, -246.7473184585687, 43.789909854424685, -105.95586762346292, 18.237398127541276)
(37.331785917282104, -246.7473184585687, 43.789909854424685, -105.95586762346292, 18.237398127541276)
(37.37212419509888, -247.7491714680853, 47.59238740424246, -105.27245641158973, 19.603964408667313)
(37.411964416503906, -247.7491714680853, 47.59238740424246, -105.27245641158973, 19.603964408667313)
(37.45200276374817, -247.7491714680853, 47.59238740424246, -105.27245641158973, 18.712648055064623)
(37.492067098617554, -247.7491714680853, 47.59238740424246, -105.27245641158973, 18.712648055064623)
(37.531861782073975, -247.7491714680853, 47.59238740424246, -105.27245641158973, 18.712648055064623)
(37.57227611541748, -247.27333070868102, 52.47296730570294, -104.15950325203534, 17.404607259123523)
(37.61217498779297, -247.27333070868102, 52.47296730570294, -104.15950325203534, 17.404607259123523)
(37.65237379074097, -247.27333070868102, 52.47296730570294, -104.15950325203534, 16.107586264909873)
(37.692211866378784, -247.27333070868102, 52.47296730570294, -104.15950325203534, 16.107586264909873)
(37.732257604599, -247.27333070868102, 52.47296730570294, -104.15950325203534, 16.107586264909873)
(37.77223539352417, -245.28168923998894, 57.65512588215135, -103.44924865150932, 15.35007512187787)
(37.812347650527954, -245.28168923998894, 57.65512588215135, -103.44924865150932, 15.35007512187787)
(37.85245609283447, -245.28168923998894, 57.65512588215135, -103.44924865150932, 15.334944800082004)
(37.89224863052368, -245.28168923998894, 57.65512588215135, -103.44924865150932, 15.334944800082004)
(37.93224000930786, -245.28168923998894, 57.65512588215135, -103.44924865150932, 15.334944800082004)
(37.972777366638184, -243.57679574450515, 62.88310758730041, -103.46205544955302, 14.254757782572602)
(38.012805461883545, -243.57679574450515, 62.88310758730041, -103.46205544955302, 14.254757782572602)
(38.05265545845032, -243.57679574450515, 62.88310758730041, -103.46205544955302, 14.229381870413473)
(38.09246826171875, -243.57679574450515, 62.88310758730041, -103.46205544955302, 14.229381870413473)
(38.13252544403076, -243.57679574450515, 62.88310758730041, -103.46205544955302, 14.229381870413473)
(38.17280292510986, -243.34647485026454, 62.32023338291265, -104.14903946112031, 15.074957796754774)
