====================== HEADER ======================
Odometry data will folow format (time, x, y, z, yaw)
Landing site: (-1, x, y, z, yaw)
X = left and right
Y = foraward backward
Z = height
======================== FAIL =======================
('min', -222.62190500195908, 103.75159577552702, 125.64913415562594)
('max', -166.1678955159841, 122.89453557477884, 126.71417497204737)
('dlp', -201.51685621432702, 113.46369475399806, 110.16804021697311, 18.16098218960783)
25.432205200195312
(0, -200.27554903836858, -82.48130373838342, 126.7757760581437, 0.0)
(0.03934597969055176, -200.4123008392258, -82.362381489674, 126.63250265864113, -0.06808834865971747)
(0.07928013801574707, -200.4123008392258, -82.362381489674, 126.63250265864113, -0.06808834865971747)
(0.11985468864440918, -200.4123008392258, -82.362381489674, 126.63250265864113, -0.06808834865971747)
(0.15983796119689941, -200.4123008392258, -82.362381489674, 126.63250265864113, -0.07835558396626396)
(0.1995999813079834, -200.4123008392258, -82.362381489674, 126.63250265864113, -0.07835558396626396)
(0.23944640159606934, -200.54700808130818, -82.39977027986448, 126.5829885857188, -0.06094425571103379)
(0.27956128120422363, -200.54700808130818, -82.39977027986448, 126.5829885857188, -0.06094425571103379)
(0.3195061683654785, -200.54700808130818, -82.39977027986448, 126.5829885857188, -0.06094425571103379)
(0.35964393615722656, -200.54700808130818, -82.39977027986448, 126.5829885857188, -0.05321235493182108)
(0.39987874031066895, -200.54700808130818, -82.39977027986448, 126.5829885857188, -0.05321235493182108)
(0.43988895416259766, -200.71491914106122, -82.55100714769807, 125.69400371244174, -0.055068867566332)
(0.47974276542663574, -200.71491914106122, -82.55100714769807, 125.69400371244174, -0.055068867566332)
(0.519930362701416, -200.71491914106122, -82.55100714769807, 125.69400371244174, -0.055068867566332)
(0.5602898597717285, -200.71491914106122, -82.55100714769807, 125.69400371244174, -0.07565522286787996)
(0.6001546382904053, -200.71491914106122, -82.55100714769807, 125.69400371244174, -0.07565522286787996)
(0.6399960517883301, -200.71491914106122, -82.55100714769807, 125.69400371244174, -0.07565522286787996)
(0.6798110008239746, -200.8260014425403, -82.84840612982815, 123.7258999599806, -0.08046927047330676)
(0.7199447154998779, -200.8260014425403, -82.84840612982815, 123.7258999599806, -0.08046927047330676)
(0.7602260112762451, -200.8260014425403, -82.84840612982815, 123.7258999599806, -0.0998226135079392)
(0.8001730442047119, -200.8260014425403, -82.84840612982815, 123.7258999599806, -0.0998226135079392)
(0.8401412963867188, -200.8260014425403, -82.84840612982815, 123.7258999599806, -0.0998226135079392)
(0.8799371719360352, -200.8318505844321, -82.62749060597878, 121.13439708327566, -0.12039900395192227)
(0.9201700687408447, -200.8318505844321, -82.62749060597878, 121.13439708327566, -0.09636840920188838)
(0.9602479934692383, -200.8318505844321, -82.62749060597878, 121.13439708327566, -0.09636840920188838)
(1.0002505779266357, -200.7441756292223, -82.75236612492671, 118.5232345132283, -0.11918671254747437)
(1.040271520614624, -200.7441756292223, -82.75236612492671, 118.5232345132283, -0.11918671254747437)
(1.0801494121551514, -200.7441756292223, -82.75236612492671, 118.5232345132283, -0.11918671254747437)
(1.1203417778015137, -200.7441756292223, -82.75236612492671, 118.5232345132283, -0.1086320648428103)
(1.1606512069702148, -200.7441756292223, -82.75236612492671, 118.5232345132283, -0.1086320648428103)
(1.2004294395446777, -200.7441756292223, -82.75236612492671, 118.5232345132283, -0.1086320648428103)
(1.2403733730316162, -200.82276834365106, -82.79667785580224, 116.29862858497071, -0.0982493940277962)
(1.280228614807129, -200.82276834365106, -82.79667785580224, 116.29862858497071, -0.0982493940277962)
(1.3204307556152344, -200.82276834365106, -82.79667785580224, 116.29862858497071, -0.0781684316104414)
(1.3606581687927246, -200.82276834365106, -82.79667785580224, 116.29862858497071, -0.0781684316104414)
(1.4006564617156982, -200.82276834365106, -82.79667785580224, 116.29862858497071, -0.0781684316104414)
(1.4404890537261963, -200.8451542522409, -82.63414044706732, 114.41058268220576, -0.05529224987519754)
(1.4804227352142334, -200.8451542522409, -82.63414044706732, 114.41058268220576, -0.05529224987519754)
(1.5208213329315186, -200.8451542522409, -82.63414044706732, 114.41058268220576, -0.006465570740800786)
(1.5605504512786865, -200.8451542522409, -82.63414044706732, 114.41058268220576, -0.006465570740800786)
(1.60078763961792, -200.8451542522409, -82.63414044706732, 114.41058268220576, -0.006465570740800786)
(1.6405441761016846, -200.7284219294663, -82.55659601728827, 113.43610974935933, 0.03338904506823148)
(1.6806225776672363, -200.7284219294663, -82.55659601728827, 113.43610974935933, 0.03338904506823148)
(1.7208137512207031, -200.7284219294663, -82.55659601728827, 113.43610974935933, 0.0388710294900001)
(1.7608444690704346, -200.7284219294663, -82.55659601728827, 113.43610974935933, 0.0388710294900001)
(1.800813913345337, -200.7284219294663, -82.55659601728827, 113.43610974935933, 0.0388710294900001)
(1.8406805992126465, -200.52923210768947, -82.71329437790719, 113.35985428346567, 0.010144401659319513)
(1.8806722164154053, -200.52923210768947, -82.71329437790719, 113.35985428346567, 0.010144401659319513)
(1.920961618423462, -200.52923210768947, -82.71329437790719, 113.35985428346567, 0.009557561006117155)
(1.9610722064971924, -200.52923210768947, -82.71329437790719, 113.35985428346567, 0.009557561006117155)
(2.0009231567382812, -200.52923210768947, -82.71329437790719, 113.35985428346567, 0.009557561006117155)
(2.040928602218628, -200.40146039356296, -82.74007517609186, 113.865677506886, -0.0009970730996489152)
(2.080814838409424, -200.40146039356296, -82.74007517609186, 113.865677506886, -0.0009970730996489152)
(2.121100664138794, -200.40146039356296, -82.74007517609186, 113.865677506886, -0.0009970730996489152)
(2.161190986633301, -200.40146039356296, -82.74007517609186, 113.865677506886, -0.004782833820589971)
(2.201071262359619, -200.40146039356296, -82.74007517609186, 113.865677506886, -0.004782833820589971)
(2.2411048412323, -200.26019751313268, -82.86342977466992, 114.58729233777623, 0.0007441846296547538)
(2.2809832096099854, -200.26019751313268, -82.86342977466992, 114.58729233777623, 0.0007441846296547538)
(2.321263313293457, -200.26019751313268, -82.86342977466992, 114.58729233777623, 0.0007441846296547538)
(2.361334800720215, -200.26019751313268, -82.86342977466992, 114.58729233777623, -0.01676049932457424)
(2.4012606143951416, -200.26019751313268, -82.86342977466992, 114.58729233777623, -0.01676049932457424)
(2.441206455230713, -200.53615351827412, -82.7145073751293, 115.2287694300845, -0.01856258255203258)
(2.481109142303467, -200.53615351827412, -82.7145073751293, 115.2287694300845, -0.01856258255203258)
(2.5215888023376465, -200.53615351827412, -82.7145073751293, 115.2287694300845, -0.01856258255203258)
(2.561720132827759, -200.53615351827412, -82.7145073751293, 115.2287694300845, 0.009489267398718582)
(2.601306915283203, -200.53615351827412, -82.7145073751293, 115.2287694300845, 0.009489267398718582)
(2.641321897506714, -200.82588117524023, -82.2238179396657, 115.2843667884327, 0.04672731523253226)
(2.6812777519226074, -200.82588117524023, -82.2238179396657, 115.2843667884327, 0.04672731523253226)
(2.7213799953460693, -200.82588117524023, -82.2238179396657, 115.2843667884327, 0.04672731523253226)
(2.762230396270752, -200.82588117524023, -82.2238179396657, 115.2843667884327, 0.07454010503393782)
(2.802170515060425, -200.82588117524023, -82.2238179396657, 115.2843667884327, 0.07454010503393782)
(2.8420143127441406, -201.1027343804895, -81.57288671735513, 114.77745045574768, 0.11070651149851507)
(2.881807804107666, -201.1027343804895, -81.57288671735513, 114.77745045574768, 0.11070651149851507)
(2.9221298694610596, -201.1027343804895, -81.57288671735513, 114.77745045574768, 0.11070651149851507)
(2.96222186088562, -201.1027343804895, -81.57288671735513, 114.77745045574768, 0.1080873139398637)
(3.0021488666534424, -201.1027343804895, -81.57288671735513, 114.77745045574768, 0.1080873139398637)
(3.041952133178711, -201.1027343804895, -81.57288671735513, 114.77745045574768, 0.1080873139398637)
(3.0820069313049316, -201.0890119081725, -81.41299266877735, 114.10155767075267, 0.11149845591790175)
(3.1223080158233643, -201.0890119081725, -81.41299266877735, 114.10155767075267, 0.11149845591790175)
(3.1625092029571533, -201.0890119081725, -81.41299266877735, 114.10155767075267, 0.060144251743230015)
(3.20241117477417, -201.0890119081725, -81.41299266877735, 114.10155767075267, 0.060144251743230015)
(3.242159366607666, -201.0890119081725, -81.41299266877735, 114.10155767075267, 0.060144251743230015)
(3.2820937633514404, -200.998210303968, -81.18811143849992, 113.24431130087368, 0.019951847629220865)
(3.322558641433716, -200.998210303968, -81.18811143849992, 113.24431130087368, 0.012162566739126746)
(3.362623929977417, -200.998210303968, -81.18811143849992, 113.24431130087368, 0.012162566739126746)
(3.402721405029297, -200.3743881538361, -81.49100245559185, 112.2235136811375, -0.0342742781090859)
(3.442443609237671, -200.3743881538361, -81.49100245559185, 112.2235136811375, -0.0342742781090859)
(3.4824838638305664, -200.3743881538361, -81.49100245559185, 112.2235136811375, -0.0342742781090859)
(3.522636651992798, -200.3743881538361, -81.49100245559185, 112.2235136811375, -0.06698069872224899)
(3.5623912811279297, -200.3743881538361, -81.49100245559185, 112.2235136811375, -0.06698069872224899)
(3.6025075912475586, -200.3743881538361, -81.49100245559185, 112.2235136811375, -0.06698069872224899)
(3.6423981189727783, -199.7241284916255, -81.74411894720257, 111.43870711918096, -0.11369814161843017)
(3.682340145111084, -199.7241284916255, -81.74411894720257, 111.43870711918096, -0.11369814161843017)
(3.722590923309326, -199.7241284916255, -81.74411894720257, 111.43870711918096, -0.12170659165314746)
(3.762727975845337, -199.7241284916255, -81.74411894720257, 111.43870711918096, -0.12170659165314746)
(3.802541971206665, -199.7241284916255, -81.74411894720257, 111.43870711918096, -0.12170659165314746)
(3.84243106842041, -199.43920347081408, -82.31661790591748, 110.87743213521637, -0.1396920992191788)
(3.882402181625366, -199.43920347081408, -82.31661790591748, 110.87743213521637, -0.1396920992191788)
(3.9226999282836914, -199.43920347081408, -82.31661790591748, 110.87743213521637, -0.11548256203785812)
(3.9628396034240723, -199.43920347081408, -82.31661790591748, 110.87743213521637, -0.11548256203785812)
(4.002556085586548, -199.43920347081408, -82.31661790591748, 110.87743213521637, -0.11548256203785812)
(4.0425193309783936, -199.85675895825966, -82.91207380835456, 110.55933237776013, -0.1652371165858142)
(4.082675218582153, -199.85675895825966, -82.91207380835456, 110.55933237776013, -0.1652371165858142)
(4.122804880142212, -199.85675895825966, -82.91207380835456, 110.55933237776013, -0.18170314989690262)
(4.163066148757935, -199.85675895825966, -82.91207380835456, 110.55933237776013, -0.18170314989690262)
(4.202831268310547, -199.85675895825966, -82.91207380835456, 110.55933237776013, -0.18170314989690262)
(4.242631435394287, -200.15480376604538, -83.80726785397907, 110.39034973950292, -0.21309736078641173)
(4.282825946807861, -200.15480376604538, -83.80726785397907, 110.39034973950292, -0.21309736078641173)
(4.32304835319519, -200.15480376604538, -83.80726785397907, 110.39034973950292, -0.22069585598584496)
(4.36301064491272, -200.15480376604538, -83.80726785397907, 110.39034973950292, -0.22069585598584496)
(4.402936935424805, -200.15480376604538, -83.80726785397907, 110.39034973950292, -0.22069585598584496)
(4.442823171615601, -200.75001866204244, -84.37898003599423, 110.53570178330484, -0.2303368113557802)
(4.482835054397583, -200.75001866204244, -84.37898003599423, 110.53570178330484, -0.2303368113557802)
(4.523111820220947, -200.75001866204244, -84.37898003599423, 110.53570178330484, -0.2265469024505915)
(5.064574718475342, -202.53300331979312, -85.38767327185704, 110.99118170681936, -0.2597607711767598)
(5.5814361572265625, -203.4874619436529, -85.32254889794605, 110.85265356917446, -0.27172664677374314)
(5.6215620040893555, -203.2691314701947, -84.05875015318308, 110.55419856966215, -0.2690675659991175)
(5.661797761917114, -203.2691314701947, -84.05875015318308, 110.55419856966215, -0.2690675659991175)
(5.701507091522217, -203.2691314701947, -84.05875015318308, 110.55419856966215, -0.2690675659991175)
(5.741509914398193, -203.2691314701947, -84.05875015318308, 110.55419856966215, 0.03157457047946721)
(5.781373739242554, -203.2691314701947, -84.05875015318308, 110.55419856966215, 0.03157457047946721)
(5.821552753448486, -202.22804032309233, -81.8223537528058, 110.46954383985472, 2.8294609223157163)
(5.861690282821655, -202.22804032309233, -81.8223537528058, 110.46954383985472, 2.8294609223157163)
(5.901812553405762, -202.22804032309233, -81.8223537528058, 110.46954383985472, 2.8294609223157163)
(5.941680431365967, -202.22804032309233, -81.8223537528058, 110.46954383985472, 5.925077801179491)
(5.981659412384033, -202.22804032309233, -81.8223537528058, 110.46954383985472, 5.925077801179491)
(6.021606206893921, -201.10519633289303, -79.57671633700556, 110.64116606135644, 9.017869310346164)
(6.062468767166138, -201.10519633289303, -79.57671633700556, 110.64116606135644, 9.017869310346164)
(6.102043867111206, -201.10519633289303, -79.57671633700556, 110.64116606135644, 9.017869310346164)
(6.1421191692352295, -201.10519633289303, -79.57671633700556, 110.64116606135644, 12.170160024594585)
(6.18179178237915, -201.10519633289303, -79.57671633700556, 110.64116606135644, 12.170160024594585)
(6.2225892543792725, -200.99655836096844, -76.12482824392438, 111.53005489418928, 9.019190183260173)
(6.262316465377808, -200.99655836096844, -76.12482824392438, 111.53005489418928, 9.019190183260173)
(6.302194356918335, -200.99655836096844, -76.12482824392438, 111.53005489418928, 9.019190183260173)
(6.342130184173584, -200.99655836096844, -76.12482824392438, 111.53005489418928, 11.416157145631585)
(6.382011651992798, -200.99655836096844, -76.12482824392438, 111.53005489418928, 11.416157145631585)
(6.42208194732666, -200.93949186248616, -71.36910961139046, 111.3762518092817, 14.506249191584661)
(6.462342023849487, -200.93949186248616, -71.36910961139046, 111.3762518092817, 14.506249191584661)
(6.502268314361572, -200.93949186248616, -71.36910961139046, 111.3762518092817, 14.506249191584661)
(6.542256116867065, -200.93949186248616, -71.36910961139046, 111.3762518092817, 17.823690054471115)
(6.582513809204102, -200.93949186248616, -71.36910961139046, 111.3762518092817, 17.823690054471115)
(6.62241792678833, -201.54803562403154, -65.6620676941559, 110.65793345967195, 21.286915095745847)
(6.662529945373535, -201.54803562403154, -65.6620676941559, 110.65793345967195, 21.286915095745847)
(6.702447175979614, -201.54803562403154, -65.6620676941559, 110.65793345967195, 21.286915095745847)
(6.742295503616333, -201.54803562403154, -65.6620676941559, 110.65793345967195, 22.45339608174389)
(6.782275915145874, -201.54803562403154, -65.6620676941559, 110.65793345967195, 22.45339608174389)
(6.822378635406494, -201.54803562403154, -65.6620676941559, 110.65793345967195, 22.45339608174389)
(6.862520456314087, -202.32859128625833, -59.12796482141228, 110.20431517469125, 23.84834768358963)
(6.90268611907959, -202.32859128625833, -59.12796482141228, 110.20431517469125, 23.84834768358963)
(6.942464113235474, -202.32859128625833, -59.12796482141228, 110.20431517469125, 24.364274804298894)
(6.982380628585815, -202.32859128625833, -59.12796482141228, 110.20431517469125, 24.364274804298894)
(7.022923469543457, -202.32859128625833, -59.12796482141228, 110.20431517469125, 24.364274804298894)
(7.062767267227173, -202.65393796433395, -51.27624174460246, 110.05245626696004, 23.13892527145272)
(7.102766513824463, -202.65393796433395, -51.27624174460246, 110.05245626696004, 23.13892527145272)
(7.14262056350708, -202.65393796433395, -51.27624174460246, 110.05245626696004, 21.439886375801656)
(7.182561635971069, -202.65393796433395, -51.27624174460246, 110.05245626696004, 21.439886375801656)
(7.222567081451416, -202.65393796433395, -51.27624174460246, 110.05245626696004, 21.439886375801656)
(7.262871026992798, -201.07370106134815, -44.236949959402324, 110.45025044266156, 20.875964328058263)
(7.302996397018433, -201.07370106134815, -44.236949959402324, 110.45025044266156, 20.875964328058263)
(7.343002796173096, -201.07370106134815, -44.236949959402324, 110.45025044266156, 21.15146142019141)
(7.382852554321289, -201.07370106134815, -44.236949959402324, 110.45025044266156, 21.15146142019141)
(7.423083305358887, -201.07370106134815, -44.236949959402324, 110.45025044266156, 21.15146142019141)
(7.463186264038086, -199.25129830130305, -37.48634877351364, 111.03157209448398, 21.586938581924336)
(7.503080368041992, -199.25129830130305, -37.48634877351364, 111.03157209448398, 21.586938581924336)
(7.5434792041778564, -199.25129830130305, -37.48634877351364, 111.03157209448398, 21.821801179984234)
(7.583065509796143, -199.25129830130305, -37.48634877351364, 111.03157209448398, 21.821801179984234)
(7.623264789581299, -199.25129830130305, -37.48634877351364, 111.03157209448398, 21.821801179984234)
(7.663470983505249, -197.25888392654272, -31.700546254996762, 111.58891759294745, 21.431089934734914)
(7.7031989097595215, -197.25888392654272, -31.700546254996762, 111.58891759294745, 21.431089934734914)
(7.743167400360107, -197.25888392654272, -31.700546254996762, 111.58891759294745, 21.431089934734914)
(7.783078193664551, -197.25888392654272, -31.700546254996762, 111.58891759294745, 20.467821713583625)
(7.82341742515564, -195.2149165850294, -25.577245209405817, 112.06004021504667, 19.680411293340413)
(7.863588571548462, -195.2149165850294, -25.577245209405817, 112.06004021504667, 19.680411293340413)
(7.903684854507446, -195.2149165850294, -25.577245209405817, 112.06004021504667, 19.355634914939593)
(7.943232297897339, -195.2149165850294, -25.577245209405817, 112.06004021504667, 19.355634914939593)
(7.98349142074585, -195.2149165850294, -25.577245209405817, 112.06004021504667, 19.355634914939593)
(8.023661851882935, -193.82755671075475, -19.193966876669776, 111.70664358717534, 19.83449256881065)
(8.06388521194458, -193.82755671075475, -19.193966876669776, 111.70664358717534, 19.83449256881065)
(8.103618860244751, -193.82755671075475, -19.193966876669776, 111.70664358717534, 19.847964915837405)
(8.143527746200562, -193.82755671075475, -19.193966876669776, 111.70664358717534, 19.847964915837405)
(8.1835298538208, -193.82755671075475, -19.193966876669776, 111.70664358717534, 19.847964915837405)
(8.223846197128296, -193.89803644177377, -12.609741341275356, 111.0153132094263, 19.059014971874426)
(8.264054536819458, -193.89803644177377, -12.609741341275356, 111.0153132094263, 19.059014971874426)
(8.303768873214722, -193.89803644177377, -12.609741341275356, 111.0153132094263, 19.059014971874426)
(8.343604803085327, -193.89803644177377, -12.609741341275356, 111.0153132094263, 18.41611367373081)
(8.383670568466187, -193.89803644177377, -12.609741341275356, 111.0153132094263, 18.41611367373081)
(8.42423129081726, -195.30085611943227, -5.327158667545682, 110.85270704725629, 18.153581039160642)
(8.46418833732605, -195.30085611943227, -5.327158667545682, 110.85270704725629, 18.153581039160642)
(8.503918647766113, -195.30085611943227, -5.327158667545682, 110.85270704725629, 18.153581039160642)
(8.54376482963562, -195.30085611943227, -5.327158667545682, 110.85270704725629, 18.14558088284297)
(8.583950519561768, -195.30085611943227, -5.327158667545682, 110.85270704725629, 18.14558088284297)
(8.624257326126099, -196.35344258100787, 1.5672739587695652, 110.68538818620665, 18.11281204906419)
(8.664300918579102, -196.35344258100787, 1.5672739587695652, 110.68538818620665, 18.11281204906419)
(8.703969717025757, -196.35344258100787, 1.5672739587695652, 110.68538818620665, 18.11281204906419)
(8.743856191635132, -196.35344258100787, 1.5672739587695652, 110.68538818620665, 18.013834317760814)
(8.78406286239624, -196.35344258100787, 1.5672739587695652, 110.68538818620665, 18.013834317760814)
(8.824331760406494, -197.16403184310363, 7.770570433722373, 110.55744813597667, 17.82444272671848)
(8.864761352539062, -197.16403184310363, 7.770570433722373, 110.55744813597667, 17.82444272671848)
(8.904449701309204, -197.16403184310363, 7.770570433722373, 110.55744813597667, 17.82444272671848)
(8.944340944290161, -197.16403184310363, 7.770570433722373, 110.55744813597667, 17.73451186185744)
(8.984350681304932, -197.16403184310363, 7.770570433722373, 110.55744813597667, 17.73451186185744)
(9.024803400039673, -197.4027260417982, 14.00226607896804, 110.4302667680493, 17.69353459496859)
(9.064623832702637, -197.4027260417982, 14.00226607896804, 110.4302667680493, 17.69353459496859)
(9.104529619216919, -197.4027260417982, 14.00226607896804, 110.4302667680493, 17.69353459496859)
(9.144499063491821, -197.4027260417982, 14.00226607896804, 110.4302667680493, 17.66777179949873)
(9.18454647064209, -197.4027260417982, 14.00226607896804, 110.4302667680493, 17.66777179949873)
(9.224848508834839, -197.4027260417982, 14.00226607896804, 110.4302667680493, 17.66777179949873)
(9.264912605285645, -197.26414118153969, 19.68692814370273, 110.29378652987019, 17.69434512644292)
(9.30480694770813, -197.26414118153969, 19.68692814370273, 110.29378652987019, 17.69434512644292)
(9.344642639160156, -197.26414118153969, 19.68692814370273, 110.29378652987019, 17.69970378913285)
(9.384734153747559, -197.26414118153969, 19.68692814370273, 110.29378652987019, 17.69970378913285)
(9.425057649612427, -197.26414118153969, 19.68692814370273, 110.29378652987019, 17.69970378913285)
(9.46517300605774, -195.9194004506319, 24.739105409223257, 110.33268958209915, 17.64395610438769)
(9.505110025405884, -195.9194004506319, 24.739105409223257, 110.33268958209915, 17.64395610438769)
(9.545019149780273, -195.9194004506319, 24.739105409223257, 110.33268958209915, 17.561893214770606)
(9.585519790649414, -195.9194004506319, 24.739105409223257, 110.33268958209915, 17.561893214770606)
(9.625440835952759, -195.9194004506319, 24.739105409223257, 110.33268958209915, 17.561893214770606)
(9.665502309799194, -194.77815444507186, 29.88669948346599, 110.69514344594752, 17.149887086672535)
(9.705243825912476, -194.77815444507186, 29.88669948346599, 110.69514344594752, 17.149887086672535)
(9.74532675743103, -194.77815444507186, 29.88669948346599, 110.69514344594752, 16.80566112457444)
(9.785284280776978, -194.77815444507186, 29.88669948346599, 110.69514344594752, 16.80566112457444)
(9.825501441955566, -194.77815444507186, 29.88669948346599, 110.69514344594752, 16.80566112457444)
(9.865477323532104, -193.9192146715816, 35.57340451067609, 111.21429869811821, 16.81014760590016)
(9.905586242675781, -193.9192146715816, 35.57340451067609, 111.21429869811821, 16.81014760590016)
(9.945366621017456, -193.9192146715816, 35.57340451067609, 111.21429869811821, 16.983228640032664)
(9.985524415969849, -193.9192146715816, 35.57340451067609, 111.21429869811821, 16.983228640032664)
(10.025781869888306, -193.4916037219609, 40.856245587142645, 111.08199188896361, 17.252649868653393)
(10.065616369247437, -193.4916037219609, 40.856245587142645, 111.08199188896361, 17.252649868653393)
(10.10564112663269, -193.4916037219609, 40.856245587142645, 111.08199188896361, 17.41642364349754)
(10.145524978637695, -193.4916037219609, 40.856245587142645, 111.08199188896361, 17.41642364349754)
(10.185704469680786, -193.4916037219609, 40.856245587142645, 111.08199188896361, 17.41642364349754)
(10.22595739364624, -194.38139859082816, 46.09067524243588, 110.58703437840552, 17.239131389033297)
(10.265914678573608, -194.38139859082816, 46.09067524243588, 110.58703437840552, 17.239131389033297)
(10.30585789680481, -194.38139859082816, 46.09067524243588, 110.58703437840552, 17.138046173832436)
(10.345798015594482, -194.38139859082816, 46.09067524243588, 110.58703437840552, 17.138046173832436)
(10.385833978652954, -194.38139859082816, 46.09067524243588, 110.58703437840552, 17.138046173832436)
(10.42611026763916, -196.38284192127009, 51.80372652049142, 110.26186058578024, 17.106479311060752)
(10.466192722320557, -196.38284192127009, 51.80372652049142, 110.26186058578024, 17.106479311060752)
(10.506008625030518, -196.38284192127009, 51.80372652049142, 110.26186058578024, 17.106479311060752)
(10.54591679573059, -196.38284192127009, 51.80372652049142, 110.26186058578024, 16.880295440400587)
(10.586339235305786, -196.38284192127009, 51.80372652049142, 110.26186058578024, 16.880295440400587)
(10.626358270645142, -196.780605451512, 56.68806476299754, 109.40036959955916, 16.755774686701734)
(10.666426420211792, -196.780605451512, 56.68806476299754, 109.40036959955916, 16.755774686701734)
(10.706284046173096, -196.780605451512, 56.68806476299754, 109.40036959955916, 16.755774686701734)
(10.746041774749756, -196.780605451512, 56.68806476299754, 109.40036959955916, 16.94571951972789)
(10.786492109298706, -196.780605451512, 56.68806476299754, 109.40036959955916, 16.94571951972789)
(10.82668161392212, -197.11422071898934, 61.18259193779237, 108.74615783956304, 17.31775502096545)
(10.866474628448486, -197.11422071898934, 61.18259193779237, 108.74615783956304, 17.31775502096545)
(10.9063081741333, -197.11422071898934, 61.18259193779237, 108.74615783956304, 17.31775502096545)
(10.94627332687378, -197.11422071898934, 61.18259193779237, 108.74615783956304, 17.460576524178705)
(10.986589193344116, -197.11422071898934, 61.18259193779237, 108.74615783956304, 17.460576524178705)
(11.02665090560913, -196.8026719933103, 64.59487636913536, 108.17586601176535, 17.256760363369942)
(11.066590309143066, -196.8026719933103, 64.59487636913536, 108.17586601176535, 17.256760363369942)
(11.106501817703247, -196.8026719933103, 64.59487636913536, 108.17586601176535, 17.256760363369942)
(11.146450281143188, -196.8026719933103, 64.59487636913536, 108.17586601176535, 17.1042664227622)
(11.18671441078186, -196.8026719933103, 64.59487636913536, 108.17586601176535, 17.1042664227622)
(11.226805448532104, -195.00706228783596, 67.49694174907027, 107.91826559267295, 17.185999302904946)
(11.267058849334717, -195.00706228783596, 67.49694174907027, 107.91826559267295, 17.185999302904946)
(11.30685830116272, -195.00706228783596, 67.49694174907027, 107.91826559267295, 17.185999302904946)
(11.346794605255127, -195.00706228783596, 67.49694174907027, 107.91826559267295, 17.66329788557542)
(11.387125968933105, -195.00706228783596, 67.49694174907027, 107.91826559267295, 17.66329788557542)
(11.427474737167358, -193.27544198165, 70.5922479350392, 107.67798758121859, 18.31766870478385)
(11.467041969299316, -193.27544198165, 70.5922479350392, 107.67798758121859, 18.31766870478385)
(11.50695538520813, -193.27544198165, 70.5922479350392, 107.67798758121859, 18.31766870478385)
(11.54697871208191, -193.27544198165, 70.5922479350392, 107.67798758121859, 18.441806757016934)
(11.586999893188477, -193.27544198165, 70.5922479350392, 107.67798758121859, 18.441806757016934)
(11.627371549606323, -193.27544198165, 70.5922479350392, 107.67798758121859, 18.441806757016934)
(11.667367458343506, -191.81073557689732, 73.79984633605618, 107.45763510738001, 18.31718634067669)
(11.707154750823975, -191.81073557689732, 73.79984633605618, 107.45763510738001, 18.31718634067669)
(11.747098922729492, -191.81073557689732, 73.79984633605618, 107.45763510738001, 18.1252781612834)
(11.787610530853271, -191.81073557689732, 73.79984633605618, 107.45763510738001, 18.1252781612834)
(11.827455282211304, -191.81073557689732, 73.79984633605618, 107.45763510738001, 18.1252781612834)
(11.867305040359497, -190.53150499045356, 77.70681866312798, 107.52996361315529, 18.102896516190036)
(11.907371044158936, -190.53150499045356, 77.70681866312798, 107.52996361315529, 18.102896516190036)
(11.947153091430664, -190.53150499045356, 77.70681866312798, 107.52996361315529, 18.28246075042761)
(11.987728118896484, -190.53150499045356, 77.70681866312798, 107.52996361315529, 18.28246075042761)
(12.02769684791565, -190.53150499045356, 77.70681866312798, 107.52996361315529, 18.28246075042761)
(12.067446231842041, -190.10527090873498, 82.67535793325115, 107.63151362996246, 18.62965996099725)
(12.107518672943115, -190.10527090873498, 82.67535793325115, 107.63151362996246, 19.046336024260963)
(12.147454500198364, -190.10527090873498, 82.67535793325115, 107.63151362996246, 19.046336024260963)
(12.187742710113525, -190.10527090873498, 82.67535793325115, 107.63151362996246, 19.046336024260963)
(12.227903842926025, -191.3401721237153, 88.31869729424852, 108.01597491357604, 19.505071468033172)
(12.26783800125122, -191.3401721237153, 88.31869729424852, 108.01597491357604, 19.505071468033172)
(12.307863712310791, -191.3401721237153, 88.31869729424852, 108.01597491357604, 19.5363091347744)
(12.347847938537598, -191.3401721237153, 88.31869729424852, 108.01597491357604, 19.5363091347744)
(12.387960433959961, -191.3401721237153, 88.31869729424852, 108.01597491357604, 19.5363091347744)
(12.428107738494873, -193.11842072975026, 93.59078254107463, 108.774036273039, 19.94795802158196)
(12.467892408370972, -193.11842072975026, 93.59078254107463, 108.774036273039, 19.94795802158196)
(12.507997989654541, -193.11842072975026, 93.59078254107463, 108.774036273039, 19.72844789950343)
(12.547808408737183, -193.11842072975026, 93.59078254107463, 108.774036273039, 19.72844789950343)
(12.588058710098267, -193.11842072975026, 93.59078254107463, 108.774036273039, 19.72844789950343)
(12.629193544387817, -193.82166280642298, 93.52565007519786, 108.16626746434409, 18.744909957345648)
