====================== HEADER ======================
Odometry data will folow format (time, x, y, z, yaw)
Landing site: (-1, x, y, z, yaw)
X = left and right
Y = foraward backward
Z = height
====================== SUCCESS ======================
('min', -621.8741912949903, -44.80284784841831, 67.40964703418976)
('max', -572.0534146842729, -29.677265313462783, 69.05285039866797)
('dlp', -597.9422723839359, -38.96194209273236, 52.736849751652926, 17.246843951630435)
27.215957641601562
(0, -600.6908279038008, -242.18160900826967, 71.16487110314931, 0.04179359964111029)
(0.039434194564819336, -601.0357182524834, -242.3137890639677, 71.05526540554496, 0.04179359964111029)
(0.0789499282836914, -601.0357182524834, -242.3137890639677, 71.05526540554496, 0.04179359964111029)
(0.11886906623840332, -601.0357182524834, -242.3137890639677, 71.05526540554496, 0.2418233404528749)
(0.15881991386413574, -601.0357182524834, -242.3137890639677, 71.05526540554496, 0.2418233404528749)
(0.19942545890808105, -601.2440308467491, -242.8505516298776, 70.7186516858499, 0.28968307000881666)
(0.23919987678527832, -601.2440308467491, -242.8505516298776, 70.7186516858499, 0.28968307000881666)
(0.27913498878479004, -601.2440308467491, -242.8505516298776, 70.7186516858499, 0.28968307000881666)
(0.31899523735046387, -601.2440308467491, -242.8505516298776, 70.7186516858499, 0.29260941504354676)
(0.3591890335083008, -601.2440308467491, -242.8505516298776, 70.7186516858499, 0.29260941504354676)
(0.39937686920166016, -601.2440308467491, -242.8505516298776, 70.7186516858499, 0.29260941504354676)
(0.43947386741638184, -601.5491269278394, -243.56276185148727, 69.90985948156269, 0.27498916482810287)
(0.4792931079864502, -601.5491269278394, -243.56276185148727, 69.90985948156269, 0.27498916482810287)
(0.519174337387085, -601.5491269278394, -243.56276185148727, 69.90985948156269, 0.26695254977649796)
(0.5593099594116211, -601.5491269278394, -243.56276185148727, 69.90985948156269, 0.26695254977649796)
(0.5994393825531006, -601.5491269278394, -243.56276185148727, 69.90985948156269, 0.26695254977649796)
(0.6395525932312012, -601.8284217359892, -244.0845697816828, 67.81847422184515, 0.26937164822697923)
(0.6795628070831299, -601.8284217359892, -244.0845697816828, 67.81847422184515, 0.26937164822697923)
(0.7194790840148926, -601.8284217359892, -244.0845697816828, 67.81847422184515, 0.29412013547900884)
(0.759730339050293, -601.8284217359892, -244.0845697816828, 67.81847422184515, 0.29412013547900884)
(0.7999274730682373, -601.8284217359892, -244.0845697816828, 67.81847422184515, 0.29412013547900884)
(0.8399512767791748, -601.8305764790123, -244.42164172513696, 65.51166508651306, 0.2872991556197526)
(0.8798618316650391, -601.8305764790123, -244.42164172513696, 65.51166508651306, 0.2872991556197526)
(0.9198479652404785, -601.8305764790123, -244.42164172513696, 65.51166508651306, 0.3104499028809613)
(0.9599480628967285, -601.8305764790123, -244.42164172513696, 65.51166508651306, 0.3104499028809613)
(1.000201940536499, -601.8305764790123, -244.42164172513696, 65.51166508651306, 0.3104499028809613)
(1.0401840209960938, -601.9152006628384, -244.6289533544302, 63.68725881220764, 0.3117911684244348)
(1.0804216861724854, -601.9152006628384, -244.6289533544302, 63.68725881220764, 0.3117911684244348)
(1.1201181411743164, -601.9152006628384, -244.6289533544302, 63.68725881220764, 0.3591130913949243)
(1.1600863933563232, -601.9152006628384, -244.6289533544302, 63.68725881220764, 0.3591130913949243)
(1.2004163265228271, -601.9152006628384, -244.6289533544302, 63.68725881220764, 0.3591130913949243)
(1.2402563095092773, -601.8975606995489, -244.56137847960238, 62.63620610888521, 0.3867699512428615)
(1.2802600860595703, -601.8975606995489, -244.56137847960238, 62.63620610888521, 0.3867699512428615)
(1.320173978805542, -601.8975606995489, -244.56137847960238, 62.63620610888521, 0.42600633688923395)
(1.3603250980377197, -601.8975606995489, -244.56137847960238, 62.63620610888521, 0.42600633688923395)
(1.400588035583496, -601.8975606995489, -244.56137847960238, 62.63620610888521, 0.42600633688923395)
(1.440514326095581, -601.8572576945472, -244.01928530162337, 62.28139695043301, 0.41619872899645216)
(1.4803829193115234, -601.8572576945472, -244.01928530162337, 62.28139695043301, 0.41619872899645216)
(1.52079439163208, -601.8572576945472, -244.01928530162337, 62.28139695043301, 0.41619872899645216)
(1.560701847076416, -601.8572576945472, -244.01928530162337, 62.28139695043301, 0.401305773710277)
(1.6007161140441895, -601.8572576945472, -244.01928530162337, 62.28139695043301, 0.401305773710277)
(1.6407651901245117, -601.6180262605769, -243.68157949407586, 62.384402126570365, 0.38808378612507255)
(1.6807689666748047, -601.6180262605769, -243.68157949407586, 62.384402126570365, 0.37138610946694683)
(1.720475673675537, -601.6180262605769, -243.68157949407586, 62.384402126570365, 0.37138610946694683)
(1.760927677154541, -601.6180262605769, -243.68157949407586, 62.384402126570365, 0.37138610946694683)
(1.8007254600524902, -601.4303631717239, -243.04145534406166, 62.52798520200373, 0.3569365773400399)
(1.8407468795776367, -601.4303631717239, -243.04145534406166, 62.52798520200373, 0.3569365773400399)
(1.8807318210601807, -601.4303631717239, -243.04145534406166, 62.52798520200373, 0.3569365773400399)
(1.920698642730713, -601.4303631717239, -243.04145534406166, 62.52798520200373, 0.34635133051016354)
(1.9607536792755127, -601.4303631717239, -243.04145534406166, 62.52798520200373, 0.34635133051016354)
(2.0010430812835693, -601.1628215307982, -242.57042139282544, 62.27759137201052, 0.2969882744136534)
(2.0415501594543457, -601.1628215307982, -242.57042139282544, 62.27759137201052, 0.2969882744136534)
(2.080859661102295, -601.1628215307982, -242.57042139282544, 62.27759137201052, 0.2969882744136534)
(2.1207776069641113, -601.1628215307982, -242.57042139282544, 62.27759137201052, 0.30822816784123575)
(2.1613616943359375, -601.1628215307982, -242.57042139282544, 62.27759137201052, 0.30822816784123575)
(2.2011053562164307, -601.0122853884804, -242.30252069116455, 61.079177605490244, 0.3019314410768281)
(2.240992307662964, -601.0122853884804, -242.30252069116455, 61.079177605490244, 0.3019314410768281)
(2.2810072898864746, -601.0122853884804, -242.30252069116455, 61.079177605490244, 0.3019314410768281)
(2.320930004119873, -601.0122853884804, -242.30252069116455, 61.079177605490244, 0.27165753963315)
(2.3612704277038574, -601.0122853884804, -242.30252069116455, 61.079177605490244, 0.27165753963315)
(2.4013702869415283, -600.9642496596972, -242.13041445409274, 59.61422296407805, 0.2258916643976434)
(2.4412240982055664, -600.9642496596972, -242.13041445409274, 59.61422296407805, 0.2258916643976434)
(2.4811482429504395, -600.9642496596972, -242.13041445409274, 59.61422296407805, 0.2258916643976434)
(2.5210046768188477, -600.9642496596972, -242.13041445409274, 59.61422296407805, 0.24733233973530488)
(2.5615673065185547, -600.9642496596972, -242.13041445409274, 59.61422296407805, 0.24733233973530488)
(2.6013150215148926, -601.13231590769, -241.9259136573782, 58.29651441493347, 0.23427981927616415)
(2.6412734985351562, -601.13231590769, -241.9259136573782, 58.29651441493347, 0.23427981927616415)
(2.6812610626220703, -601.13231590769, -241.9259136573782, 58.29651441493347, 0.23427981927616415)
(2.7211906909942627, -601.13231590769, -241.9259136573782, 58.29651441493347, 0.23011220543515165)
(2.761833667755127, -601.13231590769, -241.9259136573782, 58.29651441493347, 0.23011220543515165)
(2.8015124797821045, -601.13231590769, -241.9259136573782, 58.29651441493347, 0.23011220543515165)
(2.841453790664673, -601.1246955755761, -241.89372472452706, 56.92462880894696, 0.22653540741143274)
(2.8813765048980713, -601.1246955755761, -241.89372472452706, 56.92462880894696, 0.22653540741143274)
(2.921245813369751, -601.1246955755761, -241.89372472452706, 56.92462880894696, 0.22680835757225992)
(2.96155047416687, -601.1246955755761, -241.89372472452706, 56.92462880894696, 0.22680835757225992)
(3.0016298294067383, -601.1246955755761, -241.89372472452706, 56.92462880894696, 0.22680835757225992)
(3.041454792022705, -601.2328631641698, -241.88233522442974, 55.872469541864774, 0.1944754860245297)
(3.081378221511841, -601.2328631641698, -241.88233522442974, 55.872469541864774, 0.1944754860245297)
(3.12162446975708, -601.2328631641698, -241.88233522442974, 55.872469541864774, 0.19514793151668286)
(3.1619529724121094, -601.2328631641698, -241.88233522442974, 55.872469541864774, 0.19514793151668286)
(3.20184588432312, -601.2328631641698, -241.88233522442974, 55.872469541864774, 0.19514793151668286)
(3.2416253089904785, -601.0532006257617, -241.96388399094525, 55.494731886407536, 0.1939007686736467)
(3.2816221714019775, -601.0532006257617, -241.96388399094525, 55.494731886407536, 0.1939007686736467)
(3.3215365409851074, -601.0532006257617, -241.96388399094525, 55.494731886407536, 0.2046136475037983)
(3.3618099689483643, -601.0532006257617, -241.96388399094525, 55.494731886407536, 0.2046136475037983)
(3.401796340942383, -601.0532006257617, -241.96388399094525, 55.494731886407536, 0.2046136475037983)
(3.4417636394500732, -601.1141121143395, -241.98139343572666, 55.61096795516796, 0.1788489121154555)
(3.4816508293151855, -601.1141121143395, -241.98139343572666, 55.61096795516796, 0.1788489121154555)
(3.521609306335449, -601.1141121143395, -241.98139343572666, 55.61096795516796, 0.18048497196650004)
(3.5621256828308105, -601.1141121143395, -241.98139343572666, 55.61096795516796, 0.18048497196650004)
(3.6019287109375, -601.1141121143395, -241.98139343572666, 55.61096795516796, 0.18048497196650004)
(3.6419308185577393, -601.4217370930205, -242.09238487842438, 55.808535640874254, 0.18692053329086278)
(3.6819519996643066, -601.4217370930205, -242.09238487842438, 55.808535640874254, 0.18692053329086278)
(3.7218239307403564, -601.4217370930205, -242.09238487842438, 55.808535640874254, 0.18692053329086278)
(3.762085437774658, -601.4217370930205, -242.09238487842438, 55.808535640874254, 0.15998551559825458)
(3.802175521850586, -601.4217370930205, -242.09238487842438, 55.808535640874254, 0.15998551559825458)
(3.842142105102539, -601.4435789449539, -242.23445771795105, 56.23289451748931, 0.1706182939588814)
(3.8820717334747314, -601.4435789449539, -242.23445771795105, 56.23289451748931, 0.17579466074706573)
(3.9220075607299805, -601.4435789449539, -242.23445771795105, 56.23289451748931, 0.17579466074706573)
(3.9623756408691406, -601.4435789449539, -242.23445771795105, 56.23289451748931, 0.17579466074706573)
(4.002328395843506, -601.7193163048792, -242.52788208296823, 56.41236631243104, 0.18863318047223387)
(4.042200326919556, -601.7193163048792, -242.52788208296823, 56.41236631243104, 0.18863318047223387)
(4.082107782363892, -601.7193163048792, -242.52788208296823, 56.41236631243104, 0.18863318047223387)
(4.122121095657349, -601.7193163048792, -242.52788208296823, 56.41236631243104, 0.1682849544706393)
(4.162417411804199, -601.7193163048792, -242.52788208296823, 56.41236631243104, 0.1682849544706393)
(4.202683925628662, -602.0482707256224, -243.1694759747702, 56.38586324321169, 0.15980579911821025)
(4.242379426956177, -602.0482707256224, -243.1694759747702, 56.38586324321169, 0.15980579911821025)
(4.282429456710815, -602.0482707256224, -243.1694759747702, 56.38586324321169, 0.15980579911821025)
(4.322245121002197, -602.0482707256224, -243.1694759747702, 56.38586324321169, 0.14055545996254537)
(4.362569093704224, -602.0482707256224, -243.1694759747702, 56.38586324321169, 0.14055545996254537)
(4.4026477336883545, -602.2650935714854, -243.61691060267344, 55.755765548049446, 0.12180217817098438)
(4.442519426345825, -602.2650935714854, -243.61691060267344, 55.755765548049446, 0.12180217817098438)
(4.482320308685303, -602.2650935714854, -243.61691060267344, 55.755765548049446, 0.12180217817098438)
(4.522469758987427, -602.2650935714854, -243.61691060267344, 55.755765548049446, 0.10635849372705053)
(4.562633037567139, -602.2650935714854, -243.61691060267344, 55.755765548049446, 0.10635849372705053)
(4.602780342102051, -602.3003094695906, -243.66321841337492, 55.123092295161214, 0.10510291974934916)
(4.642576217651367, -602.3003094695906, -243.66321841337492, 55.123092295161214, 0.10510291974934916)
(4.682561159133911, -602.3003094695906, -243.66321841337492, 55.123092295161214, 0.10510291974934916)
(4.722550868988037, -602.3003094695906, -243.66321841337492, 55.123092295161214, 0.113191852620389)
(4.76274561882019, -602.3003094695906, -243.66321841337492, 55.123092295161214, 0.113191852620389)
(4.802810907363892, -602.2478999015879, -243.6925008679795, 54.62783189339034, 0.1429912985504771)
(4.84277606010437, -602.2478999015879, -243.6925008679795, 54.62783189339034, 0.1429912985504771)
(4.882759094238281, -602.2478999015879, -243.6925008679795, 54.62783189339034, 0.1429912985504771)
(4.9227259159088135, -602.2478999015879, -243.6925008679795, 54.62783189339034, 0.13559146776652398)
(4.9629693031311035, -602.2478999015879, -243.6925008679795, 54.62783189339034, 0.13559146776652398)
(5.0031068325042725, -601.7736271304731, -243.84587210731326, 53.99016968055133, 0.13048185745199348)
(5.043308973312378, -601.7736271304731, -243.84587210731326, 53.99016968055133, 0.13048185745199348)
(5.082885980606079, -601.7736271304731, -243.84587210731326, 53.99016968055133, 0.13048185745199348)
(5.12282133102417, -601.7736271304731, -243.84587210731326, 53.99016968055133, 0.15638051995037472)
(5.163066148757935, -601.7736271304731, -243.84587210731326, 53.99016968055133, 0.15638051995037472)
(5.2046849727630615, -601.7736271304731, -243.84587210731326, 53.99016968055133, 0.15638051995037472)
(5.243791580200195, -601.3832205694455, -244.2094828027029, 53.33846992964955, 0.15229699382535955)
(5.284953832626343, -601.3832205694455, -244.2094828027029, 53.33846992964955, 0.15229699382535955)
(5.32860541343689, -601.3832205694455, -244.2094828027029, 53.33846992964955, 0.1758412479444864)
(5.369572401046753, -601.3832205694455, -244.2094828027029, 53.33846992964955, 0.1758412479444864)
(5.4071996212005615, -601.3832205694455, -244.2094828027029, 53.33846992964955, 0.1758412479444864)
(5.451565980911255, -601.359761914964, -244.05127897623845, 52.50415089884425, 0.1624346318340173)
(5.486012697219849, -601.359761914964, -244.05127897623845, 52.50415089884425, 0.1624346318340173)
(5.52730393409729, -601.359761914964, -244.05127897623845, 52.50415089884425, 0.18531905822655403)
(5.57076358795166, -601.359761914964, -244.05127897623845, 52.50415089884425, 0.18531905822655403)
(5.608233451843262, -601.359761914964, -244.05127897623845, 52.50415089884425, 0.18531905822655403)
(5.645906209945679, -601.5918247927885, -243.63870435662471, 52.00632955244653, 0.13714283906302427)
(5.686931133270264, -601.5918247927885, -243.63870435662471, 52.00632955244653, 0.13714283906302427)
(5.728845596313477, -601.5918247927885, -243.63870435662471, 52.00632955244653, 0.1292926264820622)
(5.770845174789429, -601.5918247927885, -243.63870435662471, 52.00632955244653, 0.1292926264820622)
(5.806309700012207, -601.5918247927885, -243.63870435662471, 52.00632955244653, 0.1292926264820622)
(5.846281051635742, -601.6431423669302, -243.29559220515648, 52.05249265272621, 0.12548189507211305)
(5.889671564102173, -601.6431423669302, -243.29559220515648, 52.05249265272621, 0.12548189507211305)
(5.927809715270996, -601.6431423669302, -243.29559220515648, 52.05249265272621, 0.1340819913779967)
(5.966274261474609, -601.6431423669302, -243.29559220515648, 52.05249265272621, 0.1340819913779967)
(6.008831739425659, -601.6195723505816, -243.07714189055287, 52.53169011043154, 0.12849216181229295)
(6.051096439361572, -601.6195723505816, -243.07714189055287, 52.53169011043154, 0.12849216181229295)
(6.08725905418396, -601.6195723505816, -243.07714189055287, 52.53169011043154, 0.10101624211958793)
(6.126946687698364, -601.6195723505816, -243.07714189055287, 52.53169011043154, 0.10101624211958793)
(6.167524337768555, -601.6195723505816, -243.07714189055287, 52.53169011043154, 0.10101624211958793)
(6.204615354537964, -601.6148714802247, -242.90220726950318, 52.67024401136334, 0.10504152957759061)
(6.245032072067261, -601.6148714802247, -242.90220726950318, 52.67024401136334, 0.10504152957759061)
(6.284367084503174, -601.6148714802247, -242.90220726950318, 52.67024401136334, 0.10504152957759061)
(6.3246331214904785, -601.6148714802247, -242.90220726950318, 52.67024401136334, 0.12551833728592499)
(6.366069316864014, -601.6148714802247, -242.90220726950318, 52.67024401136334, 0.12551833728592499)
(6.404886484146118, -601.2999270226778, -242.6831663109832, 52.37930454539177, 0.14719618316260963)
(6.4448583126068115, -601.2999270226778, -242.6831663109832, 52.37930454539177, 0.14719618316260963)
(6.484533309936523, -601.2999270226778, -242.6831663109832, 52.37930454539177, 0.14719618316260963)
(6.524627685546875, -601.2999270226778, -242.6831663109832, 52.37930454539177, 0.151327361545885)
(6.564851760864258, -601.2999270226778, -242.6831663109832, 52.37930454539177, 0.151327361545885)
(6.605086326599121, -600.7832495888613, -242.60869429609912, 51.99758441790483, 0.12601714198368796)
(6.644603967666626, -600.7832495888613, -242.60869429609912, 51.99758441790483, 0.12601714198368796)
(6.684628963470459, -600.7832495888613, -242.60869429609912, 51.99758441790483, 0.12601714198368796)
(6.7246809005737305, -600.7832495888613, -242.60869429609912, 51.99758441790483, 0.15265963530833915)
(6.764968156814575, -600.7832495888613, -242.60869429609912, 51.99758441790483, 0.15265963530833915)
(6.805027961730957, -600.3633278914153, -242.80435226877768, 52.18109778585175, 0.16701364535243357)
(6.844908952713013, -600.3633278914153, -242.80435226877768, 52.18109778585175, 0.16701364535243357)
(6.884728670120239, -600.3633278914153, -242.80435226877768, 52.18109778585175, 0.16701364535243357)
(6.924826145172119, -600.3633278914153, -242.80435226877768, 52.18109778585175, 0.20512691073259148)
(6.965126276016235, -600.3633278914153, -242.80435226877768, 52.18109778585175, 0.20512691073259148)
(7.005263328552246, -599.7750752403889, -242.8554247007226, 52.73789713676942, 0.2343912049967507)
(7.045082330703735, -599.7750752403889, -242.8554247007226, 52.73789713676942, 0.2343912049967507)
(7.08506965637207, -599.7750752403889, -242.8554247007226, 52.73789713676942, 0.2343912049967507)
(7.125676155090332, -599.7750752403889, -242.8554247007226, 52.73789713676942, 0.23780361923157045)
(7.165482044219971, -599.7750752403889, -242.8554247007226, 52.73789713676942, 0.23780361923157045)
(7.205320358276367, -599.338104163119, -242.94046456954447, 53.3378616654272, 0.2266011816282898)
(7.24521279335022, -599.338104163119, -242.94046456954447, 53.3378616654272, 0.2266011816282898)
(7.2851057052612305, -599.338104163119, -242.94046456954447, 53.3378616654272, 0.2266011816282898)
(7.32512903213501, -599.338104163119, -242.94046456954447, 53.3378616654272, 0.231985661190663)
(7.365586996078491, -599.338104163119, -242.94046456954447, 53.3378616654272, 0.231985661190663)
(7.405943155288696, -599.338104163119, -242.94046456954447, 53.3378616654272, 0.231985661190663)
(7.445802688598633, -599.2291939913509, -243.1929441125175, 53.76736489754327, 0.24510870244089134)
(7.485659837722778, -599.2291939913509, -243.1929441125175, 53.76736489754327, 0.24510870244089134)
(7.525728464126587, -599.2291939913509, -243.1929441125175, 53.76736489754327, 0.24545691664020097)
(7.565973520278931, -599.2291939913509, -243.1929441125175, 53.76736489754327, 0.24545691664020097)
(7.606561660766602, -599.2291939913509, -243.1929441125175, 53.76736489754327, 0.24545691664020097)
(7.646439552307129, -599.3002401065683, -243.04797146396214, 53.852585629607624, 0.2204851775542842)
(7.686363935470581, -599.3002401065683, -243.04797146396214, 53.852585629607624, 0.2204851775542842)
(7.72651743888855, -599.3002401065683, -243.04797146396214, 53.852585629607624, 0.1810720146339051)
(7.766631603240967, -599.3002401065683, -243.04797146396214, 53.852585629607624, 0.1810720146339051)
(7.80661678314209, -599.3002401065683, -243.04797146396214, 53.852585629607624, 0.1810720146339051)
(7.8465576171875, -599.4626551483872, -242.85814583468246, 53.79457810618532, 0.19819045011694314)
(7.886359930038452, -599.4626551483872, -242.85814583468246, 53.79457810618532, 0.19819045011694314)
(7.926692724227905, -599.4626551483872, -242.85814583468246, 53.79457810618532, 0.18716401362013002)
(7.966503143310547, -599.4626551483872, -242.85814583468246, 53.79457810618532, 0.18716401362013002)
(8.006907939910889, -599.4626551483872, -242.85814583468246, 53.79457810618532, 0.18716401362013002)
(8.046873807907104, -599.8585786680029, -243.3442839524239, 53.611178712980255, 0.1925977755047299)
(8.0867760181427, -599.8585786680029, -243.3442839524239, 53.611178712980255, 0.1925977755047299)
(8.12776255607605, -599.8585786680029, -243.3442839524239, 53.611178712980255, 0.15613986871263563)
(8.167194604873657, -599.8585786680029, -243.3442839524239, 53.611178712980255, 0.15613986871263563)
(8.207153081893921, -599.8585786680029, -243.3442839524239, 53.611178712980255, 0.15613986871263563)
(8.247058868408203, -600.4144686769446, -244.08639695517275, 53.237771375001365, 0.14072514790778712)
(8.286931991577148, -600.4144686769446, -244.08639695517275, 53.237771375001365, 0.13120216549775776)
(8.32748556137085, -600.4144686769446, -244.08639695517275, 53.237771375001365, 0.13120216549775776)
(8.367223262786865, -600.4144686769446, -244.08639695517275, 53.237771375001365, 0.13120216549775776)
(8.407093048095703, -600.4985992977621, -244.63096006597317, 53.27380044811782, 0.08370375072746938)
(8.44711422920227, -600.4985992977621, -244.63096006597317, 53.27380044811782, 0.08370375072746938)
(8.487024068832397, -600.4985992977621, -244.63096006597317, 53.27380044811782, 0.08518449877425027)
(8.527531862258911, -600.4985992977621, -244.63096006597317, 53.27380044811782, 0.08518449877425027)
(8.567393779754639, -600.4985992977621, -244.63096006597317, 53.27380044811782, 0.08518449877425027)
(8.607443571090698, -600.3014805807137, -244.7164011645129, 53.66399377823566, 0.1453840918705076)
(8.647496461868286, -600.3014805807137, -244.7164011645129, 53.66399377823566, 0.1453840918705076)
(8.687250137329102, -600.3014805807137, -244.7164011645129, 53.66399377823566, 0.1453840918705076)
(8.727432250976562, -600.3014805807137, -244.7164011645129, 53.66399377823566, 0.16122799920574593)
(8.767536878585815, -600.3014805807137, -244.7164011645129, 53.66399377823566, 0.16122799920574593)
(8.807444095611572, -599.8936707439141, -244.51270458774883, 53.910003260152266, 0.2034677128990232)
(8.84731125831604, -599.8936707439141, -244.51270458774883, 53.910003260152266, 0.2034677128990232)
(8.887341737747192, -599.8936707439141, -244.51270458774883, 53.910003260152266, 0.2034677128990232)
(8.927530288696289, -599.8936707439141, -244.51270458774883, 53.910003260152266, 0.19258073027064881)
(8.967735767364502, -599.8936707439141, -244.51270458774883, 53.910003260152266, 0.19258073027064881)
(9.007772207260132, -599.7165385879688, -244.22354317916114, 53.34061723675997, 0.20930467858897117)
(9.047635316848755, -599.7165385879688, -244.22354317916114, 53.34061723675997, 0.20930467858897117)
(9.087571144104004, -599.7165385879688, -244.22354317916114, 53.34061723675997, 0.20930467858897117)
(9.128146648406982, -599.7165385879688, -244.22354317916114, 53.34061723675997, 0.17769669880137684)
(9.168297529220581, -599.7165385879688, -244.22354317916114, 53.34061723675997, 0.17769669880137684)
(9.207894802093506, -599.5566031229293, -244.08577716815006, 52.16363850712469, 0.13422089452400598)
(9.247900247573853, -599.5566031229293, -244.08577716815006, 52.16363850712469, 0.13422089452400598)
(9.287872791290283, -599.5566031229293, -244.08577716815006, 52.16363850712469, 0.13422089452400598)
(9.3283371925354, -599.5566031229293, -244.08577716815006, 52.16363850712469, 0.13622176540334863)
(9.368014812469482, -599.5566031229293, -244.08577716815006, 52.16363850712469, 0.13622176540334863)
(9.407883167266846, -599.4622949487319, -243.875350854357, 51.626229495725795, 0.147773533251236)
(9.447808742523193, -599.4622949487319, -243.875350854357, 51.626229495725795, 0.147773533251236)
(9.487824201583862, -599.4622949487319, -243.875350854357, 51.626229495725795, 0.147773533251236)
(9.528008222579956, -599.4622949487319, -243.875350854357, 51.626229495725795, 0.14169573889732234)
(9.568365097045898, -599.4622949487319, -243.875350854357, 51.626229495725795, 0.14169573889732234)
(9.608291864395142, -599.6109399939838, -243.58696474660644, 51.379849314883934, 0.1456656491126651)
(9.647913217544556, -599.6109399939838, -243.58696474660644, 51.379849314883934, 0.1456656491126651)
(9.687916994094849, -599.6109399939838, -243.58696474660644, 51.379849314883934, 0.1456656491126651)
(9.728199481964111, -599.6109399939838, -243.58696474660644, 51.379849314883934, 0.1675914325300063)
(9.768507719039917, -599.6109399939838, -243.58696474660644, 51.379849314883934, 0.1675914325300063)
(9.808138608932495, -599.6109399939838, -243.58696474660644, 51.379849314883934, 0.1675914325300063)
(9.848026037216187, -599.6406796255161, -243.45144925421363, 51.55272525214467, 0.13966268620021438)
(9.888041019439697, -599.6406796255161, -243.45144925421363, 51.55272525214467, 0.13966268620021438)
(9.928471803665161, -599.6406796255161, -243.45144925421363, 51.55272525214467, 0.1533000688252386)
(9.968554735183716, -599.6406796255161, -243.45144925421363, 51.55272525214467, 0.1533000688252386)
(10.008183240890503, -599.6406796255161, -243.45144925421363, 51.55272525214467, 0.1533000688252386)
(10.048325300216675, -599.5801965241448, -243.55540565407404, 51.68209729665127, 0.13962367329209613)
(10.088314294815063, -599.5801965241448, -243.55540565407404, 51.68209729665127, 0.13962367329209613)
(10.128472328186035, -599.5801965241448, -243.55540565407404, 51.68209729665127, 0.1560343030935094)
(10.170148134231567, -599.5801965241448, -243.55540565407404, 51.68209729665127, 0.1560343030935094)
(10.208760976791382, -599.5801965241448, -243.55540565407404, 51.68209729665127, 0.1560343030935094)
(10.248573064804077, -599.963861133412, -243.91722765434344, 51.892737179201546, 0.16084698273904863)
(10.28830099105835, -599.963861133412, -243.91722765434344, 51.892737179201546, 0.16084698273904863)
(10.32888913154602, -599.963861133412, -243.91722765434344, 51.892737179201546, 0.20600512425551543)
(10.368727922439575, -599.963861133412, -243.91722765434344, 51.892737179201546, 0.20600512425551543)
(10.408699035644531, -599.963861133412, -243.91722765434344, 51.892737179201546, 0.20600512425551543)
(10.448492288589478, -600.1838431240666, -244.4484499922742, 51.968407629832875, 0.20549869181623137)
(10.488500118255615, -600.1838431240666, -244.4484499922742, 51.968407629832875, 0.2088185069790498)
(10.528865814208984, -600.1838431240666, -244.4484499922742, 51.968407629832875, 0.2088185069790498)
(10.568959712982178, -600.1838431240666, -244.4484499922742, 51.968407629832875, 0.2088185069790498)
(10.608808755874634, -600.2641324983891, -244.49883669292697, 51.70062058209027, 0.22036282291467302)
(10.648813724517822, -600.2641324983891, -244.49883669292697, 51.70062058209027, 0.22036282291467302)
(10.688683986663818, -600.2641324983891, -244.49883669292697, 51.70062058209027, 0.2037586133356193)
(10.72900915145874, -600.2641324983891, -244.49883669292697, 51.70062058209027, 0.2037586133356193)
(10.769047021865845, -600.2641324983891, -244.49883669292697, 51.70062058209027, 0.2037586133356193)
(10.808986902236938, -599.9665913759985, -245.07032761906234, 51.27384344007385, 0.18919706911828982)
(10.848776578903198, -599.9665913759985, -245.07032761906234, 51.27384344007385, 0.18919706911828982)
(10.888820171356201, -599.9665913759985, -245.07032761906234, 51.27384344007385, 0.20612001107992484)
(10.92918062210083, -599.9665913759985, -245.07032761906234, 51.27384344007385, 0.20612001107992484)
(10.969152450561523, -599.9665913759985, -245.07032761906234, 51.27384344007385, 0.20612001107992484)
(11.009050130844116, -599.7727490674146, -245.54965633109356, 51.23805183413812, 0.1826973758625492)
(11.048925161361694, -599.7727490674146, -245.54965633109356, 51.23805183413812, 0.1826973758625492)
(11.089065074920654, -599.7727490674146, -245.54965633109356, 51.23805183413812, 0.1826973758625492)
(11.12922978401184, -599.7727490674146, -245.54965633109356, 51.23805183413812, 0.2167663940287916)
(11.169490575790405, -599.7727490674146, -245.54965633109356, 51.23805183413812, 0.2167663940287916)
(11.209207773208618, -599.4169361004436, -245.91815504741348, 51.52300318189479, 0.24018967475764086)
(11.249058961868286, -599.4169361004436, -245.91815504741348, 51.52300318189479, 0.24018967475764086)
(11.289009809494019, -599.4169361004436, -245.91815504741348, 51.52300318189479, 0.24018967475764086)
(11.329324007034302, -599.4169361004436, -245.91815504741348, 51.52300318189479, 0.27639045826795083)
(11.36939287185669, -599.4169361004436, -245.91815504741348, 51.52300318189479, 0.27639045826795083)
(11.409273386001587, -599.0463763512229, -246.4794298762141, 51.561471913863365, 0.3050298343173594)
(11.449176788330078, -599.0463763512229, -246.4794298762141, 51.561471913863365, 0.3050298343173594)
(11.489149570465088, -599.0463763512229, -246.4794298762141, 51.561471913863365, 0.3050298343173594)
(11.529540538787842, -599.0463763512229, -246.4794298762141, 51.561471913863365, 0.3052769577648249)
(11.569539308547974, -599.0463763512229, -246.4794298762141, 51.561471913863365, 0.3052769577648249)
(11.609445571899414, -598.9955002789577, -246.5993512648388, 51.36655949852109, 0.308446586658107)
(11.649341821670532, -598.9955002789577, -246.5993512648388, 51.36655949852109, 0.308446586658107)
(11.689408302307129, -598.9955002789577, -246.5993512648388, 51.36655949852109, 0.308446586658107)
(11.729610681533813, -598.9955002789577, -246.5993512648388, 51.36655949852109, 0.28388971317489364)
(11.769758701324463, -598.9955002789577, -246.5993512648388, 51.36655949852109, 0.28388971317489364)
(11.809671878814697, -599.2714678039719, -246.13652655171217, 51.09613774158718, 0.26053086911722545)
(11.849509954452515, -599.2714678039719, -246.13652655171217, 51.09613774158718, 0.26053086911722545)
(11.88949179649353, -599.2714678039719, -246.13652655171217, 51.09613774158718, 0.26053086911722545)
(11.929866075515747, -599.2714678039719, -246.13652655171217, 51.09613774158718, 0.25251332585688147)
(11.970145463943481, -599.2714678039719, -246.13652655171217, 51.09613774158718, 0.25251332585688147)
(12.00964879989624, -599.2714678039719, -246.13652655171217, 51.09613774158718, 0.25251332585688147)
(12.049703121185303, -599.5480910719999, -245.98529214770133, 50.52993324625224, 0.22509350100554926)
(12.08965516090393, -599.5480910719999, -245.98529214770133, 50.52993324625224, 0.22509350100554926)
(12.129997253417969, -599.5480910719999, -245.98529214770133, 50.52993324625224, 0.2454648804576003)
(12.170130491256714, -599.5480910719999, -245.98529214770133, 50.52993324625224, 0.2454648804576003)
(12.210571050643921, -599.5480910719999, -245.98529214770133, 50.52993324625224, 0.2454648804576003)
(12.249850511550903, -599.6312939370036, -246.07850057436016, 49.997329570153056, 0.2519798544002967)
(12.29010820388794, -599.6312939370036, -246.07850057436016, 49.997329570153056, 0.2519798544002967)
(12.33031940460205, -599.6312939370036, -246.07850057436016, 49.997329570153056, 0.2822809998790987)
(12.370492696762085, -599.6312939370036, -246.07850057436016, 49.997329570153056, 0.2822809998790987)
(12.410351037979126, -599.6312939370036, -246.07850057436016, 49.997329570153056, 0.2822809998790987)
(12.450024843215942, -599.8171012891482, -246.07215751749084, 50.03217095048025, 0.26659568463337635)
(12.490012407302856, -599.8171012891482, -246.07215751749084, 50.03217095048025, 0.26659568463337635)
(12.53044056892395, -599.8171012891482, -246.07215751749084, 50.03217095048025, 0.2834441640078076)
(12.570578813552856, -599.8171012891482, -246.07215751749084, 50.03217095048025, 0.2834441640078076)
(12.610345125198364, -599.8171012891482, -246.07215751749084, 50.03217095048025, 0.2834441640078076)
(12.65021538734436, -599.8322003588466, -246.32413553622058, 50.48140706500529, 0.3232781391303625)
(12.6903395652771, -599.8322003588466, -246.32413553622058, 50.48140706500529, 0.30887961568311795)
(12.730634450912476, -599.8322003588466, -246.32413553622058, 50.48140706500529, 0.30887961568311795)
(12.770633935928345, -599.8322003588466, -246.32413553622058, 50.48140706500529, 0.30887961568311795)
(12.81053876876831, -599.4846086716067, -246.84423502535054, 50.74940541634614, 0.3158456801124174)
(12.85036849975586, -599.4846086716067, -246.84423502535054, 50.74940541634614, 0.3158456801124174)
(12.89045524597168, -599.4846086716067, -246.84423502535054, 50.74940541634614, 0.3449782945299731)
(12.930667400360107, -599.4846086716067, -246.84423502535054, 50.74940541634614, 0.3449782945299731)
(12.9708890914917, -599.4846086716067, -246.84423502535054, 50.74940541634614, 0.3449782945299731)
(13.01089334487915, -599.3957722192254, -247.5765490093703, 50.87930864690501, 0.3504584331605187)
(13.050804853439331, -599.3957722192254, -247.5765490093703, 50.87930864690501, 0.3504584331605187)
(13.09096360206604, -599.3957722192254, -247.5765490093703, 50.87930864690501, 0.32605159408386086)
(13.131190538406372, -599.3957722192254, -247.5765490093703, 50.87930864690501, 0.32605159408386086)
(13.171157360076904, -599.3957722192254, -247.5765490093703, 50.87930864690501, 0.32605159408386086)
(13.211357831954956, -598.9226613213606, -248.65384332918393, 51.027665626169515, 0.30747729716758343)
(13.250910520553589, -598.9226613213606, -248.65384332918393, 51.027665626169515, 0.30747729716758343)
(13.291428565979004, -598.9226613213606, -248.65384332918393, 51.027665626169515, 0.30747729716758343)
(13.331005573272705, -598.9226613213606, -248.65384332918393, 51.027665626169515, 0.288401817310028)
(13.371077537536621, -598.9226613213606, -248.65384332918393, 51.027665626169515, 0.288401817310028)
(13.411028861999512, -598.63014163914, -249.32780622304918, 51.15010908093887, 0.253618567159112)
(13.451171398162842, -598.63014163914, -249.32780622304918, 51.15010908093887, 0.253618567159112)
(13.491036891937256, -598.63014163914, -249.32780622304918, 51.15010908093887, 0.253618567159112)
(13.53116250038147, -598.63014163914, -249.32780622304918, 51.15010908093887, 0.26608596872139856)
(13.571192502975464, -598.63014163914, -249.32780622304918, 51.15010908093887, 0.26608596872139856)
(13.611182451248169, -599.4516011329446, -249.67147936510676, 51.15615687241412, 0.23597939509236454)
(13.651259422302246, -599.4516011329446, -249.67147936510676, 51.15615687241412, 0.23597939509236454)
(13.691195249557495, -599.4516011329446, -249.67147936510676, 51.15615687241412, 0.23597939509236454)
(13.7312753200531, -599.4516011329446, -249.67147936510676, 51.15615687241412, 0.24878038262458801)
(13.771363019943237, -599.4516011329446, -249.67147936510676, 51.15615687241412, 0.24878038262458801)
(13.811514139175415, -600.205027496148, -249.9164088139729, 50.66373590511187, 0.24290232382376686)
(13.851186037063599, -600.205027496148, -249.9164088139729, 50.66373590511187, 0.24290232382376686)
(13.891194820404053, -600.205027496148, -249.9164088139729, 50.66373590511187, 0.24290232382376686)
(13.931368589401245, -600.205027496148, -249.9164088139729, 50.66373590511187, 0.2204681066771812)
(13.971745729446411, -600.205027496148, -249.9164088139729, 50.66373590511187, 0.2204681066771812)
(14.011684656143188, -600.872421125691, -250.08164067511467, 50.09806390452761, 0.23612873408056956)
(14.051339149475098, -600.872421125691, -250.08164067511467, 50.09806390452761, 0.23612873408056956)
(14.091402530670166, -600.872421125691, -250.08164067511467, 50.09806390452761, 0.23612873408056956)
(14.131550788879395, -600.872421125691, -250.08164067511467, 50.09806390452761, 0.21268273471529753)
(14.171763896942139, -600.872421125691, -250.08164067511467, 50.09806390452761, 0.21268273471529753)
(14.211554050445557, -600.872421125691, -250.08164067511467, 50.09806390452761, 0.21268273471529753)
(14.251412868499756, -601.2368852954107, -250.2584214437893, 49.83482599727744, 0.1898227539136279)
(14.291642189025879, -601.2368852954107, -250.2584214437893, 49.83482599727744, 0.1898227539136279)
(14.331695556640625, -601.2368852954107, -250.2584214437893, 49.83482599727744, 0.1659939105574857)
(14.371857404708862, -601.2368852954107, -250.2584214437893, 49.83482599727744, 0.1659939105574857)
(14.411635875701904, -601.2368852954107, -250.2584214437893, 49.83482599727744, 0.1659939105574857)
(14.451706886291504, -601.3557966387058, -250.62899412642045, 49.88988710046695, 0.14658817338681018)
(14.491835117340088, -601.3557966387058, -250.62899412642045, 49.88988710046695, 0.14658817338681018)
(14.532102108001709, -601.3557966387058, -250.62899412642045, 49.88988710046695, 0.13526781647411923)
(14.57197880744934, -601.3557966387058, -250.62899412642045, 49.88988710046695, 0.13526781647411923)
(14.611874103546143, -601.3557966387058, -250.62899412642045, 49.88988710046695, 0.13526781647411923)
(14.651825904846191, -600.7391002692684, -251.02367409558804, 50.24822728495412, 0.14677562403196376)
(14.691850423812866, -600.7391002692684, -251.02367409558804, 50.24822728495412, 0.14677562403196376)
(14.732464075088501, -600.7391002692684, -251.02367409558804, 50.24822728495412, 0.20760020363270115)
(14.77202820777893, -600.7391002692684, -251.02367409558804, 50.24822728495412, 0.20760020363270115)
(14.811935186386108, -599.7900579975685, -251.55920050890785, 50.47303038683357, 0.2724768061985401)
(14.851926565170288, -599.7900579975685, -251.55920050890785, 50.47303038683357, 0.2724768061985401)
(14.89253044128418, -599.7900579975685, -251.55920050890785, 50.47303038683357, 0.316688175292569)
(14.932246923446655, -599.7900579975685, -251.55920050890785, 50.47303038683357, 0.316688175292569)
(14.97237229347229, -599.7900579975685, -251.55920050890785, 50.47303038683357, 0.316688175292569)
(15.012423992156982, -598.8511312592099, -252.07327340924473, 50.52629402630841, 0.33727096044786364)
(15.052390813827515, -598.8511312592099, -252.07327340924473, 50.52629402630841, 0.33727096044786364)
(15.093005180358887, -598.8511312592099, -252.07327340924473, 50.52629402630841, 0.36336609036001377)
(15.132613182067871, -598.8511312592099, -252.07327340924473, 50.52629402630841, 0.36336609036001377)
(15.172501802444458, -598.8511312592099, -252.07327340924473, 50.52629402630841, 0.36336609036001377)
(15.212599515914917, -598.5289710079552, -252.49555873740786, 50.845505103247035, 0.3301021336279959)
(15.25252652168274, -598.5289710079552, -252.49555873740786, 50.845505103247035, 0.3301021336279959)
(15.292734146118164, -598.5289710079552, -252.49555873740786, 50.845505103247035, 0.3750234023890293)
(15.332868337631226, -598.5289710079552, -252.49555873740786, 50.845505103247035, 0.3750234023890293)
(15.37291407585144, -598.5289710079552, -252.49555873740786, 50.845505103247035, 0.3750234023890293)
(15.412750244140625, -598.6681542030483, -253.1224265188053, 51.11757807127714, 0.3699964725824252)
(15.452815294265747, -598.6681542030483, -253.1224265188053, 51.11757807127714, 0.3699964725824252)
(15.492842674255371, -598.6681542030483, -253.1224265188053, 51.11757807127714, 0.3478168047426031)
(15.533052682876587, -598.6681542030483, -253.1224265188053, 51.11757807127714, 0.3478168047426031)
(15.573143482208252, -598.6681542030483, -253.1224265188053, 51.11757807127714, 0.3478168047426031)
(15.613048791885376, -599.1725945497085, -254.05163853642728, 50.78260456201949, 0.371586133450414)
(15.652920961380005, -599.1725945497085, -254.05163853642728, 50.78260456201949, 0.371586133450414)
(15.692870855331421, -599.1725945497085, -254.05163853642728, 50.78260456201949, 0.371586133450414)
(15.73324728012085, -599.1725945497085, -254.05163853642728, 50.78260456201949, 0.38445890395290405)
(15.77325701713562, -599.1725945497085, -254.05163853642728, 50.78260456201949, 0.38445890395290405)
(15.813268899917603, -600.5025797736495, -255.1376132065352, 50.40773825211316, 0.365402193087796)
(15.85314393043518, -600.5025797736495, -255.1376132065352, 50.40773825211316, 0.365402193087796)
(15.893566846847534, -600.5025797736495, -255.1376132065352, 50.40773825211316, 0.365402193087796)
(15.933547496795654, -600.5025797736495, -255.1376132065352, 50.40773825211316, 0.3906914152473746)
(15.973989725112915, -600.5025797736495, -255.1376132065352, 50.40773825211316, 0.3906914152473746)
(16.014227151870728, -601.6053444309207, -255.73543422293392, 50.601631041512306, 0.3544274718403848)
(16.054331064224243, -601.6053444309207, -255.73543422293392, 50.601631041512306, 0.3544274718403848)
(16.094067335128784, -601.6053444309207, -255.73543422293392, 50.601631041512306, 0.3544274718403848)
(16.13423991203308, -601.6053444309207, -255.73543422293392, 50.601631041512306, 0.3489325839215738)
(16.174318552017212, -601.6053444309207, -255.73543422293392, 50.601631041512306, 0.3489325839215738)
(16.214206218719482, -602.713441699345, -255.9465402607992, 51.20407097568024, 0.33413335601308347)
(16.25407910346985, -602.713441699345, -255.9465402607992, 51.20407097568024, 0.33413335601308347)
(16.294496297836304, -602.713441699345, -255.9465402607992, 51.20407097568024, 0.33413335601308347)
(16.3345844745636, -602.713441699345, -255.9465402607992, 51.20407097568024, 0.28184474135025894)
(16.374444007873535, -602.713441699345, -255.9465402607992, 51.20407097568024, 0.28184474135025894)
(16.414340019226074, -602.713441699345, -255.9465402607992, 51.20407097568024, 0.28184474135025894)
(16.454269409179688, -602.6576688978237, -255.74410664961187, 51.38282686697902, 0.3112672585103198)
(16.494452714920044, -602.6576688978237, -255.74410664961187, 51.38282686697902, 0.3112672585103198)
(16.534571170806885, -602.6576688978237, -255.74410664961187, 51.38282686697902, 0.3063980552323713)
(16.574454307556152, -602.6576688978237, -255.74410664961187, 51.38282686697902, 0.3063980552323713)
(16.61435866355896, -602.6576688978237, -255.74410664961187, 51.38282686697902, 0.3063980552323713)
(16.654372692108154, -602.1299755986707, -255.83704086491804, 51.23936895058014, 0.3296855438021389)
(16.69469404220581, -602.1299755986707, -255.83704086491804, 51.23936895058014, 0.3296855438021389)
(16.734715461730957, -602.1299755986707, -255.83704086491804, 51.23936895058014, 0.3718120032876513)
(16.774595499038696, -602.1299755986707, -255.83704086491804, 51.23936895058014, 0.3718120032876513)
(16.814464569091797, -602.1299755986707, -255.83704086491804, 51.23936895058014, 0.3718120032876513)
(16.85444736480713, -601.5338630718094, -256.1057491194118, 50.98236147311525, 0.34171207933575687)
(16.894709587097168, -601.5338630718094, -256.1057491194118, 50.98236147311525, 0.3489580484480399)
(16.93489170074463, -601.5338630718094, -256.1057491194118, 50.98236147311525, 0.3489580484480399)
(16.974733352661133, -601.5338630718094, -256.1057491194118, 50.98236147311525, 0.3489580484480399)
(17.01468515396118, -599.496552478844, -256.4352304824167, 51.16076442519889, 0.3533553056712826)
(17.054548501968384, -599.496552478844, -256.4352304824167, 51.16076442519889, 0.3533553056712826)
(17.095337867736816, -599.496552478844, -256.4352304824167, 51.16076442519889, 0.33739640306151486)
(17.1353440284729, -599.496552478844, -256.4352304824167, 51.16076442519889, 0.33739640306151486)
(17.175229787826538, -599.496552478844, -256.4352304824167, 51.16076442519889, 0.33739640306151486)
(17.21523141860962, -597.5755692006056, -257.05424915896765, 51.911056277485514, 0.38165958622899154)
(17.25527000427246, -597.5755692006056, -257.05424915896765, 51.911056277485514, 0.38165958622899154)
(17.29540467262268, -597.5755692006056, -257.05424915896765, 51.911056277485514, 0.4258307692303589)
(17.83629846572876, -594.8627072819124, -259.86367112936534, 51.12612598663648, 0.31650893150571235)
(18.35316300392151, -596.0682522317637, -260.8914966233345, 50.354055400150216, 0.3847341668179389)
(18.39328122138977, -596.0682522317637, -260.8914966233345, 50.354055400150216, 0.3847341668179389)
(18.433456659317017, -598.0314453884896, -260.33548860556306, 50.77644703030222, 0.37502071889485933)
(18.473411321640015, -598.0314453884896, -260.33548860556306, 50.77644703030222, 0.37502071889485933)
(18.513184309005737, -598.0314453884896, -260.33548860556306, 50.77644703030222, 0.37502071889485933)
(18.55320143699646, -598.0314453884896, -260.33548860556306, 50.77644703030222, 1.9743867445775258)
(18.593290328979492, -598.0314453884896, -260.33548860556306, 50.77644703030222, 1.9743867445775258)
(18.633410692214966, -601.3575488135339, -258.868735919379, 50.79654442335931, 5.455821468213728)
(18.673551321029663, -601.3575488135339, -258.868735919379, 50.79654442335931, 5.455821468213728)
(18.71330213546753, -601.3575488135339, -258.868735919379, 50.79654442335931, 5.455821468213728)
(18.753392934799194, -601.3575488135339, -258.868735919379, 50.79654442335931, 8.939432695881806)
(18.79338049888611, -601.3575488135339, -258.868735919379, 50.79654442335931, 8.939432695881806)
(18.833719968795776, -604.4220867958853, -257.1923051942525, 50.20680884613762, 12.434084700212356)
(18.873533725738525, -604.4220867958853, -257.1923051942525, 50.20680884613762, 12.434084700212356)
(18.91346764564514, -604.4220867958853, -257.1923051942525, 50.20680884613762, 12.434084700212356)
(18.953645706176758, -604.4220867958853, -257.1923051942525, 50.20680884613762, 15.888231582235793)
(18.993467092514038, -606.9313341676054, -254.79209049164157, 49.68580853696003, 12.502424596623444)
(19.033777236938477, -606.9313341676054, -254.79209049164157, 49.68580853696003, 12.502424596623444)
(19.073750495910645, -606.9313341676054, -254.79209049164157, 49.68580853696003, 12.502424596623444)
(19.11360740661621, -606.9313341676054, -254.79209049164157, 49.68580853696003, 14.47831026946725)
(19.153687953948975, -606.9313341676054, -254.79209049164157, 49.68580853696003, 14.47831026946725)
(19.193761825561523, -608.3939072413904, -250.917648271409, 49.623396084468965, 16.54466365540548)
(19.23414134979248, -608.3939072413904, -250.917648271409, 49.623396084468965, 16.54466365540548)
(19.27410316467285, -608.3939072413904, -250.917648271409, 49.623396084468965, 16.54466365540548)
(19.313743829727173, -608.3939072413904, -250.917648271409, 49.623396084468965, 18.916786108108834)
(19.353752374649048, -608.3939072413904, -250.917648271409, 49.623396084468965, 18.916786108108834)
(19.39388942718506, -607.0113716606838, -246.56300878611196, 49.82672850594682, 20.41310892488227)
(19.434088230133057, -607.0113716606838, -246.56300878611196, 49.82672850594682, 20.41310892488227)
(19.474262237548828, -607.0113716606838, -246.56300878611196, 49.82672850594682, 20.41310892488227)
(19.514068126678467, -607.0113716606838, -246.56300878611196, 49.82672850594682, 20.75059125336435)
(19.553908109664917, -607.0113716606838, -246.56300878611196, 49.82672850594682, 20.75059125336435)
(19.593981981277466, -603.9899676494975, -241.8220005633322, 50.07920545869206, 21.672514184653497)
(19.634278297424316, -603.9899676494975, -241.8220005633322, 50.07920545869206, 21.672514184653497)
(19.67434048652649, -603.9899676494975, -241.8220005633322, 50.07920545869206, 21.672514184653497)
(19.71427822113037, -603.9899676494975, -241.8220005633322, 50.07920545869206, 22.025607499285282)
(19.75410747528076, -603.9899676494975, -241.8220005633322, 50.07920545869206, 22.025607499285282)
(19.794323682785034, -603.9899676494975, -241.8220005633322, 50.07920545869206, 22.025607499285282)
(19.83444571495056, -599.9504290702712, -236.92134391887748, 50.52661312211713, 22.284283658010573)
(19.87460708618164, -599.9504290702712, -236.92134391887748, 50.52661312211713, 22.284283658010573)
(19.914453744888306, -599.9504290702712, -236.92134391887748, 50.52661312211713, 21.850833460583452)
(19.954530715942383, -599.9504290702712, -236.92134391887748, 50.52661312211713, 21.850833460583452)
(19.994733095169067, -599.9504290702712, -236.92134391887748, 50.52661312211713, 21.850833460583452)
(20.034483194351196, -594.9293118532427, -232.1232078615426, 51.22619554009216, 20.761113843466)
(20.074844360351562, -594.9293118532427, -232.1232078615426, 51.22619554009216, 20.761113843466)
(20.114702463150024, -594.9293118532427, -232.1232078615426, 51.22619554009216, 20.016630701582834)
(20.154565572738647, -594.9293118532427, -232.1232078615426, 51.22619554009216, 20.016630701582834)
(20.19475817680359, -594.9293118532427, -232.1232078615426, 51.22619554009216, 20.016630701582834)
(20.234943151474, -590.5373704005297, -226.53862481233352, 51.94476858987888, 19.790739059020808)
(20.275178909301758, -590.5373704005297, -226.53862481233352, 51.94476858987888, 19.790739059020808)
(20.315062522888184, -590.5373704005297, -226.53862481233352, 51.94476858987888, 19.491376317103153)
(20.35499119758606, -590.5373704005297, -226.53862481233352, 51.94476858987888, 19.491376317103153)
(20.395054817199707, -590.5373704005297, -226.53862481233352, 51.94476858987888, 19.491376317103153)
(20.43529510498047, -586.965900101198, -220.3946526484192, 52.17896352907238, 19.156420128758164)
(20.47546076774597, -586.965900101198, -220.3946526484192, 52.17896352907238, 19.156420128758164)
(20.515238285064697, -586.965900101198, -220.3946526484192, 52.17896352907238, 18.80385986722781)
(20.555203914642334, -586.965900101198, -220.3946526484192, 52.17896352907238, 18.80385986722781)
(20.59548568725586, -586.965900101198, -220.3946526484192, 52.17896352907238, 18.80385986722781)
(20.6355562210083, -584.5186323340841, -214.40707405137275, 52.270405116784346, 18.703341370185232)
(20.675665378570557, -584.5186323340841, -214.40707405137275, 52.270405116784346, 18.703341370185232)
(20.715487241744995, -584.5186323340841, -214.40707405137275, 52.270405116784346, 18.703341370185232)
(20.7553448677063, -584.5186323340841, -214.40707405137275, 52.270405116784346, 18.61495712626251)
(20.795652389526367, -584.5186323340841, -214.40707405137275, 52.270405116784346, 18.61495712626251)
(20.835790157318115, -583.6621381670362, -207.43934528023044, 52.32894467422378, 18.618131029619757)
(20.87572193145752, -583.6621381670362, -207.43934528023044, 52.32894467422378, 18.618131029619757)
(20.91550636291504, -583.6621381670362, -207.43934528023044, 52.32894467422378, 18.618131029619757)
(20.95551300048828, -583.6621381670362, -207.43934528023044, 52.32894467422378, 18.640164138463916)
(20.995810985565186, -583.6621381670362, -207.43934528023044, 52.32894467422378, 18.640164138463916)
(21.035927772521973, -583.7934719890567, -200.02650019282868, 52.97935241363871, 18.727722481120672)
(21.076342344284058, -583.7934719890567, -200.02650019282868, 52.97935241363871, 18.727722481120672)
(21.116089820861816, -583.7934719890567, -200.02650019282868, 52.97935241363871, 18.628694017177818)
(21.156068086624146, -583.7934719890567, -200.02650019282868, 52.97935241363871, 18.628694017177818)
(21.19663906097412, -584.7367404702762, -192.20753520434965, 53.865166721841234, 18.435771543486354)
(21.23651146888733, -584.7367404702762, -192.20753520434965, 53.865166721841234, 18.435771543486354)
(21.276643991470337, -584.7367404702762, -192.20753520434965, 53.865166721841234, 18.435771543486354)
(21.316417932510376, -584.7367404702762, -192.20753520434965, 53.865166721841234, 18.15983280808028)
(21.35629653930664, -584.7367404702762, -192.20753520434965, 53.865166721841234, 18.15983280808028)
(21.396570920944214, -585.9946960534744, -184.33009772777137, 54.415984540572026, 17.854364966965296)
(21.436699867248535, -585.9946960534744, -184.33009772777137, 54.415984540572026, 17.854364966965296)
(21.476642847061157, -585.9946960534744, -184.33009772777137, 54.415984540572026, 17.854364966965296)
(21.51637363433838, -585.9946960534744, -184.33009772777137, 54.415984540572026, 17.367743703887918)
(21.556402921676636, -585.9946960534744, -184.33009772777137, 54.415984540572026, 17.367743703887918)
(21.597071409225464, -586.8931772321142, -177.6304146288864, 54.325526128191825, 16.749479888494584)
(21.63681983947754, -586.8931772321142, -177.6304146288864, 54.325526128191825, 16.749479888494584)
(21.67688226699829, -586.8931772321142, -177.6304146288864, 54.325526128191825, 16.749479888494584)
(21.716795682907104, -586.8931772321142, -177.6304146288864, 54.325526128191825, 16.399485290851842)
(21.756666660308838, -586.8931772321142, -177.6304146288864, 54.325526128191825, 16.399485290851842)
(21.797499895095825, -586.8931772321142, -177.6304146288864, 54.325526128191825, 16.399485290851842)
(21.837024211883545, -588.1444780432013, -170.56208767837524, 53.71142924572541, 15.788795601385)
(21.876938581466675, -588.1444780432013, -170.56208767837524, 53.71142924572541, 15.788795601385)
(21.91678023338318, -588.1444780432013, -170.56208767837524, 53.71142924572541, 15.20222645008942)
(21.956886768341064, -588.1444780432013, -170.56208767837524, 53.71142924572541, 15.20222645008942)
(21.99713683128357, -588.1444780432013, -170.56208767837524, 53.71142924572541, 15.20222645008942)
(22.036907196044922, -588.1517434402479, -164.3204423963711, 53.47286662263855, 15.074609969890616)
(22.07719850540161, -588.1517434402479, -164.3204423963711, 53.47286662263855, 15.074609969890616)
(22.11727213859558, -588.1517434402479, -164.3204423963711, 53.47286662263855, 15.30899339475097)
(22.157206058502197, -588.1517434402479, -164.3204423963711, 53.47286662263855, 15.30899339475097)
(22.19755244255066, -588.1517434402479, -164.3204423963711, 53.47286662263855, 15.30899339475097)
(22.237557649612427, -587.727626795064, -159.23356283175298, 52.77942109387915, 15.519583818812743)
(22.277477025985718, -587.727626795064, -159.23356283175298, 52.77942109387915, 15.519583818812743)
(22.317288398742676, -587.727626795064, -159.23356283175298, 52.77942109387915, 15.665480175494388)
(22.35733127593994, -587.727626795064, -159.23356283175298, 52.77942109387915, 15.665480175494388)
(22.397886753082275, -587.727626795064, -159.23356283175298, 52.77942109387915, 15.665480175494388)
(22.437713384628296, -587.7371404489176, -154.23587693078633, 51.955149455787435, 15.82797391777305)
(22.477681636810303, -587.7371404489176, -154.23587693078633, 51.955149455787435, 15.82797391777305)
(22.5175142288208, -587.7371404489176, -154.23587693078633, 51.955149455787435, 16.096688633465174)
(22.557430744171143, -587.7371404489176, -154.23587693078633, 51.955149455787435, 16.096688633465174)
(22.59770965576172, -587.7371404489176, -154.23587693078633, 51.955149455787435, 16.096688633465174)
(22.637857675552368, -587.3247756950831, -149.03871845295734, 51.62716166321963, 16.355371623363116)
(22.677766799926758, -587.3247756950831, -149.03871845295734, 51.62716166321963, 16.355371623363116)
(22.717446327209473, -587.3247756950831, -149.03871845295734, 51.62716166321963, 16.355371623363116)
(22.7575364112854, -587.3247756950831, -149.03871845295734, 51.62716166321963, 16.440885011228936)
(22.797872066497803, -587.3247756950831, -149.03871845295734, 51.62716166321963, 16.440885011228936)
(22.838062047958374, -587.1955042916201, -144.09546674900986, 51.43029272762329, 16.27742731327593)
(22.87808585166931, -587.1955042916201, -144.09546674900986, 51.43029272762329, 16.27742731327593)
(22.917796850204468, -587.1955042916201, -144.09546674900986, 51.43029272762329, 16.27742731327593)
(22.957926750183105, -587.1955042916201, -144.09546674900986, 51.43029272762329, 16.19990397955004)
(22.99824023246765, -587.1955042916201, -144.09546674900986, 51.43029272762329, 16.19990397955004)
(23.038429260253906, -587.9108183917543, -138.57452060100997, 51.41923237878529, 16.408109183494005)
(23.078168869018555, -587.9108183917543, -138.57452060100997, 51.41923237878529, 16.408109183494005)
(23.118093013763428, -587.9108183917543, -138.57452060100997, 51.41923237878529, 16.408109183494005)
(23.158203125, -587.9108183917543, -138.57452060100997, 51.41923237878529, 16.90967548242584)
(23.198365926742554, -588.8359623158468, -133.07700258779386, 51.414134573997565, 17.51228785282531)
(23.238606452941895, -588.8359623158468, -133.07700258779386, 51.414134573997565, 17.51228785282531)
(23.278356552124023, -588.8359623158468, -133.07700258779386, 51.414134573997565, 17.51228785282531)
(23.31828546524048, -588.8359623158468, -133.07700258779386, 51.414134573997565, 17.749241244210737)
(23.35823965072632, -588.8359623158468, -133.07700258779386, 51.414134573997565, 17.749241244210737)
(23.398484468460083, -590.5194946915927, -127.42501368566302, 51.37755142957683, 17.39243434432686)
(23.438542127609253, -590.5194946915927, -127.42501368566302, 51.37755142957683, 17.39243434432686)
(23.478426456451416, -590.5194946915927, -127.42501368566302, 51.37755142957683, 17.39243434432686)
(23.518229484558105, -590.5194946915927, -127.42501368566302, 51.37755142957683, 17.18972329844429)
(23.558282375335693, -590.5194946915927, -127.42501368566302, 51.37755142957683, 17.18972329844429)
(23.598565816879272, -591.3689754431927, -122.46414823633303, 51.50182456227073, 17.53509383046396)
(23.638412714004517, -591.3689754431927, -122.46414823633303, 51.50182456227073, 17.53509383046396)
(23.678353309631348, -591.3689754431927, -122.46414823633303, 51.50182456227073, 17.53509383046396)
(23.718422651290894, -591.3689754431927, -122.46414823633303, 51.50182456227073, 18.085876776224662)
(23.758586406707764, -591.3689754431927, -122.46414823633303, 51.50182456227073, 18.085876776224662)
(23.79859685897827, -592.3378079412005, -117.16315871341928, 51.31842014255404, 18.411020154907245)
(23.838533401489258, -592.3378079412005, -117.16315871341928, 51.31842014255404, 18.411020154907245)
(23.878548860549927, -592.3378079412005, -117.16315871341928, 51.31842014255404, 18.411020154907245)
(23.918468236923218, -592.3378079412005, -117.16315871341928, 51.31842014255404, 18.299503080773714)
(23.959385633468628, -592.3378079412005, -117.16315871341928, 51.31842014255404, 18.299503080773714)
(23.999521017074585, -592.4279722207301, -111.76746396236182, 51.29297758349473, 18.233765409884324)
(24.03856348991394, -592.4279722207301, -111.76746396236182, 51.29297758349473, 18.233765409884324)
(24.0787672996521, -592.4279722207301, -111.76746396236182, 51.29297758349473, 18.233765409884324)
(24.11860728263855, -592.4279722207301, -111.76746396236182, 51.29297758349473, 18.253130883039617)
(24.158900022506714, -592.4279722207301, -111.76746396236182, 51.29297758349473, 18.253130883039617)
(24.199155569076538, -592.4279722207301, -111.76746396236182, 51.29297758349473, 18.253130883039617)
(24.238873720169067, -591.5955778851909, -106.54849088687345, 51.80966596342199, 18.20238694920902)
(24.278902769088745, -591.5955778851909, -106.54849088687345, 51.80966596342199, 18.20238694920902)
(24.318785905838013, -591.5955778851909, -106.54849088687345, 51.80966596342199, 18.220732655991096)
(24.35933566093445, -591.5955778851909, -106.54849088687345, 51.80966596342199, 18.220732655991096)
(24.39910125732422, -591.5955778851909, -106.54849088687345, 51.80966596342199, 18.220732655991096)
(24.439483880996704, -590.4389996899312, -101.16898056067144, 52.10224546256508, 18.325531272073547)
(24.479302644729614, -590.4389996899312, -101.16898056067144, 52.10224546256508, 18.325531272073547)
(24.51942467689514, -590.4389996899312, -101.16898056067144, 52.10224546256508, 18.389503148183955)
(24.559376001358032, -590.4389996899312, -101.16898056067144, 52.10224546256508, 18.389503148183955)
(24.599693536758423, -590.4389996899312, -101.16898056067144, 52.10224546256508, 18.389503148183955)
(24.63956093788147, -590.5987716019146, -95.77936301436739, 52.0067969551567, 18.617540209090297)
(24.67935585975647, -590.5987716019146, -95.77936301436739, 52.0067969551567, 18.617540209090297)
(24.719330310821533, -590.5987716019146, -95.77936301436739, 52.0067969551567, 18.617540209090297)
(24.759507656097412, -590.5987716019146, -95.77936301436739, 52.0067969551567, 18.98078918125904)
(24.79976797103882, -590.5987716019146, -95.77936301436739, 52.0067969551567, 18.98078918125904)
(24.839582204818726, -591.4799130559214, -90.08404462267261, 52.07474446544958, 19.18117409525304)
(24.87954020500183, -591.4799130559214, -90.08404462267261, 52.07474446544958, 19.18117409525304)
(24.919546127319336, -591.4799130559214, -90.08404462267261, 52.07474446544958, 19.18117409525304)
(24.95970630645752, -591.4799130559214, -90.08404462267261, 52.07474446544958, 19.120367968609212)
(24.999785661697388, -591.4799130559214, -90.08404462267261, 52.07474446544958, 19.120367968609212)
(25.039918661117554, -592.040146064213, -85.3941314766413, 52.196245691300376, 18.851334814886833)
(25.079686880111694, -592.040146064213, -85.3941314766413, 52.196245691300376, 18.851334814886833)
(25.11960744857788, -592.040146064213, -85.3941314766413, 52.196245691300376, 18.851334814886833)
(25.160130977630615, -592.040146064213, -85.3941314766413, 52.196245691300376, 18.659426678102157)
(25.199923515319824, -591.9667689306226, -81.06475476811447, 52.28820166625971, 18.791916775075673)
(25.239887952804565, -591.9667689306226, -81.06475476811447, 52.28820166625971, 18.791916775075673)
(25.279908657073975, -591.9667689306226, -81.06475476811447, 52.28820166625971, 18.791916775075673)
(25.320131063461304, -591.9667689306226, -81.06475476811447, 52.28820166625971, 19.273321448734837)
(25.359952449798584, -591.9667689306226, -81.06475476811447, 52.28820166625971, 19.273321448734837)
(25.400110960006714, -591.4849084806739, -77.94518165154585, 52.67374287089837, 19.485347407439402)
(25.440080642700195, -591.4849084806739, -77.94518165154585, 52.67374287089837, 19.485347407439402)
(25.480106830596924, -591.4849084806739, -77.94518165154585, 52.67374287089837, 19.485347407439402)
(25.519976139068604, -591.4849084806739, -77.94518165154585, 52.67374287089837, 18.775013700901827)
(25.560096979141235, -591.4849084806739, -77.94518165154585, 52.67374287089837, 18.775013700901827)
(25.60021138191223, -590.6723736808643, -75.09524795404896, 52.95342997328648, 18.02319910169822)
(25.64016628265381, -590.6723736808643, -75.09524795404896, 52.95342997328648, 18.02319910169822)
(25.68019413948059, -590.6723736808643, -75.09524795404896, 52.95342997328648, 18.02319910169822)
(25.720097541809082, -590.6723736808643, -75.09524795404896, 52.95342997328648, 17.992804066542746)
(25.76033329963684, -590.6723736808643, -75.09524795404896, 52.95342997328648, 17.992804066542746)
(25.800589561462402, -589.6626050545538, -72.57833030329604, 53.08198929375673, 18.56046538138569)
(25.84028673171997, -589.6626050545538, -72.57833030329604, 53.08198929375673, 18.56046538138569)
(25.880371570587158, -589.6626050545538, -72.57833030329604, 53.08198929375673, 18.56046538138569)
(25.920282125473022, -589.6626050545538, -72.57833030329604, 53.08198929375673, 18.75295682786777)
(25.960328578948975, -589.6626050545538, -72.57833030329604, 53.08198929375673, 18.75295682786777)
(26.000615119934082, -589.6626050545538, -72.57833030329604, 53.08198929375673, 18.75295682786777)
(26.0403573513031, -589.7705595895183, -70.278981453704, 53.2328194827114, 18.50300526010467)
(26.080371379852295, -589.7705595895183, -70.278981453704, 53.2328194827114, 18.50300526010467)
(26.120351314544678, -589.7705595895183, -70.278981453704, 53.2328194827114, 17.523921610833895)
(26.1605703830719, -589.7705595895183, -70.278981453704, 53.2328194827114, 17.523921610833895)
(26.20064949989319, -589.7705595895183, -70.278981453704, 53.2328194827114, 17.523921610833895)
(26.240604877471924, -589.2481090850292, -66.89306393463059, 53.45089649583882, 16.72242833758107)
(26.280511617660522, -589.2481090850292, -66.89306393463059, 53.45089649583882, 16.72242833758107)
(26.320454597473145, -589.2481090850292, -66.89306393463059, 53.45089649583882, 16.61215416406258)
(26.360809087753296, -589.2481090850292, -66.89306393463059, 53.45089649583882, 16.61215416406258)
(26.400985717773438, -589.2481090850292, -66.89306393463059, 53.45089649583882, 16.61215416406258)
(26.440717697143555, -589.7548610629766, -63.470586659843875, 53.76023317241476, 16.0632303476539)
(26.480749368667603, -589.7548610629766, -63.470586659843875, 53.76023317241476, 16.0632303476539)
(26.520652770996094, -589.7548610629766, -63.470586659843875, 53.76023317241476, 15.879390096474562)
(26.5607328414917, -589.7548610629766, -63.470586659843875, 53.76023317241476, 15.879390096474562)
(26.60089874267578, -589.7548610629766, -63.470586659843875, 53.76023317241476, 15.879390096474562)
(26.640897274017334, -591.1820840024393, -64.84750530695499, 53.06125621673691, 16.490561934705422)
