Landing point: X Y Z YAW ROLL
16.223808086468328 137.4631229761979 -29.695106433720284 0.17880243528897266 0.17516199117650919
Points: X Y Z
-2.313344124341744 137.4268245696119 -28.35
-1.711178872467526 137.4268245696119 -29.85
-1.259554933561863 137.4268245696119 -29.25
-0.8079309946561998 137.4268245696119 -30.0
-0.6573896816876452 137.4268245696119 -30.9
-0.5068483687190909 137.4268245696119 -28.5
-0.3599061169197338 138.8149743127393 -28.333333333333332
-0.352779263119343 136.0661629402098 -30.297029702970296
-0.20576574278198204 137.4268245696119 -31.05
-0.20576574278198204 137.4268245696119 -31.35
0.09531688315512679 137.4268245696119 -31.05
0.2458581961236812 137.4268245696119 -28.95
0.2458581961236812 137.4268245696119 -29.55
0.3963995090922356 137.4268245696119 -29.85
14.246200302199243 137.4268245696119 -29.7
14.697824241104906 137.4268245696119 -29.1
14.697824241104906 137.4268245696119 -29.7
14.998906867042013 137.4268245696119 -29.4
15.751613431884785 137.4268245696119 -29.1
15.902154744853341 137.4268245696119 -28.65
16.052696057821894 137.4268245696119 -30.15
16.353778683759003 137.4268245696119 -31.35
16.955943935633222 137.4268245696119 -30.0
17.106485248601775 137.4268245696119 -28.65
18.461357065318765 137.4268245696119 -29.85
18.61189837828732 137.4268245696119 -28.95
32.61224048436288 137.4268245696119 -29.1
33.2144057362371 137.4268245696119 -31.05
33.2144057362371 137.4268245696119 -31.35
33.5154883621742 137.4268245696119 -30.6
33.96711230107987 137.4268245696119 -30.9
34.26819492701698 137.4268245696119 -28.8
34.26819492701698 137.4268245696119 -29.55
34.418736239985535 137.4268245696119 -28.2
34.71981886592264 137.4268245696119 -30.15
35.07052410699257 138.8149743127393 -27.87878787878788
35.1714428048283 137.4268245696119 -30.0
35.472525430765415 137.4268245696119 -29.7
36.37577330857674 137.4268245696119 -28.95
