Landing point: X Y Z YAW ROLL
17.491639147111837 177.30933339315263 -29.991248716734546 2.8706844292633775 -0.1766274963562341
Points: X Y Z
-2.3868207505590777 176.18823662770757 -30.192307692307693
-0.6498056009219113 176.18823662770757 -29.423076923076923
-0.2638022343358744 176.18823662770757 -30.192307692307693
-0.26046296554681275 173.95800578431889 -30.759493670886076
0.8942078654222364 176.18823662770757 -29.23076923076923
0.8942078654222364 176.18823662770757 -29.807692307692307
0.8942078654222364 176.18823662770757 -30.192307692307693
14.597327379226549 176.18823662770757 -28.846153846153847
14.597327379226549 176.18823662770757 -29.23076923076923
14.597327379226549 176.18823662770757 -30.0
15.56233579569164 176.18823662770757 -30.0
16.141340845570696 176.18823662770757 -30.384615384615383
17.73274064724668 193.55890784452382 -31.901408450704224
19.036366094965974 176.18823662770757 -29.23076923076923
32.73948560877028 176.18823662770757 -29.03846153846154
32.9324872920633 176.18823662770757 -30.0
33.51149234194236 176.18823662770757 -31.73076923076923
33.70449402523538 176.18823662770757 -30.96153846153846
33.897495708528396 176.18823662770757 -29.23076923076923
35.055505808286505 176.18823662770757 -30.576923076923077
35.248507491579524 176.18823662770757 -28.26923076923077
36.340095393997046 185.71192509407015 -30.60810810810811
