Landing point: X Y Z YAW ROLL
16.252846601749138 145.93456299756974 -10.334996279645676 13.973229605325624 11.545983411013664
Points: X Y Z
-2.0744963901078712 141.67713873155867 -15.309278350515463
-1.9392918598292506 143.1529422600124 -14.375
-0.9984086537757855 143.1529422600124 -13.28125
-0.6777213213274693 141.67713873155867 -13.608247422680412
-0.5225240914629803 141.67713873155867 -14.072164948453608
15.937489055186585 143.1529422600124 -10.0
17.66244159961794 143.1529422600124 -9.21875
19.05162239958789 154.4121624377662 -9.9438202247191
19.544208011724866 143.1529422600124 -8.90625
33.971083837878 143.1529422600124 -6.5625
35.85285024998493 143.1529422600124 -5.15625
36.10402215655645 141.67713873155867 -5.56701030927835
39.37573082870549 173.95800578431889 -8.354430379746836
