Landing point: X Y Z YAW ROLL
12.728556866340599 142.9963990292459 -29.55662323926859 17.992152472216077 -0.7800064798427548
Points: X Y Z
-2.764968063247407 137.4268245696119 -31.2
-2.488773169000301 138.8149743127393 -28.333333333333332
-2.463885437310298 137.4268245696119 -28.8
-2.012261498404635 137.4268245696119 -28.35
-1.6602527228712465 146.19874954214032 -30.79787234042553
-1.5606375594989719 137.4268245696119 -28.95
-0.6640299815026721 138.8149743127393 -28.636363636363637
-0.5068483687190909 137.4268245696119 -28.65
-0.5068483687190909 137.4268245696119 -30.0
-0.3563070557505365 137.4268245696119 -31.05
-0.20576574278198204 137.4268245696119 -28.2
0.4004035445376118 138.8149743127393 -29.09090909090909
13.742094907728498 143.1529422600124 -29.0625
13.742094907728498 143.1529422600124 -30.0
14.99660584913312 143.1529422600124 -30.15625
15.153419716808697 143.1529422600124 -31.25
15.310233584484275 143.1529422600124 -28.4375
15.78832301793896 144.65981533643358 -27.94736842105263
16.094302922862163 143.1529422600124 -28.75
16.105252097872757 144.65981533643358 -31.42105263157895
16.263716637839657 144.65981533643358 -30.31578947368421
17.689897497541754 144.65981533643358 -29.210526315789473
30.86639534917756 149.37698322783902 -29.347826086956523
31.520922796866927 149.37698322783902 -29.02173913043478
31.68455465878927 149.37698322783902 -30.815217391304348
33.15724141609034 149.37698322783902 -29.02173913043478
33.81176886377971 149.37698322783902 -31.304347826086957
33.85246673487937 151.01848853803506 -30.0
34.13903258762439 149.37698322783902 -29.02173913043478
