Landing point: X Y Z YAW ROLL
14.208816149453497 147.8367034352209 -14.762150921861933 21.21828539716459 -0.5601696097508435
Points: X Y Z
-2.695285309565828 141.67713873155867 -13.45360824742268
-2.3605552289201466 140.23145364246113 -15.306122448979592
-2.2069416442583565 140.23145364246113 -15.76530612244898
-1.899714474934776 140.23145364246113 -15.306122448979592
-0.8329185511919585 141.67713873155867 -14.536082474226804
1.3537993613578772 143.1529422600124 -13.75
1.3537993613578772 143.1529422600124 -14.375
17.386351696567182 156.1668461018317 -14.488636363636363
19.084901290768954 149.37698322783902 -14.673913043478262
32.752573355152954 154.4121624377662 -13.820224719101123
32.921720897814254 154.4121624377662 -14.49438202247191
34.44404878176593 154.4121624377662 -14.325842696629213
34.44404878176593 154.4121624377662 -16.01123595505618
35.17759777466907 156.1668461018317 -16.363636363636363
